v 0.000000 0.000000 0.404429
v 0.067261 0.000000 0.411756
v 0.032963 0.056597 0.411382
v -0.031134 0.053672 0.390631
v -0.062664 0.000000 0.391582
v -0.032733 -0.056183 0.408317
v 0.033381 -0.056504 0.408701
v 0.135287 0.000000 0.408532
v 0.119501 0.069673 0.430294
v 0.068326 0.120745 0.432029
v 0.000000 0.130290 0.403328
v -0.060418 0.106674 0.381741
v -0.103320 0.060587 0.375072
v -0.124878 0.000000 0.386134
v -0.113927 -0.065677 0.404053
v -0.066009 -0.113906 0.404280
v 0.000000 -0.129790 0.397876
v 0.066521 -0.111600 0.392281
v 0.116743 -0.065208 0.396846
v 0.203659 0.000000 0.407128
v 0.197504 0.074167 0.430110
v 0.169322 0.148863 0.461496
v 0.110536 0.201213 0.463404
v 0.036394 0.215360 0.435279
v -0.033940 0.198441 0.399634
v -0.093096 0.165621 0.378919
v -0.139241 0.119229 0.366727
v -0.174322 0.064095 0.369148
v -0.197500 0.000000 0.388738
v -0.196337 -0.071203 0.408087
v -0.160600 -0.133454 0.406145
v -0.100687 -0.172467 0.389375
v -0.033848 -0.190395 0.378366
v 0.034217 -0.191239 0.379214
v 0.100946 -0.168277 0.376421
v 0.157002 -0.126305 0.380156
v 0.191885 -0.068715 0.392119
v 0.267143 0.000000 0.382568
v 0.267961 0.074581 0.401817
v 0.258546 0.156022 0.435730
v 0.221223 0.231644 0.457484
v 0.154039 0.276994 0.445450
v 0.076554 0.295535 0.425690
v 0.000000 0.295322 0.411187
v -0.069989 0.265477 0.380346
v -0.130774 0.227355 0.361801
v -0.181153 0.180272 0.350300
v -0.221656 0.126500 0.346792
v -0.255684 0.067651 0.358167
v -0.283008 0.000000 0.387850
v -0.288957 -0.077482 0.412145
v -0.263119 -0.151876 0.418046
v -0.205818 -0.203504 0.394661
v -0.136538 -0.233204 0.368901
v -0.067388 -0.249661 0.354862
v 0.000000 -0.256645 0.352434
v 0.068857 -0.251506 0.355787
v 0.136920 -0.225871 0.353175
v 0.197347 -0.187023 0.357564
v 0.240099 -0.134279 0.365669
v 0.260176 -0.069788 0.371269
v 0.322638 0.000000 0.334174
v 0.332491 0.078779 0.358686
v 0.329453 0.163097 0.379353
v 0.300809 0.244351 0.394206
v 0.242010 0.307794 0.395422
v 0.164069 0.345901 0.385745
v 0.081144 0.362697 0.374386
v 0.000000 0.363837 0.366627
v -0.076450 0.337081 0.346466
v -0.144999 0.295840 0.326434
v -0.205118 0.248635 0.314358
v -0.254509 0.193791 0.305841
v -0.296177 0.136096 0.308525
v -0.333142 0.073493 0.326384
v -0.365645 0.000000 0.362567
v -0.372374 -0.085264 0.383576
v -0.347006 -0.167528 0.386422
v -0.293113 -0.233796 0.375005
v -0.223429 -0.282169 0.361743
v -0.146157 -0.306564 0.341401
v -0.072021 -0.320147 0.329989
v 0.000000 -0.327771 0.329132
v 0.073987 -0.321570 0.328962
v 0.148486 -0.296416 0.324754
v 0.217797 -0.257975 0.323831
v 0.272832 -0.206850 0.326206
v 0.303793 -0.142000 0.323908
v 0.315076 -0.071808 0.322530
v 0.379206 0.000000 0.282020
v 0.388832 0.079031 0.296629
v 0.383052 0.159104 0.302353
v 0.354511 0.232567 0.302297
v 0.305037 0.298232 0.304210
v 0.238337 0.353074 0.307515
v 0.160687 0.391279 0.308547
v 0.079504 0.408693 0.304928
v 0.000000 0.411907 0.302185
v -0.076193 0.388678 0.289311
v -0.148724 0.358530 0.281813
v -0.214734 0.313772 0.271962
v -0.269979 0.256312 0.258647
v -0.318417 0.199551 0.255103
v -0.361344 0.141121 0.262363
v -0.400911 0.077075 0.283619
v -0.431396 0.000000 0.312250
v -0.436570 -0.087922 0.328790
v -0.411104 -0.172564 0.329057
v -0.358288 -0.240712 0.315357
v -0.299050 -0.306398 0.317335
v -0.227396 -0.354662 0.314139
v -0.148287 -0.371471 0.295756
v -0.073630 -0.382924 0.286912
v 0.000000 -0.385747 0.282286
v 0.075398 -0.379626 0.281359
v 0.152458 -0.360144 0.281205
v 0.227660 -0.328919 0.284122
v 0.292078 -0.281114 0.285211
v 0.337600 -0.218980 0.283484
v 0.360070 -0.146543 0.276467
v 0.371645 -0.074253 0.276982
v 0.451312 0.000000 0.232944
v 0.455151 0.081358 0.239918
v 0.439743 0.160141 0.238617
v 0.404973 0.229658 0.232596
v 0.356634 0.292262 0.229840
v 0.294128 0.343288 0.226758
v 0.223809 0.385518 0.226407
v 0.148360 0.411991 0.224187
v 0.073723 0.431807 0.225832
v 0.000000 0.436090 0.225527
v -0.070578 0.412118 0.215366
v -0.140567 0.395664 0.216330
v -0.210613 0.370689 0.219301
v -0.275208 0.326464 0.216794
v -0.329287 0.266840 0.208921
v -0.379360 0.209171 0.209656
v -0.425386 0.149210 0.219342
v -0.460238 0.079354 0.230973
v -0.483643 0.000000 0.246595
v -0.487139 -0.087555 0.258615
v -0.459278 -0.169968 0.254661
v -0.406688 -0.235122 0.239714
v -0.351778 -0.298823 0.237864
v -0.291510 -0.361144 0.243361
v -0.220781 -0.403425 0.241651
v -0.145072 -0.417689 0.230092
v -0.072430 -0.426988 0.223824
v 0.000000 -0.427784 0.219723
v 0.073393 -0.417354 0.216127
v 0.148036 -0.401378 0.216682
v 0.223204 -0.379823 0.222166
v 0.295180 -0.347811 0.230473
v 0.356241 -0.298311 0.236302
v 0.400525 -0.232501 0.237378
v 0.425424 -0.155422 0.231855
v 0.438375 -0.077228 0.226528
v 0.543287 0.000000 0.177084
v 0.534159 0.089525 0.177003
v 0.500481 0.171701 0.171778
v 0.450508 0.241870 0.164661
v 0.394615 0.305582 0.161371
v 0.327177 0.352356 0.155153
v 0.256876 0.392165 0.152073
v 0.182122 0.416116 0.147750
v 0.107799 0.431147 0.145143
v 0.035668 0.445316 0.146898
v -0.034693 0.433530 0.143083
v -0.102046 0.414740 0.140441
v -0.172500 0.406812 0.146078
v -0.245800 0.387477 0.151950
v -0.315209 0.345116 0.152838
v -0.375200 0.285390 0.149739
v -0.433322 0.227317 0.153459
v -0.483251 0.161592 0.160169
v -0.512229 0.083059 0.162251
v -0.542178 0.000000 0.177362
v -0.546837 -0.093699 0.186694
v -0.512767 -0.178916 0.180051
v -0.454264 -0.243987 0.166129
v -0.397123 -0.308750 0.163267
v -0.333873 -0.369908 0.164459
v -0.259000 -0.408095 0.159955
v -0.182547 -0.429600 0.154085
v -0.108637 -0.441935 0.149639
v -0.036543 -0.453680 0.149345
v 0.036450 -0.443745 0.145105
v 0.110161 -0.433940 0.145324
v 0.183123 -0.411606 0.145339
v 0.258004 -0.392211 0.151872
v 0.332768 -0.364625 0.161503
v 0.401760 -0.318868 0.169810
v 0.459045 -0.253153 0.173957
v 0.499070 -0.172109 0.172502
v 0.523434 -0.086435 0.169986
v 0.620824 0.000000 0.095811
v 0.596785 0.092304 0.092705
v 0.546974 0.173065 0.087890
v 0.486295 0.242106 0.083779
v 0.425418 0.305872 0.082119
v 0.358730 0.355751 0.079455
v 0.292642 0.402145 0.078687
v 0.218876 0.425509 0.075395
v 0.143963 0.436023 0.072217
v 0.071319 0.447332 0.071572
v 0.000000 0.443099 0.070149
v -0.068524 0.435229 0.069939
v -0.136600 0.424404 0.070915
v -0.211769 0.425961 0.076369
v -0.291356 0.411560 0.081293
v -0.358334 0.354497 0.079109
v -0.424280 0.298672 0.079599
v -0.492738 0.245163 0.084828
v -0.537866 0.169496 0.085942
v -0.572036 0.088420 0.088750
v -0.610792 0.000000 0.099020
v -0.626018 -0.104027 0.107040
v -0.582951 -0.194467 0.100555
v -0.513308 -0.258618 0.089884
v -0.453833 -0.326901 0.087835
v -0.384569 -0.386084 0.086591
v -0.301253 -0.416882 0.081762
v -0.218350 -0.431343 0.076846
v -0.141087 -0.437254 0.072994
v -0.069759 -0.445014 0.071619
v 0.000000 -0.451223 0.071748
v 0.070582 -0.448344 0.072046
v 0.139677 -0.423813 0.070231
v 0.209467 -0.402801 0.071093
v 0.283277 -0.386173 0.075351
v 0.361431 -0.363655 0.081627
v 0.440973 -0.325220 0.088084
v 0.514787 -0.265202 0.092867
v 0.575196 -0.186864 0.095772
v 0.615520 -0.096684 0.097621
v 0.707950 0.000000 0.000000
v 0.652223 0.102676 0.000000
v 0.571152 0.178928 0.000000
v 0.502627 0.248094 0.000000
v 0.435672 0.310390 0.000000
v 0.368539 0.363703 0.000000
v 0.300635 0.409101 0.000000
v 0.226150 0.433700 0.000000
v 0.149645 0.444961 0.000000
v 0.073718 0.447473 0.000000
v 0.000000 0.439084 0.000000
v -0.071514 0.436970 0.000000
v -0.144013 0.432970 0.000000
v -0.225658 0.443228 0.000000
v -0.304286 0.414049 0.000000
v -0.376652 0.362876 0.000000
v -0.450960 0.314213 -0.000000
v -0.528490 0.263739 0.000000
v -0.582934 0.187001 0.000000
v -0.627953 0.100244 0.000000
v -0.680520 0.000000 0.000000
v -0.665211 -0.110725 0.000000
v -0.609499 -0.200940 0.000000
v -0.541147 -0.270995 -0.000000
v -0.484317 -0.349823 -0.000000
v -0.398188 -0.392468 0.000000
v -0.303561 -0.406280 0.000000
v -0.216609 -0.413337 0.000000
v -0.138511 -0.417538 0.000000
v -0.068312 -0.429858 0.000000
v 0.000000 -0.441159 0.000000
v 0.069119 -0.439568 0.000000
v 0.137371 -0.417499 0.000000
v 0.207049 -0.397282 0.000000
v 0.280279 -0.376895 0.000000
v 0.362189 -0.358102 0.000000
v 0.451812 -0.328372 0.000000
v 0.543018 -0.278357 0.000000
v 0.627424 -0.206196 0.000000
v 0.689678 -0.111292 0.000000
v 0.711991 0.000000 -0.120077
v 0.636203 0.100588 -0.101784
v 0.561539 0.177325 -0.090015
v 0.492814 0.243693 -0.084140
v 0.426690 0.303585 -0.081211
v 0.356825 0.348444 -0.077407
v 0.290241 0.390892 -0.075960
v 0.219101 0.417508 -0.073478
v 0.144266 0.423033 -0.069300
v 0.071743 0.429483 -0.067633
v 0.000000 0.426765 -0.066275
v -0.071606 0.431535 -0.068109
v -0.146031 0.434022 -0.071432
v -0.227567 0.439071 -0.077609
v -0.304829 0.407420 -0.078993
v -0.378683 0.362814 -0.080124
v -0.457171 0.322143 -0.085937
v -0.533590 0.270515 -0.094220
v -0.594832 0.196798 -0.101466
v -0.630144 0.102804 -0.105111
v -0.666707 0.000000 -0.114706
v -0.635823 -0.104398 -0.106962
v -0.594274 -0.196056 -0.100989
v -0.534886 -0.270674 -0.094220
v -0.477441 -0.347304 -0.093622
v -0.384985 -0.375921 -0.083546
v -0.292911 -0.387027 -0.074728
v -0.209756 -0.396092 -0.069469
v -0.135006 -0.405666 -0.066984
v -0.066792 -0.421583 -0.067598
v 0.000000 -0.435507 -0.069401
v 0.067785 -0.435381 -0.070242
v 0.134985 -0.413728 -0.068799
v 0.202445 -0.387388 -0.068241
v 0.273132 -0.362571 -0.070073
v 0.351840 -0.341216 -0.075613
v 0.443397 -0.319426 -0.085826
v 0.539816 -0.278506 -0.097558
v 0.640021 -0.216759 -0.112543
v 0.706342 -0.118136 -0.121606
v 0.626243 0.000000 -0.217870
v 0.571282 0.096400 -0.191012
v 0.507685 0.171609 -0.170805
v 0.444539 0.235586 -0.159646
v 0.374036 0.282156 -0.147602
v 0.308116 0.325597 -0.142390
v 0.242182 0.362778 -0.139733
v 0.173721 0.386890 -0.136148
v 0.103950 0.397024 -0.131526
v 0.035103 0.410728 -0.132480
v -0.035550 0.415605 -0.134026
v -0.110112 0.426379 -0.141968
v -0.188761 0.424700 -0.150026
v -0.269347 0.407686 -0.157649
v -0.344877 0.368064 -0.161604
v -0.423221 0.328724 -0.173777
v -0.494393 0.272514 -0.187163
v -0.549298 0.195329 -0.197747
v -0.575852 0.099611 -0.199029
v -0.583256 0.000000 -0.198455
v -0.566544 -0.096762 -0.192527
v -0.538576 -0.188870 -0.190345
v -0.483142 -0.262831 -0.179741
v -0.414922 -0.321276 -0.169662
v -0.334522 -0.357220 -0.156854
v -0.251222 -0.374079 -0.143818
v -0.172910 -0.382263 -0.134170
v -0.102197 -0.396606 -0.132115
v -0.033978 -0.407597 -0.132607
v 0.034605 -0.421264 -0.137765
v 0.105316 -0.419591 -0.141072
v 0.174192 -0.391204 -0.138073
v 0.243751 -0.361140 -0.138572
v 0.319303 -0.337000 -0.147349
v 0.404254 -0.313217 -0.165438
v 0.484753 -0.265322 -0.181812
v 0.570575 -0.204993 -0.208159
v 0.640384 -0.115483 -0.233602
v 0.504339 0.000000 -0.265642
v 0.474739 0.083608 -0.245222
v 0.429190 0.152464 -0.225162
v 0.377868 0.211999 -0.213811
v 0.317683 0.258825 -0.202975
v 0.257433 0.302769 -0.200419
v 0.195550 0.340295 -0.200551
v 0.131727 0.365979 -0.199237
v 0.066802 0.381573 -0.197921
v 0.000000 0.400630 -0.204905
v -0.071631 0.411302 -0.213698
v -0.145952 0.403249 -0.219063
v -0.222567 0.388507 -0.229170
v -0.296822 0.357469 -0.238594
v -0.367009 0.313858 -0.250358
v -0.430201 0.256368 -0.264016
v -0.475861 0.179278 -0.270193
v -0.495422 0.089093 -0.263186
v -0.500360 0.000000 -0.258559
v -0.488043 -0.086492 -0.254230
v -0.463350 -0.170759 -0.255470
v -0.409815 -0.236294 -0.240686
v -0.351753 -0.295839 -0.234691
v -0.282149 -0.335566 -0.223043
v -0.208966 -0.357823 -0.209695
v -0.137404 -0.369609 -0.198942
v -0.068137 -0.375155 -0.192103
v 0.000000 -0.382381 -0.192946
v 0.069743 -0.387380 -0.198991
v 0.141088 -0.380657 -0.205123
v 0.210942 -0.356114 -0.207687
v 0.280150 -0.325034 -0.214215
v 0.351518 -0.292029 -0.230702
v 0.414238 -0.239791 -0.244577
v 0.470295 -0.175396 -0.263457
v 0.505916 -0.092658 -0.275397
v 0.415166 0.000000 -0.305580
v 0.397047 0.078310 -0.290760
v 0.360892 0.145563 -0.273741
v 0.314504 0.204904 -0.265549
v 0.257055 0.252873 -0.258297
v 0.196704 0.296077 -0.259243
v 0.134613 0.333642 -0.264828
v 0.069481 0.360822 -0.270318
v 0.000000 0.383599 -0.282132
v -0.074201 0.382139 -0.285373
v -0.150580 0.371887 -0.294662
v -0.223019 0.340140 -0.299086
v -0.292740 0.301189 -0.312405
v -0.351191 0.241449 -0.318780
v -0.398312 0.169250 -0.324099
v -0.423054 0.084708 -0.316176
v -0.432580 0.000000 -0.313580
v -0.423543 -0.084407 -0.314547
v -0.386940 -0.159895 -0.303323
v -0.337633 -0.226462 -0.296541
v -0.278428 -0.281365 -0.290138
v -0.210642 -0.315686 -0.275980
v -0.140900 -0.335040 -0.262106
v -0.070412 -0.341583 -0.249946
v 0.000000 -0.347569 -0.248970
v 0.072656 -0.354853 -0.260309
v 0.146665 -0.347425 -0.271483
v 0.218680 -0.323079 -0.281091
v 0.287350 -0.287148 -0.294971
v 0.345408 -0.232956 -0.305606
v 0.391103 -0.165809 -0.317295
v 0.416699 -0.085218 -0.320415
v 0.350636 0.000000 -0.351844
v 0.338185 0.076450 -0.342427
v 0.305376 0.143820 -0.328928
v 0.258932 0.202867 -0.323388
v 0.200259 0.248760 -0.317140
v 0.138880 0.292152 -0.325708
v 0.072782 0.328928 -0.340918
v 0.000000 0.350910 -0.355301
v -0.076120 0.342783 -0.354770
v -0.149079 0.316005 -0.353125
v -0.215359 0.275853 -0.355331
v -0.269229 0.216968 -0.349226
v -0.317783 0.154511 -0.357268
v -0.345590 0.077883 -0.348493
v -0.357987 0.000000 -0.348347
v -0.344737 -0.076826 -0.342456
v -0.310576 -0.147248 -0.337562
v -0.261843 -0.208670 -0.334603
v -0.204076 -0.258307 -0.331446
v -0.139274 -0.289529 -0.321475
v -0.070344 -0.301935 -0.307534
v 0.000000 -0.309446 -0.306468
v 0.072039 -0.307032 -0.312009
v 0.144412 -0.294833 -0.325388
v 0.214749 -0.269198 -0.344278
v 0.276428 -0.223482 -0.360072
v 0.322157 -0.158505 -0.367951
v 0.346347 -0.080362 -0.363172
v 0.294469 0.000000 -0.409478
v 0.283754 0.076183 -0.405404
v 0.249718 0.143412 -0.394084
v 0.198704 0.197642 -0.384023
v 0.139209 0.243483 -0.388224
v 0.072563 0.277825 -0.399217
v 0.000000 0.290939 -0.404411
v -0.072466 0.277470 -0.398719
v -0.137192 0.242195 -0.387380
v -0.188792 0.189295 -0.368797
v -0.232758 0.133859 -0.367985
v -0.264083 0.069606 -0.368065
v -0.278161 0.000000 -0.371811
v -0.264151 -0.068582 -0.360770
v -0.230874 -0.130138 -0.355271
v -0.183573 -0.181277 -0.351310
v -0.129122 -0.223567 -0.355275
v -0.067006 -0.249089 -0.354459
v 0.000000 -0.257927 -0.353444
v 0.068786 -0.252365 -0.357535
v 0.136700 -0.234155 -0.370763
v 0.199175 -0.198759 -0.386616
v 0.252515 -0.147946 -0.409239
v 0.284958 -0.077613 -0.414975
v 0.224759 0.000000 -0.440393
v 0.211164 0.077056 -0.442540
v 0.167968 0.141345 -0.431969
v 0.107769 0.190019 -0.433153
v 0.036536 0.212444 -0.426886
v -0.035228 0.204066 -0.409594
v -0.096186 0.167277 -0.379625
v -0.144550 0.121130 -0.369668
v -0.180632 0.065464 -0.375087
v -0.197245 0.000000 -0.382562
v -0.184564 -0.066058 -0.376833
v -0.148773 -0.123514 -0.375721
v -0.097201 -0.168043 -0.380578
v -0.034241 -0.193413 -0.384920
v 0.035147 -0.197566 -0.392549
v 0.104360 -0.178617 -0.403183
v 0.165642 -0.137947 -0.420141
v 0.210304 -0.076792 -0.441118
v 0.146520 0.000000 -0.442477
v 0.125570 0.072510 -0.446350
v 0.069152 0.120753 -0.430306
v 0.000000 0.131217 -0.405338
v -0.061466 0.107678 -0.384232
v -0.105463 0.061648 -0.381174
v -0.125372 0.000000 -0.390052
v -0.110335 -0.063416 -0.389728
v -0.064869 -0.111221 -0.393866
v 0.000000 -0.131827 -0.403392
v 0.069691 -0.117910 -0.415750
v 0.125992 -0.071630 -0.438686
v 0.069241 0.000000 -0.424204
v 0.033022 0.056865 -0.413746
v -0.031027 0.054211 -0.396469
v -0.062301 0.000000 -0.395780
v -0.032351 -0.055028 -0.398649
v 0.034002 -0.057218 -0.413067
v 0.000000 0.000000 -0.405864
f 1 2 3
f 1 3 4
f 1 4 5
f 1 5 6
f 1 6 7
f 1 7 2
f 2 8 9
f 2 9 3
f 3 9 10
f 3 10 11
f 3 11 4
f 4 11 12
f 4 12 13
f 4 13 5
f 5 13 14
f 5 14 15
f 5 15 6
f 6 15 16
f 6 16 17
f 6 17 7
f 7 17 18
f 7 18 19
f 7 19 2
f 2 19 8
f 8 20 21
f 8 21 9
f 9 21 22
f 9 22 10
f 10 22 23
f 10 23 24
f 10 24 11
f 11 24 25
f 11 25 12
f 12 25 26
f 12 26 27
f 12 27 13
f 13 27 28
f 13 28 14
f 14 28 29
f 14 29 30
f 14 30 15
f 15 30 31
f 15 31 16
f 16 31 32
f 16 32 33
f 16 33 17
f 17 33 34
f 17 34 18
f 18 34 35
f 18 35 36
f 18 36 19
f 19 36 37
f 19 37 8
f 8 37 20
f 20 38 39
f 20 39 21
f 21 39 40
f 21 40 22
f 22 40 41
f 22 41 23
f 23 41 42
f 23 42 43
f 23 43 24
f 24 43 44
f 24 44 25
f 25 44 45
f 25 45 26
f 26 45 46
f 26 46 47
f 26 47 27
f 27 47 48
f 27 48 28
f 28 48 49
f 28 49 29
f 29 49 50
f 29 50 51
f 29 51 30
f 30 51 52
f 30 52 31
f 31 52 53
f 31 53 32
f 32 53 54
f 32 54 55
f 32 55 33
f 33 55 56
f 33 56 34
f 34 56 57
f 34 57 58
f 34 58 35
f 35 58 59
f 35 59 36
f 36 59 60
f 36 60 37
f 37 60 61
f 37 61 20
f 20 61 38
f 38 62 63
f 38 63 39
f 39 63 64
f 39 64 40
f 40 64 65
f 40 65 41
f 41 65 66
f 41 66 42
f 42 66 67
f 42 67 43
f 43 67 68
f 43 68 44
f 44 68 69
f 44 69 70
f 44 70 45
f 45 70 71
f 45 71 46
f 46 71 72
f 46 72 47
f 47 72 73
f 47 73 48
f 48 73 74
f 48 74 49
f 49 74 75
f 49 75 50
f 50 75 76
f 50 76 77
f 50 77 51
f 51 77 78
f 51 78 52
f 52 78 79
f 52 79 53
f 53 79 80
f 53 80 54
f 54 80 81
f 54 81 55
f 55 81 82
f 55 82 56
f 56 82 83
f 56 83 84
f 56 84 57
f 57 84 85
f 57 85 58
f 58 85 86
f 58 86 59
f 59 86 87
f 59 87 60
f 60 87 88
f 60 88 61
f 61 88 89
f 61 89 38
f 38 89 62
f 62 90 91
f 62 91 63
f 63 91 92
f 63 92 64
f 64 92 93
f 64 93 65
f 65 93 94
f 65 94 66
f 66 94 95
f 66 95 67
f 67 95 96
f 67 96 68
f 68 96 97
f 68 97 69
f 69 97 98
f 69 98 99
f 69 99 70
f 70 99 100
f 70 100 71
f 71 100 101
f 71 101 72
f 72 101 102
f 72 102 73
f 73 102 103
f 73 103 74
f 74 103 104
f 74 104 75
f 75 104 105
f 75 105 76
f 76 105 106
f 76 106 107
f 76 107 77
f 77 107 108
f 77 108 78
f 78 108 109
f 78 109 79
f 79 109 110
f 79 110 80
f 80 110 111
f 80 111 81
f 81 111 112
f 81 112 82
f 82 112 113
f 82 113 83
f 83 113 114
f 83 114 115
f 83 115 84
f 84 115 116
f 84 116 85
f 85 116 117
f 85 117 86
f 86 117 118
f 86 118 87
f 87 118 119
f 87 119 88
f 88 119 120
f 88 120 89
f 89 120 121
f 89 121 62
f 62 121 90
f 90 122 123
f 90 123 91
f 91 123 124
f 91 124 92
f 92 124 125
f 92 125 93
f 93 125 126
f 93 126 94
f 94 126 127
f 94 127 95
f 95 127 128
f 95 128 96
f 96 128 129
f 96 129 97
f 97 129 130
f 97 130 98
f 98 130 131
f 98 131 132
f 98 132 99
f 99 132 133
f 99 133 100
f 100 133 134
f 100 134 101
f 101 134 135
f 101 135 102
f 102 135 136
f 102 136 103
f 103 136 137
f 103 137 104
f 104 137 138
f 104 138 105
f 105 138 139
f 105 139 106
f 106 139 140
f 106 140 141
f 106 141 107
f 107 141 142
f 107 142 108
f 108 142 143
f 108 143 109
f 109 143 144
f 109 144 110
f 110 144 145
f 110 145 111
f 111 145 146
f 111 146 112
f 112 146 147
f 112 147 113
f 113 147 148
f 113 148 114
f 114 148 149
f 114 149 150
f 114 150 115
f 115 150 151
f 115 151 116
f 116 151 152
f 116 152 117
f 117 152 153
f 117 153 118
f 118 153 154
f 118 154 119
f 119 154 155
f 119 155 120
f 120 155 156
f 120 156 121
f 121 156 157
f 121 157 90
f 90 157 122
f 122 158 159
f 122 159 123
f 123 159 160
f 123 160 124
f 124 160 161
f 124 161 125
f 125 161 162
f 125 162 126
f 126 162 163
f 126 163 127
f 127 163 164
f 127 164 128
f 128 164 165
f 128 165 129
f 129 165 166
f 129 166 130
f 130 166 167
f 130 167 131
f 131 167 168
f 131 168 132
f 132 168 169
f 132 169 133
f 133 169 170
f 133 170 134
f 134 170 171
f 134 171 135
f 135 171 172
f 135 172 136
f 136 172 173
f 136 173 137
f 137 173 174
f 137 174 138
f 138 174 175
f 138 175 139
f 139 175 176
f 139 176 140
f 140 176 177
f 140 177 178
f 140 178 141
f 141 178 179
f 141 179 142
f 142 179 180
f 142 180 143
f 143 180 181
f 143 181 144
f 144 181 182
f 144 182 145
f 145 182 183
f 145 183 146
f 146 183 184
f 146 184 147
f 147 184 185
f 147 185 148
f 148 185 186
f 148 186 149
f 149 186 187
f 149 187 150
f 150 187 188
f 150 188 151
f 151 188 189
f 151 189 152
f 152 189 190
f 152 190 153
f 153 190 191
f 153 191 154
f 154 191 192
f 154 192 155
f 155 192 193
f 155 193 156
f 156 193 194
f 156 194 157
f 157 194 195
f 157 195 122
f 122 195 158
f 158 196 197
f 158 197 159
f 159 197 198
f 159 198 160
f 160 198 199
f 160 199 161
f 161 199 200
f 161 200 162
f 162 200 201
f 162 201 163
f 163 201 202
f 163 202 164
f 164 202 203
f 164 203 165
f 165 203 204
f 165 204 166
f 166 204 205
f 166 205 167
f 167 205 206
f 167 206 168
f 168 206 207
f 168 207 169
f 169 207 208
f 169 208 170
f 170 208 209
f 170 209 171
f 171 209 210
f 171 210 172
f 172 210 211
f 172 211 173
f 173 211 212
f 173 212 174
f 174 212 213
f 174 213 175
f 175 213 214
f 175 214 176
f 176 214 215
f 176 215 177
f 177 215 216
f 177 216 217
f 177 217 178
f 178 217 218
f 178 218 179
f 179 218 219
f 179 219 180
f 180 219 220
f 180 220 181
f 181 220 221
f 181 221 182
f 182 221 222
f 182 222 183
f 183 222 223
f 183 223 184
f 184 223 224
f 184 224 185
f 185 224 225
f 185 225 186
f 186 225 226
f 186 226 187
f 187 226 227
f 187 227 188
f 188 227 228
f 188 228 189
f 189 228 229
f 189 229 190
f 190 229 230
f 190 230 191
f 191 230 231
f 191 231 192
f 192 231 232
f 192 232 193
f 193 232 233
f 193 233 194
f 194 233 234
f 194 234 195
f 195 234 235
f 195 235 158
f 158 235 196
f 196 236 197
f 197 236 237
f 197 237 198
f 198 237 238
f 198 238 199
f 199 238 239
f 199 239 200
f 200 239 240
f 200 240 201
f 201 240 241
f 201 241 202
f 202 241 242
f 202 242 203
f 203 242 243
f 203 243 204
f 204 243 244
f 204 244 205
f 205 244 245
f 205 245 206
f 206 245 246
f 206 246 207
f 207 246 247
f 207 247 208
f 208 247 248
f 208 248 209
f 209 248 249
f 209 249 210
f 210 249 250
f 210 250 211
f 211 250 251
f 211 251 212
f 212 251 252
f 212 252 213
f 213 252 253
f 213 253 214
f 214 253 254
f 214 254 215
f 215 254 255
f 215 255 216
f 216 255 256
f 216 256 217
f 217 256 257
f 217 257 218
f 218 257 258
f 218 258 219
f 219 258 259
f 219 259 220
f 220 259 260
f 220 260 221
f 221 260 261
f 221 261 222
f 222 261 262
f 222 262 223
f 223 262 263
f 223 263 224
f 224 263 264
f 224 264 225
f 225 264 265
f 225 265 226
f 226 265 266
f 226 266 227
f 227 266 267
f 227 267 228
f 228 267 268
f 228 268 229
f 229 268 269
f 229 269 230
f 230 269 270
f 230 270 231
f 231 270 271
f 231 271 232
f 232 271 272
f 232 272 233
f 233 272 273
f 233 273 234
f 234 273 274
f 234 274 235
f 235 274 275
f 235 275 196
f 196 275 236
f 236 276 237
f 237 276 277
f 237 277 238
f 238 277 278
f 238 278 239
f 239 278 279
f 239 279 240
f 240 279 280
f 240 280 241
f 241 280 281
f 241 281 242
f 242 281 282
f 242 282 243
f 243 282 283
f 243 283 244
f 244 283 284
f 244 284 245
f 245 284 285
f 245 285 246
f 246 285 286
f 246 286 247
f 247 286 287
f 247 287 248
f 248 287 288
f 248 288 249
f 249 288 289
f 249 289 250
f 250 289 290
f 250 290 251
f 251 290 291
f 251 291 252
f 252 291 292
f 252 292 253
f 253 292 293
f 253 293 254
f 254 293 294
f 254 294 255
f 255 294 295
f 255 295 256
f 256 295 296
f 256 296 257
f 257 296 297
f 257 297 258
f 258 297 298
f 258 298 259
f 259 298 299
f 259 299 260
f 260 299 300
f 260 300 261
f 261 300 301
f 261 301 262
f 262 301 302
f 262 302 263
f 263 302 303
f 263 303 264
f 264 303 304
f 264 304 265
f 265 304 305
f 265 305 266
f 266 305 306
f 266 306 267
f 267 306 307
f 267 307 268
f 268 307 308
f 268 308 269
f 269 308 309
f 269 309 270
f 270 309 310
f 270 310 271
f 271 310 311
f 271 311 272
f 272 311 312
f 272 312 273
f 273 312 313
f 273 313 274
f 274 313 314
f 274 314 275
f 275 314 315
f 275 315 236
f 236 315 276
f 276 316 277
f 277 316 317
f 277 317 278
f 278 317 318
f 278 318 279
f 279 318 319
f 279 319 280
f 280 319 320
f 280 320 281
f 281 320 321
f 281 321 282
f 282 321 322
f 282 322 283
f 283 322 323
f 283 323 284
f 284 323 324
f 284 324 285
f 285 324 325
f 285 325 286
f 286 325 326
f 286 326 287
f 287 326 327
f 287 327 288
f 288 327 328
f 288 328 289
f 289 328 329
f 289 329 290
f 290 329 330
f 290 330 291
f 291 330 331
f 291 331 292
f 292 331 332
f 292 332 293
f 293 332 333
f 293 333 294
f 294 333 334
f 294 334 295
f 295 334 296
f 296 334 335
f 296 335 297
f 297 335 336
f 297 336 298
f 298 336 337
f 298 337 299
f 299 337 338
f 299 338 300
f 300 338 339
f 300 339 301
f 301 339 340
f 301 340 302
f 302 340 341
f 302 341 303
f 303 341 342
f 303 342 304
f 304 342 343
f 304 343 305
f 305 343 344
f 305 344 306
f 306 344 345
f 306 345 307
f 307 345 346
f 307 346 308
f 308 346 347
f 308 347 309
f 309 347 348
f 309 348 310
f 310 348 349
f 310 349 311
f 311 349 350
f 311 350 312
f 312 350 351
f 312 351 313
f 313 351 352
f 313 352 314
f 314 352 353
f 314 353 315
f 315 353 276
f 276 353 316
f 316 354 317
f 317 354 355
f 317 355 318
f 318 355 356
f 318 356 319
f 319 356 357
f 319 357 320
f 320 357 358
f 320 358 321
f 321 358 359
f 321 359 322
f 322 359 360
f 322 360 323
f 323 360 361
f 323 361 324
f 324 361 362
f 324 362 325
f 325 362 363
f 325 363 326
f 326 363 364
f 326 364 327
f 327 364 365
f 327 365 328
f 328 365 366
f 328 366 329
f 329 366 367
f 329 367 330
f 330 367 368
f 330 368 331
f 331 368 369
f 331 369 332
f 332 369 370
f 332 370 333
f 333 370 371
f 333 371 334
f 334 371 335
f 335 371 372
f 335 372 336
f 336 372 373
f 336 373 337
f 337 373 374
f 337 374 338
f 338 374 375
f 338 375 339
f 339 375 376
f 339 376 340
f 340 376 377
f 340 377 341
f 341 377 378
f 341 378 342
f 342 378 379
f 342 379 343
f 343 379 380
f 343 380 344
f 344 380 381
f 344 381 345
f 345 381 382
f 345 382 346
f 346 382 383
f 346 383 347
f 347 383 384
f 347 384 348
f 348 384 385
f 348 385 349
f 349 385 386
f 349 386 350
f 350 386 387
f 350 387 351
f 351 387 388
f 351 388 352
f 352 388 389
f 352 389 353
f 353 389 316
f 316 389 354
f 354 390 355
f 355 390 391
f 355 391 356
f 356 391 392
f 356 392 357
f 357 392 393
f 357 393 358
f 358 393 394
f 358 394 359
f 359 394 395
f 359 395 360
f 360 395 396
f 360 396 361
f 361 396 397
f 361 397 362
f 362 397 363
f 363 397 398
f 363 398 364
f 364 398 399
f 364 399 365
f 365 399 400
f 365 400 366
f 366 400 401
f 366 401 367
f 367 401 402
f 367 402 368
f 368 402 403
f 368 403 369
f 369 403 404
f 369 404 370
f 370 404 405
f 370 405 371
f 371 405 372
f 372 405 406
f 372 406 373
f 373 406 407
f 373 407 374
f 374 407 408
f 374 408 375
f 375 408 409
f 375 409 376
f 376 409 410
f 376 410 377
f 377 410 411
f 377 411 378
f 378 411 412
f 378 412 379
f 379 412 413
f 379 413 380
f 380 413 381
f 381 413 414
f 381 414 382
f 382 414 415
f 382 415 383
f 383 415 416
f 383 416 384
f 384 416 417
f 384 417 385
f 385 417 418
f 385 418 386
f 386 418 419
f 386 419 387
f 387 419 420
f 387 420 388
f 388 420 421
f 388 421 389
f 389 421 354
f 354 421 390
f 390 422 391
f 391 422 423
f 391 423 392
f 392 423 424
f 392 424 393
f 393 424 425
f 393 425 394
f 394 425 426
f 394 426 395
f 395 426 427
f 395 427 396
f 396 427 428
f 396 428 397
f 397 428 398
f 398 428 429
f 398 429 399
f 399 429 430
f 399 430 400
f 400 430 431
f 400 431 401
f 401 431 432
f 401 432 402
f 402 432 433
f 402 433 403
f 403 433 434
f 403 434 404
f 404 434 435
f 404 435 405
f 405 435 406
f 406 435 436
f 406 436 407
f 407 436 437
f 407 437 408
f 408 437 438
f 408 438 409
f 409 438 439
f 409 439 410
f 410 439 440
f 410 440 411
f 411 440 441
f 411 441 412
f 412 441 442
f 412 442 413
f 413 442 414
f 414 442 443
f 414 443 415
f 415 443 444
f 415 444 416
f 416 444 445
f 416 445 417
f 417 445 446
f 417 446 418
f 418 446 447
f 418 447 419
f 419 447 448
f 419 448 420
f 420 448 449
f 420 449 421
f 421 449 390
f 390 449 422
f 422 450 423
f 423 450 451
f 423 451 424
f 424 451 452
f 424 452 425
f 425 452 453
f 425 453 426
f 426 453 454
f 426 454 427
f 427 454 455
f 427 455 428
f 428 455 429
f 429 455 456
f 429 456 430
f 430 456 457
f 430 457 431
f 431 457 458
f 431 458 432
f 432 458 459
f 432 459 433
f 433 459 460
f 433 460 434
f 434 460 461
f 434 461 435
f 435 461 436
f 436 461 462
f 436 462 437
f 437 462 463
f 437 463 438
f 438 463 464
f 438 464 439
f 439 464 465
f 439 465 440
f 440 465 466
f 440 466 441
f 441 466 467
f 441 467 442
f 442 467 443
f 443 467 468
f 443 468 444
f 444 468 469
f 444 469 445
f 445 469 470
f 445 470 446
f 446 470 471
f 446 471 447
f 447 471 472
f 447 472 448
f 448 472 473
f 448 473 449
f 449 473 422
f 422 473 450
f 450 474 451
f 451 474 475
f 451 475 452
f 452 475 476
f 452 476 453
f 453 476 454
f 454 476 477
f 454 477 455
f 455 477 478
f 455 478 456
f 456 478 479
f 456 479 457
f 457 479 458
f 458 479 480
f 458 480 459
f 459 480 481
f 459 481 460
f 460 481 482
f 460 482 461
f 461 482 462
f 462 482 483
f 462 483 463
f 463 483 484
f 463 484 464
f 464 484 485
f 464 485 465
f 465 485 466
f 466 485 486
f 466 486 467
f 467 486 487
f 467 487 468
f 468 487 488
f 468 488 469
f 469 488 470
f 470 488 489
f 470 489 471
f 471 489 490
f 471 490 472
f 472 490 491
f 472 491 473
f 473 491 450
f 450 491 474
f 474 492 475
f 475 492 493
f 475 493 476
f 476 493 477
f 477 493 494
f 477 494 478
f 478 494 495
f 478 495 479
f 479 495 480
f 480 495 496
f 480 496 481
f 481 496 497
f 481 497 482
f 482 497 483
f 483 497 498
f 483 498 484
f 484 498 499
f 484 499 485
f 485 499 486
f 486 499 500
f 486 500 487
f 487 500 501
f 487 501 488
f 488 501 502
f 488 502 489
f 489 502 490
f 490 502 503
f 490 503 491
f 491 503 474
f 474 503 492
f 492 504 493
f 493 504 494
f 494 504 505
f 494 505 495
f 495 505 496
f 496 505 506
f 496 506 497
f 497 506 498
f 498 506 507
f 498 507 499
f 499 507 500
f 500 507 508
f 500 508 501
f 501 508 502
f 502 508 509
f 502 509 503
f 503 509 492
f 492 509 504
f 504 510 505
f 505 510 506
f 506 510 507
f 507 510 508
f 508 510 509
f 509 510 504

