v 0.604155 0.025594 0.741020
v 0.693981 0.040849 0.755497
v 0.629450 0.114996 0.762377
v 0.544004 0.097572 0.735692
v 0.515425 0.009899 0.731688
v 0.574654 -0.059765 0.711072
v 0.663105 -0.045231 0.719044
v 0.792613 0.057803 0.763495
v 0.747460 0.152307 0.758668
v 0.664508 0.210932 0.750433
v 0.567538 0.212269 0.736024
v 0.486418 0.167907 0.716079
v 0.433035 0.089192 0.714857
v 0.425502 -0.005410 0.720697
v 0.466927 -0.088810 0.697937
v 0.543906 -0.139948 0.681016
v 0.635512 -0.149971 0.683273
v 0.720525 -0.111955 0.690986
v 0.777513 -0.040061 0.722730
v 0.885261 0.076130 0.726720
v 0.851755 0.170676 0.727193
v 0.783500 0.242803 0.710469
v 0.698610 0.289991 0.694732
v 0.603613 0.306455 0.697542
v 0.507102 0.286259 0.696060
v 0.427823 0.239261 0.693237
v 0.365017 0.164929 0.705978
v 0.332224 0.074001 0.700925
v 0.332024 -0.022256 0.706386
v 0.367310 -0.109691 0.689937
v 0.431564 -0.178521 0.673004
v 0.512951 -0.217890 0.656134
v 0.604654 -0.233180 0.651882
v 0.693222 -0.213700 0.639315
v 0.773902 -0.170693 0.644322
v 0.837971 -0.106921 0.662252
v 0.879064 -0.023328 0.709207
v 0.976029 0.090595 0.679832
v 0.944657 0.183281 0.674054
v 0.886461 0.257686 0.654181
v 0.812686 0.315290 0.637057
v 0.727945 0.356227 0.624536
v 0.634677 0.383924 0.640571
v 0.539748 0.390645 0.663149
v 0.448774 0.355782 0.655955
v 0.370787 0.303480 0.649599
v 0.301001 0.242092 0.675867
v 0.254173 0.153110 0.680892
v 0.232155 0.056730 0.678942
v 0.235061 -0.040606 0.685089
v 0.266706 -0.133609 0.688055
v 0.324988 -0.211338 0.672650
v 0.398370 -0.264475 0.643052
v 0.482717 -0.297734 0.625541
v 0.574278 -0.313346 0.621100
v 0.663875 -0.305893 0.611525
v 0.750035 -0.280310 0.612516
v 0.828112 -0.231812 0.604531
v 0.898473 -0.173033 0.628478
v 0.949659 -0.097549 0.654375
v 0.979579 -0.005868 0.681281
v 1.075047 0.105876 0.641139
v 1.045603 0.204019 0.636321
v 0.992123 0.288957 0.626315
v 0.917317 0.349245 0.594879
v 0.834216 0.404764 0.587477
v 0.741816 0.436003 0.574944
v 0.649682 0.454080 0.571997
v 0.552346 0.470653 0.599404
v 0.455937 0.449935 0.605195
v 0.366311 0.404442 0.604847
v 0.289939 0.346791 0.606253
v 0.216804 0.283030 0.636393
v 0.161540 0.197340 0.655415
v 0.131851 0.096463 0.660553
v 0.125272 -0.008525 0.671932
v 0.139007 -0.107164 0.704153
v 0.185210 -0.208571 0.690162
v 0.253311 -0.284995 0.661347
v 0.335061 -0.341927 0.641546
v 0.422201 -0.377391 0.618183
v 0.517399 -0.401656 0.617941
v 0.610120 -0.398615 0.595742
v 0.701183 -0.383405 0.577152
v 0.792665 -0.363969 0.593587
v 0.873498 -0.315545 0.594082
v 0.948962 -0.255348 0.604533
v 1.015179 -0.187699 0.643328
v 1.064530 -0.097639 0.658670
v 1.084178 0.002460 0.660604
v 1.183221 0.123976 0.602652
v 1.154503 0.226788 0.602995
v 1.100535 0.317062 0.591993
v 1.025938 0.388924 0.566317
v 0.942217 0.451758 0.553652
v 0.849488 0.491004 0.534652
v 0.754790 0.520696 0.527793
v 0.658484 0.533141 0.521629
v 0.562028 0.536020 0.524783
v 0.465687 0.531484 0.540018
v 0.371438 0.505072 0.552688
v 0.282401 0.453998 0.559770
v 0.206036 0.393653 0.566861
v 0.127201 0.331099 0.602782
v 0.066785 0.241056 0.622986
v 0.029624 0.138807 0.629384
v 0.010446 0.029493 0.645581
v 0.013717 -0.079658 0.667890
v 0.044614 -0.191134 0.668971
v 0.108160 -0.280760 0.637747
v 0.183265 -0.357407 0.617428
v 0.267639 -0.415944 0.608730
v 0.360391 -0.459958 0.604532
v 0.456138 -0.488050 0.594773
v 0.552927 -0.497486 0.583129
v 0.648753 -0.497177 0.585845
v 0.741697 -0.478647 0.579317
v 0.836848 -0.461572 0.599437
v 0.920716 -0.407579 0.592507
v 1.003171 -0.350270 0.597553
v 1.077445 -0.285242 0.632481
v 1.143301 -0.198130 0.646449
v 1.174958 -0.093995 0.625444
v 1.187696 0.015176 0.605767
v 1.304117 0.142375 0.570901
v 1.274904 0.252552 0.570399
v 1.215260 0.346186 0.546770
v 1.135595 0.414703 0.508681
v 1.048543 0.474865 0.485285
v 0.954455 0.520714 0.466271
v 0.859852 0.558210 0.456726
v 0.765392 0.592290 0.460700
v 0.668693 0.602473 0.454841
v 0.573592 0.599254 0.450512
v 0.479352 0.593414 0.456456
v 0.383051 0.584013 0.475984
v 0.291297 0.548209 0.483781
v 0.204615 0.495664 0.493020
v 0.121864 0.436961 0.509093
v 0.042961 0.368798 0.533812
v -0.024556 0.279494 0.558281
v -0.077471 0.184405 0.580125
v -0.110350 0.076644 0.608860
v -0.115467 -0.045913 0.623170
v -0.091839 -0.165800 0.618389
v -0.038311 -0.267481 0.595831
v 0.032940 -0.354624 0.578116
v 0.116210 -0.424477 0.562601
v 0.203708 -0.483846 0.556702
v 0.297499 -0.534540 0.557747
v 0.397015 -0.563042 0.543347
v 0.493880 -0.569214 0.524109
v 0.590157 -0.588045 0.537706
v 0.689023 -0.596116 0.557955
v 0.782410 -0.568855 0.545034
v 0.875693 -0.542695 0.551671
v 0.967495 -0.503647 0.565591
v 1.046485 -0.435220 0.553177
v 1.131661 -0.375804 0.577175
v 1.213680 -0.303043 0.610717
v 1.257409 -0.193483 0.586467
v 1.288920 -0.083324 0.569254
v 1.307318 0.029773 0.566178
v 1.427040 0.160238 0.512058
v 1.392318 0.278757 0.504498
v 1.327107 0.381314 0.483320
v 1.244260 0.468624 0.463611
v 1.148051 0.536624 0.441925
v 1.043575 0.575660 0.409903
v 0.942107 0.625946 0.405726
v 0.839739 0.641021 0.387551
v 0.737690 0.655920 0.377964
v 0.637757 0.664307 0.375161
v 0.541722 0.644257 0.364509
v 0.446697 0.628445 0.366901
v 0.349340 0.616625 0.380239
v 0.252124 0.592663 0.396292
v 0.159564 0.543814 0.409166
v 0.074025 0.477716 0.420034
v -0.009086 0.405547 0.436816
v -0.094235 0.329305 0.470233
v -0.150956 0.221301 0.475844
v -0.206819 0.115459 0.509764
v -0.230216 -0.006375 0.536799
v -0.226065 -0.131260 0.548999
v -0.184541 -0.251136 0.542177
v -0.118160 -0.354381 0.533153
v -0.032772 -0.442074 0.525218
v 0.061600 -0.517731 0.513427
v 0.163343 -0.571601 0.498313
v 0.268114 -0.607225 0.482456
v 0.372266 -0.626616 0.467024
v 0.473674 -0.625887 0.445565
v 0.571989 -0.642016 0.451799
v 0.672871 -0.672189 0.480235
v 0.775382 -0.655699 0.481401
v 0.867602 -0.615919 0.471079
v 0.963371 -0.583805 0.480618
v 1.058031 -0.537553 0.491151
v 1.139495 -0.460856 0.481776
v 1.232729 -0.399117 0.508650
v 1.306649 -0.305121 0.511898
v 1.365900 -0.200144 0.514819
v 1.412908 -0.084254 0.517403
v 1.441673 0.036989 0.531180
v 1.556988 0.179423 0.441803
v 1.514820 0.305353 0.426582
v 1.448970 0.422289 0.416926
v 1.355280 0.515425 0.395279
v 1.249020 0.588027 0.372755
v 1.134183 0.626896 0.339899
v 1.022584 0.661933 0.321585
v 0.915073 0.686718 0.308002
v 0.809424 0.671223 0.282016
v 0.706586 0.687391 0.279141
v 0.608378 0.677553 0.272575
v 0.516178 0.644844 0.262177
v 0.420782 0.632669 0.266809
v 0.323283 0.625182 0.278410
v 0.227171 0.595218 0.292898
v 0.128634 0.564882 0.309756
v 0.029276 0.521312 0.330558
v -0.070321 0.466812 0.358494
v -0.159078 0.381889 0.379707
v -0.223244 0.266823 0.383388
v -0.265928 0.143508 0.383410
v -0.306232 0.027853 0.400892
v -0.337678 -0.091396 0.436497
v -0.299744 -0.214213 0.422900
v -0.262944 -0.337854 0.449421
v -0.197354 -0.455088 0.468751
v -0.093260 -0.539319 0.453223
v 0.021500 -0.588032 0.423286
v 0.137173 -0.617219 0.397098
v 0.244971 -0.660674 0.393580
v 0.350318 -0.691690 0.389634
v 0.455002 -0.708070 0.386081
v 0.556803 -0.706447 0.377523
v 0.657018 -0.718665 0.386761
v 0.759345 -0.717264 0.394105
v 0.854700 -0.678084 0.385066
v 0.949224 -0.643667 0.384786
v 1.048907 -0.611392 0.396212
v 1.137928 -0.543758 0.392339
v 1.229954 -0.478695 0.400210
v 1.330238 -0.414071 0.423274
v 1.398714 -0.306829 0.416092
v 1.468752 -0.198174 0.418838
v 1.535708 -0.085691 0.442495
v 1.564465 0.045510 0.447682
v 1.669245 0.192170 0.332638
v 1.634865 0.329536 0.329835
v 1.572594 0.463176 0.329965
v 1.462696 0.553972 0.300729
v 1.347304 0.631244 0.281634
v 1.226301 0.684167 0.259790
v 1.105296 0.710641 0.235717
v 0.990549 0.743634 0.227923
v 0.879083 0.744159 0.211773
v 0.773492 0.732746 0.198118
v 0.674107 0.716851 0.187729
v 0.577696 0.707315 0.184137
v 0.485139 0.678811 0.179742
v 0.394265 0.649186 0.178556
v 0.298449 0.625871 0.183619
v 0.201813 0.612407 0.197006
v 0.105199 0.575227 0.208490
v 0.001398 0.538177 0.226250
v -0.097891 0.479660 0.242232
v -0.201959 0.416016 0.267182
v -0.270391 0.312810 0.268413
v -0.320549 0.176878 0.262301
v -0.416592 0.070831 0.297423
v -0.463384 -0.043218 0.346959
v -0.454359 -0.186745 0.349106
v -0.394771 -0.300175 0.326732
v -0.333755 -0.426805 0.352347
v -0.238921 -0.530826 0.352602
v -0.129603 -0.612218 0.347482
v -0.003655 -0.643992 0.319830
v 0.116464 -0.666404 0.298264
v 0.228455 -0.693887 0.292058
v 0.333962 -0.725567 0.291678
v 0.438713 -0.766084 0.301357
v 0.541511 -0.775849 0.300621
v 0.641683 -0.772427 0.299504
v 0.740890 -0.767417 0.302166
v 0.838486 -0.742836 0.299488
v 0.933643 -0.708845 0.298107
v 1.032330 -0.673369 0.302373
v 1.121808 -0.612244 0.296711
v 1.212823 -0.546391 0.295072
v 1.320846 -0.499028 0.313856
v 1.409988 -0.408136 0.313254
v 1.473604 -0.293608 0.301647
v 1.550453 -0.183444 0.304903
v 1.620063 -0.071613 0.322305
v 1.672874 0.054106 0.336284
v 1.774852 0.203751 0.212899
v 1.746459 0.358481 0.213266
v 1.652809 0.484211 0.195309
v 1.546208 0.598797 0.183675
v 1.408505 0.660411 0.160540
v 1.291601 0.756084 0.159013
v 1.151437 0.756062 0.134046
v 1.028351 0.786274 0.125830
v 0.911163 0.778926 0.113218
v 0.800537 0.771051 0.105261
v 0.698271 0.736875 0.095801
v 0.596291 0.751956 0.098082
v 0.495918 0.753179 0.100383
v 0.409517 0.692447 0.091777
v 0.311756 0.664073 0.095208
v 0.205292 0.671621 0.108279
v 0.103948 0.638631 0.116506
v 0.008413 0.578460 0.121575
v -0.112384 0.552952 0.140983
v -0.214510 0.474072 0.151888
v -0.324656 0.395130 0.169175
v -0.375707 0.253619 0.161642
v -0.489267 0.146034 0.196560
v -0.475623 -0.418289 0.250924
v -0.373522 -0.531352 0.242576
v -0.239177 -0.594594 0.224972
v -0.115994 -0.660356 0.219635
v 0.014464 -0.687087 0.205250
v 0.134884 -0.714720 0.198302
v 0.248435 -0.741705 0.195867
v 0.361594 -0.775036 0.198570
v 0.463642 -0.828350 0.209522
v 0.568844 -0.810004 0.202435
v 0.669719 -0.798801 0.199404
v 0.772766 -0.807454 0.203288
v 0.870534 -0.773232 0.201621
v 0.975027 -0.756831 0.207248
v 1.067218 -0.698542 0.201681
v 1.164810 -0.644522 0.200596
v 1.268038 -0.589496 0.203732
v 1.379682 -0.532851 0.212082
v 1.466712 -0.426058 0.204345
v 1.538419 -0.307678 0.192938
v 1.618100 -0.192937 0.191822
v 1.691332 -0.075268 0.194754
v 1.742239 0.056941 0.199202
v 1.825477 0.203358 0.064388
v 1.797157 0.358349 0.058075
v 1.709916 0.496354 0.048370
v 1.576970 0.587566 0.036054
v 1.445263 0.665387 0.027651
v 1.313986 0.729572 0.020544
v 1.184035 0.773877 0.014790
v 1.056480 0.789315 0.009704
v 0.937730 0.792577 0.006301
v 0.826625 0.769262 0.003681
v 0.721477 0.752494 0.001238
v 0.619452 0.739915 0.001136
v 0.518285 0.756520 0.002968
v 0.427801 0.720077 0.003100
v 0.332081 0.688599 0.003275
v 0.230620 0.676002 0.006974
v 0.126562 0.657282 0.011194
v 0.028342 0.605833 0.014923
v -0.083548 0.564270 0.020913
v -0.199774 0.515854 0.028849
v -0.309704 0.433727 0.036012
v -0.393729 0.323431 0.045161
v -0.490436 0.196485 0.053131
v -0.485680 -0.518294 0.111180
v -0.341604 -0.581335 0.100885
v -0.207895 -0.639867 0.098773
v -0.088272 -0.714750 0.104245
v 0.042595 -0.738893 0.098237
v 0.164339 -0.754640 0.096819
v 0.278970 -0.773098 0.096758
v 0.390119 -0.796588 0.100350
v 0.492672 -0.817012 0.098398
v 0.595665 -0.817466 0.099078
v 0.696383 -0.810868 0.098805
v 0.796444 -0.800983 0.098528
v 0.897443 -0.788555 0.099278
v 0.996414 -0.753762 0.098064
v 1.100268 -0.722125 0.098637
v 1.202004 -0.671326 0.097060
v 1.298910 -0.600376 0.092645
v 1.409402 -0.536062 0.092092
v 1.498821 -0.435186 0.084651
v 1.579722 -0.317151 0.076612
v 1.674500 -0.208501 0.072748
v 1.750507 -0.084174 0.070652
v 1.792632 0.055281 0.065101
v 1.809562 0.194796 -0.089525
v 1.781314 0.346105 -0.100007
v 1.705650 0.483886 -0.108188
v 1.583800 0.588555 -0.110559
v 1.448485 0.663157 -0.110247
v 1.318430 0.734831 -0.112473
v 1.189588 0.791377 -0.113402
v 1.058950 0.800216 -0.109452
v 0.936612 0.783708 -0.103027
v 0.825380 0.766150 -0.098542
v 0.720652 0.758231 -0.096446
v 0.620204 0.738082 -0.092998
v 0.523240 0.727549 -0.091169
v 0.426378 0.711962 -0.091707
v 0.328886 0.694587 -0.092003
v 0.229428 0.674156 -0.091920
v 0.132204 0.637709 -0.090048
v 0.027541 0.599349 -0.090209
v -0.079513 0.552651 -0.089550
v -0.197329 0.502874 -0.091898
v -0.320482 0.441567 -0.093991
v -0.391530 0.305981 -0.083687
v -0.504291 0.203452 -0.084025
v -0.495906 -0.556747 -0.048016
v -0.340927 -0.584431 -0.032524
v -0.219813 -0.669797 -0.026060
v -0.095167 -0.737504 -0.016849
v 0.035364 -0.774858 -0.013443
v 0.163852 -0.778790 -0.006913
v 0.279069 -0.781903 -0.004622
v 0.389971 -0.780518 -0.001842
v 0.494064 -0.806597 -0.002841
v 0.596918 -0.832349 -0.002261
v 0.697746 -0.823138 -0.002595
v 0.796556 -0.804990 -0.003662
v 0.897233 -0.790324 -0.005543
v 0.998446 -0.765963 -0.008427
v 1.099466 -0.727915 -0.012069
v 1.202950 -0.680897 -0.016723
v 1.301162 -0.611790 -0.021674
v 1.406881 -0.541239 -0.028417
v 1.512914 -0.458171 -0.037192
v 1.603793 -0.347090 -0.045190
v 1.708870 -0.240236 -0.055169
v 1.757904 -0.098042 -0.066506
v 1.780314 0.048411 -0.073887
v 1.755354 0.178152 -0.228047
v 1.730367 0.322908 -0.244870
v 1.646857 0.451730 -0.249690
v 1.536483 0.558737 -0.248034
v 1.409928 0.638078 -0.242138
v 1.286659 0.715620 -0.243032
v 1.157175 0.768664 -0.239943
v 1.025815 0.742590 -0.213084
v 0.910580 0.757081 -0.207086
v 0.801108 0.753099 -0.199524
v 0.698295 0.732369 -0.189366
v 0.596578 0.730330 -0.188907
v 0.499131 0.714740 -0.186767
v 0.400046 0.707751 -0.189902
v 0.304712 0.679702 -0.188198
v 0.209549 0.642705 -0.186103
v 0.110879 0.603145 -0.187699
v 0.010161 0.554367 -0.186383
v -0.096415 0.500687 -0.193088
v -0.218778 0.457129 -0.210609
v -0.312562 0.362736 -0.210268
v -0.387053 0.233365 -0.201815
v -0.498987 0.165436 -0.241371
v -0.491027 -0.510895 -0.235106
v -0.386248 -0.575933 -0.187174
v -0.250675 -0.638481 -0.161071
v -0.127549 -0.710699 -0.149329
v 0.001750 -0.755076 -0.135808
v 0.126233 -0.779389 -0.124058
v 0.246142 -0.784920 -0.110735
v 0.356556 -0.785710 -0.103468
v 0.464021 -0.816539 -0.105568
v 0.567613 -0.813664 -0.103096
v 0.670366 -0.820481 -0.104954
v 0.766537 -0.787540 -0.101808
v 0.865831 -0.765372 -0.101084
v 0.967503 -0.754558 -0.112037
v 1.067813 -0.719458 -0.118392
v 1.167580 -0.670791 -0.124651
v 1.265712 -0.605034 -0.132335
v 1.365391 -0.530770 -0.139623
v 1.480730 -0.465683 -0.159068
v 1.586603 -0.375404 -0.179141
v 1.681292 -0.261045 -0.196670
v 1.754004 -0.126361 -0.217158
v 1.740865 0.032590 -0.210028
v 1.670489 0.152146 -0.354632
v 1.639789 0.289659 -0.374059
v 1.552579 0.402337 -0.360381
v 1.456117 0.504896 -0.358614
v 1.343028 0.583060 -0.349434
v 1.234253 0.672204 -0.359519
v 1.111209 0.697854 -0.335892
v 0.988821 0.695188 -0.309042
v 0.880174 0.731351 -0.311049
v 0.775679 0.703250 -0.286217
v 0.673465 0.687408 -0.274908
v 0.573725 0.703564 -0.282709
v 0.476022 0.697652 -0.284831
v 0.383065 0.674670 -0.282626
v 0.293580 0.627001 -0.270768
v 0.206062 0.579127 -0.261058
v 0.112346 0.528214 -0.262006
v 0.017141 0.478251 -0.269982
v -0.091080 0.429166 -0.287937
v -0.182796 0.359284 -0.296854
v -0.265515 0.267850 -0.304748
v -0.343201 0.151821 -0.304021
v -0.407365 0.046351 -0.319815
v -0.471025 -0.085260 -0.347249
v -0.476211 -0.235650 -0.386358
v -0.432565 -0.377844 -0.357503
v -0.352731 -0.489791 -0.324809
v -0.254073 -0.595754 -0.306832
v -0.126795 -0.646241 -0.270138
v -0.009428 -0.700424 -0.252417
v 0.110924 -0.725691 -0.230149
v 0.223566 -0.756384 -0.220091
v 0.332716 -0.782624 -0.214602
v 0.438290 -0.793630 -0.207948
v 0.540290 -0.786935 -0.200835
v 0.637900 -0.765959 -0.194332
v 0.734727 -0.756078 -0.194932
v 0.822528 -0.709155 -0.182309
v 0.921694 -0.690742 -0.188360
v 1.019323 -0.671113 -0.206669
v 1.119783 -0.639451 -0.220590
v 1.209742 -0.571705 -0.226092
v 1.298074 -0.495792 -0.230921
v 1.403170 -0.432386 -0.255241
v 1.510522 -0.362445 -0.291952
v 1.599934 -0.259373 -0.321182
v 1.666906 -0.133886 -0.347268
v 1.682819 0.010929 -0.351069
v 1.557385 0.124653 -0.461282
v 1.519813 0.253913 -0.469880
v 1.447169 0.367241 -0.463103
v 1.358517 0.468484 -0.462040
v 1.251572 0.543842 -0.447855
v 1.139370 0.600032 -0.432839
v 1.024661 0.623327 -0.404537
v 0.914673 0.648993 -0.392535
v 0.808502 0.658208 -0.380072
v 0.705930 0.657108 -0.369308
v 0.605190 0.671477 -0.375844
v 0.506924 0.660901 -0.373576
v 0.416126 0.629482 -0.364576
v 0.333599 0.574518 -0.347859
v 0.232522 0.538735 -0.349934
v 0.142322 0.490406 -0.358130
v 0.055424 0.429782 -0.354754
v -0.046206 0.372764 -0.377878
v -0.143298 0.312759 -0.411672
v -0.206613 0.223168 -0.413414
v -0.259339 0.098692 -0.389899
v -0.306131 -0.019781 -0.396697
v -0.323125 -0.140470 -0.399604
v -0.315808 -0.270994 -0.415492
v -0.265993 -0.391425 -0.410656
v -0.195410 -0.507921 -0.411713
v -0.088499 -0.579880 -0.377360
v 0.024877 -0.628411 -0.344780
v 0.136731 -0.664463 -0.320911
v 0.243685 -0.714478 -0.318555
v 0.349015 -0.762468 -0.321862
v 0.455266 -0.751946 -0.301243
v 0.556544 -0.743640 -0.290505
v 0.653713 -0.722958 -0.280971
v 0.747101 -0.700570 -0.277782
v 0.839538 -0.660775 -0.271622
v 0.935335 -0.637523 -0.282035
v 1.027800 -0.599243 -0.290888
v 1.123598 -0.556229 -0.306844
v 1.212378 -0.494798 -0.322506
v 1.296107 -0.414351 -0.331124
v 1.388100 -0.338195 -0.360069
v 1.467066 -0.245393 -0.390530
v 1.527784 -0.133468 -0.419372
v 1.551189 -0.005706 -0.434475
v 1.430503 0.096926 -0.535346
v 1.403372 0.220664 -0.558858
v 1.336893 0.330682 -0.552248
v 1.250636 0.420443 -0.537822
v 1.152070 0.488004 -0.517125
v 1.048248 0.539135 -0.499145
v 0.941704 0.561480 -0.469389
v 0.838149 0.571992 -0.446160
v 0.737697 0.596843 -0.448820
v 0.637412 0.614278 -0.456546
v 0.541038 0.601517 -0.448073
v 0.445484 0.584926 -0.447175
v 0.357062 0.545033 -0.437655
v 0.263510 0.510037 -0.443602
v 0.175638 0.460267 -0.444762
v 0.092833 0.388442 -0.439657
v -0.009789 0.345120 -0.484367
v -0.096013 0.273477 -0.517057
v -0.147973 0.165785 -0.507836
v -0.195323 0.047831 -0.501981
v -0.213272 -0.070551 -0.498689
v -0.195543 -0.189966 -0.484968
v -0.172357 -0.305588 -0.489122
v -0.108949 -0.407111 -0.468283
v -0.031015 -0.497985 -0.459196
v 0.065424 -0.561743 -0.435001
v 0.168027 -0.607999 -0.410054
v 0.268244 -0.663637 -0.410587
v 0.372146 -0.686591 -0.396170
v 0.474808 -0.691712 -0.381337
v 0.572760 -0.682743 -0.367129
v 0.670672 -0.682745 -0.370034
v 0.765554 -0.663722 -0.369760
v 0.856900 -0.627544 -0.367132
v 0.951669 -0.601372 -0.382799
v 1.040728 -0.551081 -0.390033
v 1.132770 -0.501761 -0.412734
v 1.216695 -0.434131 -0.433615
v 1.287548 -0.341072 -0.443858
v 1.361281 -0.254536 -0.478320
v 1.401818 -0.139010 -0.485675
v 1.429716 -0.023426 -0.512287
v 1.302918 0.073063 -0.583113
v 1.279963 0.184138 -0.611933
v 1.221908 0.284778 -0.605815
v 1.143776 0.365907 -0.588242
v 1.058819 0.441521 -0.590535
v 0.962220 0.488335 -0.569562
v 0.862996 0.511670 -0.541947
v 0.765197 0.531168 -0.530625
v 0.668935 0.543121 -0.525574
v 0.574881 0.531648 -0.511163
v 0.480959 0.522103 -0.514749
v 0.389346 0.500038 -0.518089
v 0.299444 0.467834 -0.526909
v 0.219493 0.406759 -0.514701
v 0.136991 0.344894 -0.520968
v 0.049575 0.295115 -0.565899
v -0.020996 0.210500 -0.586453
v -0.080436 0.112829 -0.612413
v -0.101693 -0.004205 -0.591630
v -0.098107 -0.115919 -0.582191
v -0.077808 -0.226903 -0.564112
v -0.030368 -0.328099 -0.542835
v 0.031214 -0.422829 -0.539418
v 0.113481 -0.494639 -0.517989
v 0.204078 -0.552517 -0.500938
v 0.300088 -0.592166 -0.482442
v 0.397124 -0.625626 -0.475454
v 0.494764 -0.625049 -0.450953
v 0.589696 -0.624388 -0.442563
v 0.684874 -0.624614 -0.448580
v 0.777299 -0.606667 -0.451797
v 0.866021 -0.570427 -0.451640
v 0.956109 -0.537415 -0.468879
v 1.041517 -0.487375 -0.485383
v 1.124280 -0.428593 -0.511097
v 1.189819 -0.342151 -0.518145
v 1.246440 -0.248454 -0.533226
v 1.284687 -0.145742 -0.546384
v 1.308713 -0.039323 -0.570697
v 1.190737 0.049132 -0.637215
v 1.160904 0.154748 -0.648410
v 1.102943 0.247167 -0.635447
v 1.033895 0.332380 -0.648764
v 0.945842 0.394366 -0.632444
v 0.851593 0.435093 -0.613645
v 0.755105 0.466123 -0.608591
v 0.658442 0.467225 -0.585003
v 0.562855 0.461152 -0.576458
v 0.467333 0.456160 -0.592302
v 0.376599 0.423451 -0.591282
v 0.293980 0.371375 -0.582608
v 0.214710 0.305852 -0.577289
v 0.137486 0.238006 -0.602414
v 0.068540 0.164801 -0.645736
v 0.025301 0.063270 -0.655457
v 0.014432 -0.047133 -0.632229
v 0.024570 -0.151144 -0.613597
v 0.060108 -0.254209 -0.593614
v 0.111540 -0.350062 -0.588544
v 0.182383 -0.431123 -0.581592
v 0.268112 -0.490821 -0.564027
v 0.360296 -0.537029 -0.553311
v 0.456794 -0.558160 -0.534121
v 0.553251 -0.565354 -0.520870
v 0.648651 -0.562064 -0.517012
v 0.743256 -0.551449 -0.525604
v 0.832462 -0.513920 -0.521739
v 0.919811 -0.473275 -0.535239
v 0.999609 -0.414235 -0.546536
v 1.069378 -0.339642 -0.557140
v 1.129879 -0.257628 -0.579762
v 1.177840 -0.166591 -0.614561
v 1.195364 -0.059142 -0.624032
v 1.078833 0.027904 -0.660341
v 1.049611 0.127218 -0.672925
v 0.993995 0.214766 -0.667490
v 0.920248 0.285356 -0.657689
v 0.834713 0.336967 -0.646162
v 0.742585 0.372653 -0.643289
v 0.647737 0.382800 -0.628031
v 0.552477 0.383393 -0.632552
v 0.456989 0.373604 -0.654865
v 0.373111 0.322640 -0.631071
v 0.296406 0.261567 -0.620342
v 0.220879 0.200307 -0.653999
v 0.158122 0.120695 -0.695505
v 0.130103 0.016591 -0.677252
v 0.120350 -0.089237 -0.681127
v 0.144126 -0.190268 -0.651882
v 0.188567 -0.282942 -0.637240
v 0.254125 -0.359150 -0.617439
v 0.332302 -0.426551 -0.616404
v 0.421416 -0.477726 -0.617932
v 0.516717 -0.492901 -0.593686
v 0.612438 -0.497310 -0.587053
v 0.706568 -0.483982 -0.585069
v 0.795608 -0.448783 -0.580520
v 0.882883 -0.411819 -0.605113
v 0.955474 -0.342624 -0.605988
v 1.017975 -0.265872 -0.623738
v 1.064473 -0.177329 -0.647827
v 1.084165 -0.075328 -0.654574
v 0.974795 0.008431 -0.676599
v 0.946285 0.101518 -0.694819
v 0.889199 0.180493 -0.684170
v 0.813819 0.238096 -0.665468
v 0.727953 0.275024 -0.653440
v 0.636761 0.292106 -0.650255
v 0.544061 0.290517 -0.656223
v 0.455663 0.265759 -0.663360
v 0.376324 0.216172 -0.660393
v 0.306425 0.152875 -0.677728
v 0.255804 0.070485 -0.690012
v 0.232819 -0.025153 -0.680209
v 0.234003 -0.123594 -0.685362
v 0.267407 -0.214371 -0.663652
v 0.323826 -0.290773 -0.645757
v 0.396565 -0.355723 -0.648203
v 0.483245 -0.396502 -0.640299
v 0.575728 -0.416003 -0.638581
v 0.668236 -0.406305 -0.628399
v 0.756810 -0.378165 -0.628763
v 0.838988 -0.335638 -0.648378
v 0.907402 -0.269814 -0.663680
v 0.956483 -0.186057 -0.676797
v 0.978138 -0.088662 -0.672114
v 0.879142 -0.010132 -0.703127
v 0.845940 0.080420 -0.714261
v 0.781566 0.151879 -0.705004
v 0.698048 0.196208 -0.697168
v 0.605571 0.211224 -0.694899
v 0.514618 0.192407 -0.683776
v 0.432514 0.148306 -0.689891
v 0.367927 0.079433 -0.706331
v 0.334605 -0.010801 -0.694275
v 0.332328 -0.107103 -0.700047
v 0.367985 -0.194275 -0.676973
v 0.430558 -0.266304 -0.674452
v 0.513883 -0.309300 -0.661394
v 0.606247 -0.324851 -0.660456
v 0.696065 -0.300570 -0.640042
v 0.779723 -0.263773 -0.668601
v 0.842464 -0.193580 -0.678952
v 0.877696 -0.105767 -0.691389
v 0.784949 -0.026897 -0.703362
v 0.745739 0.058896 -0.728752
v 0.667597 0.111569 -0.719542
v 0.574083 0.119878 -0.720568
v 0.489806 0.079294 -0.710395
v 0.435850 0.002769 -0.702151
v 0.426268 -0.090882 -0.707307
v 0.467466 -0.172893 -0.685215
v 0.544574 -0.225681 -0.682034
v 0.636717 -0.230855 -0.672553
v 0.721282 -0.194320 -0.684112
v 0.776047 -0.119712 -0.695293
v 0.695115 -0.043707 -0.717805
v 0.636672 0.024897 -0.707839
v 0.548067 0.009574 -0.712171
v 0.516817 -0.075178 -0.713872
v 0.575202 -0.140925 -0.689642
v 0.663544 -0.126869 -0.698518
v 0.605924 -0.059551 -0.717036
v -0.994850 0.043720 0.592208
v -0.926674 0.100476 0.583427
v -0.999342 0.141150 0.607105
v -0.980687 -0.045266 0.591919
v -0.918490 0.011155 0.570433
v -0.859046 0.158443 0.542621
v -0.926874 0.217126 0.567531
v -1.015447 0.236954 0.590062
v -0.966137 -0.138534 0.571454
v -0.891871 -0.100907 0.564776
v -0.840412 -0.019020 0.536383
v -0.834646 0.072446 0.520785
v -0.811047 0.202562 0.478532
v -0.865485 0.266106 0.500147
v -0.941865 0.307465 0.526550
v -1.030283 0.323679 0.549691
v -0.880097 -0.208943 0.534668
v -0.801544 -0.139710 0.526582
v -0.769867 -0.052791 0.485188
v -0.769271 0.036847 0.459403
v -0.781087 0.124862 0.463027
v -0.765518 0.244322 0.421550
v -0.813749 0.305511 0.438010
v -0.882670 0.350656 0.450470
v -0.957285 0.387570 0.477825
v -1.043389 0.405325 0.508359
v -0.870051 -0.296501 0.467010
v -0.783004 -0.251912 0.482513
v -0.735499 -0.165350 0.449838
v -0.715981 -0.079921 0.420759
v -0.719651 0.002578 0.396089
v -0.723381 0.090057 0.390036
v -0.741724 0.171869 0.399698
v -0.725635 0.281034 0.361759
v -0.777839 0.338258 0.370773
v -0.837252 0.393540 0.389570
v -0.909430 0.438660 0.411339
v -0.983733 0.484741 0.458023
v -1.085241 0.492457 0.476286
v -0.911370 -0.399588 0.414342
v -0.823885 -0.360979 0.399399
v -0.742140 -0.297811 0.389228
v -0.679792 -0.222796 0.378312
v -0.642115 -0.133484 0.370930
v -0.644194 -0.041319 0.348581
v -0.648643 0.046997 0.340760
v -0.673141 0.129703 0.335254
v -0.701637 0.208508 0.343409
v -0.700263 0.307023 0.294373
v -0.743659 0.369092 0.305397
v -0.809504 0.416386 0.312361
v -0.872269 0.468561 0.333155
v -0.940041 0.522915 0.367499
v -1.025997 0.561984 0.400951
v -1.128083 0.578647 0.431410
v -0.879918 -0.453708 0.319539
v -0.781525 -0.403903 0.306087
v -0.698138 -0.345918 0.300350
v -0.614637 -0.284124 0.313915
v -0.561501 -0.196577 0.343210
v -0.548656 -0.089141 0.332897
v -0.553626 0.011254 0.323325
v -0.585413 0.092006 0.288030
v -0.639765 0.162146 0.274061
v -0.680493 0.237707 0.276847
v -0.676056 0.331555 0.226461
v -0.726710 0.385660 0.231487
v -0.787011 0.432016 0.238063
v -0.848177 0.481131 0.251437
v -0.908028 0.538340 0.276541
v -0.975554 0.597178 0.309005
v -1.060987 0.650705 0.348938
v -1.173520 0.661819 0.370117
v -1.285950 0.644281 0.379131
v -0.935492 -0.525696 0.225025
v -0.841148 -0.472577 0.211810
v -0.744981 -0.432604 0.203795
v -0.652831 -0.396336 0.214347
v -0.554475 -0.356067 0.257226
v -0.551628 0.137903 0.223874
v -0.621688 0.193568 0.205514
v -0.644520 0.269974 0.215247
v -0.668067 0.346035 0.155072
v -0.716977 0.399135 0.160237
v -0.770838 0.451132 0.168652
v -0.819264 0.511704 0.184466
v -0.878641 0.570449 0.202592
v -0.958023 0.618401 0.218771
v -1.041706 0.676091 0.246223
v -1.143115 0.722903 0.274231
v -1.264446 0.727217 0.288286
v -1.382710 0.727554 0.316434
v -0.864209 -0.533305 0.120856
v -0.752707 -0.507589 0.120014
v -0.651633 -0.470875 0.122296
v -0.544518 -0.458834 0.164024
v -0.530160 0.160968 0.148687
v -0.583558 0.226303 0.145438
v -0.626586 0.288786 0.149661
v -0.661354 0.359296 0.084972
v -0.717647 0.402499 0.089986
v -0.762352 0.461917 0.097488
v -0.810198 0.521705 0.106878
v -0.863129 0.583532 0.121331
v -0.929419 0.645056 0.135005
v -1.008425 0.705532 0.153006
v -1.115426 0.737661 0.163564
v -1.227975 0.777740 0.180325
v -1.352859 0.778501 0.188788
v -0.895253 -0.580444 0.017184
v -0.785827 -0.538463 0.014663
v -0.671285 -0.523093 0.019219
v -0.555622 -0.524345 0.036831
v -0.515260 0.194877 0.079827
v -0.588007 0.234826 0.070569
v -0.621500 0.304327 0.078732
v -0.653033 0.374212 0.016353
v -0.710934 0.419265 0.020882
v -0.752005 0.481194 0.028384
v -0.789425 0.551362 0.037911
v -0.852406 0.607895 0.044367
v -0.918303 0.674916 0.052664
v -1.007284 0.728039 0.059288
v -1.111779 0.776617 0.065254
v -1.233913 0.794112 0.067450
v -1.358184 0.790871 0.067281
v -1.479474 0.764808 0.064281
v -0.897998 -0.575653 -0.096398
v -0.781609 -0.528825 -0.089668
v -0.664063 -0.531920 -0.090753
v -0.543978 -0.539829 -0.094095
v -0.518299 0.196435 -0.004511
v -0.583025 0.249050 0.001451
v -0.599828 0.324473 0.010607
v -0.642832 0.390793 -0.054071
v -0.693311 0.441809 -0.048370
v -0.742197 0.496548 -0.042591
v -0.791276 0.557361 -0.038864
v -0.850889 0.615783 -0.036855
v -0.921740 0.674671 -0.036334
v -1.005073 0.735473 -0.037803
v -1.110702 0.776649 -0.040666
v -1.229769 0.791716 -0.044792
v -1.355276 0.806796 -0.054878
v -1.469629 0.765938 -0.064646
v -0.901472 -0.536928 -0.201163
v -0.785204 -0.503156 -0.192573
v -0.672826 -0.505929 -0.200179
v -0.551758 -0.502231 -0.217772
v -0.521077 0.206541 -0.082143
v -0.561469 0.271293 -0.071364
v -0.594668 0.337011 -0.062132
v -0.641377 0.400841 -0.128172
v -0.699842 0.449008 -0.120097
v -0.758743 0.496871 -0.115279
v -0.812458 0.555463 -0.115305
v -0.870781 0.619550 -0.119647
v -0.943626 0.681618 -0.127086
v -1.038209 0.728604 -0.136116
v -1.150596 0.745247 -0.141762
v -1.263975 0.781621 -0.163313
v -1.382355 0.752500 -0.174289
v -0.869035 -0.476122 -0.291731
v -0.752975 -0.464602 -0.297028
v -0.641900 -0.443256 -0.303729
v -0.533887 -0.410179 -0.329477
v -0.528990 0.201479 -0.161915
v -0.560317 0.275694 -0.147993
v -0.589136 0.346955 -0.137597
v -0.653160 0.401979 -0.204209
v -0.720762 0.441882 -0.191366
v -0.773131 0.497359 -0.190250
v -0.830270 0.553396 -0.193563
v -0.896518 0.609833 -0.201636
v -0.974141 0.662612 -0.215623
v -1.070060 0.698506 -0.229461
v -1.176485 0.716260 -0.245029
v -1.285891 0.708534 -0.261850
v -0.944169 -0.434095 -0.390515
v -0.840445 -0.411497 -0.378349
v -0.733845 -0.390115 -0.382647
v -0.634522 -0.351126 -0.389826
v -0.549878 -0.279806 -0.393636
v -0.502219 -0.180672 -0.385396
v -0.493791 -0.063787 -0.343439
v -0.489922 0.038463 -0.327814
v -0.518163 0.125488 -0.279599
v -0.557576 0.189503 -0.237184
v -0.599416 0.257894 -0.216037
v -0.612258 0.338402 -0.212447
v -0.691494 0.380741 -0.270902
v -0.752618 0.430377 -0.260187
v -0.805710 0.489679 -0.262574
v -0.875152 0.536925 -0.265552
v -0.944598 0.593599 -0.284119
v -1.029945 0.640258 -0.307116
v -1.133528 0.650931 -0.320714
v -1.238385 0.630857 -0.329648
v -0.884438 -0.347682 -0.458844
v -0.779679 -0.322560 -0.459123
v -0.683129 -0.276567 -0.462219
v -0.615143 -0.199770 -0.438798
v -0.586240 -0.110285 -0.395443
v -0.563295 -0.009736 -0.377731
v -0.568501 0.083405 -0.345679
v -0.601309 0.160163 -0.308647
v -0.625890 0.238643 -0.290449
v -0.644757 0.319103 -0.283578
v -0.732386 0.356948 -0.335908
v -0.783024 0.419357 -0.332292
v -0.848878 0.466180 -0.329925
v -0.921211 0.513978 -0.338891
v -0.993392 0.568970 -0.370346
v -1.088911 0.587573 -0.390589
v -1.188352 0.576123 -0.407760
v -0.928725 -0.262697 -0.507204
v -0.829179 -0.243905 -0.515140
v -0.737650 -0.197325 -0.513619
v -0.674519 -0.123117 -0.485891
v -0.635604 -0.035859 -0.456569
v -0.620803 0.055583 -0.426460
v -0.634748 0.139899 -0.389991
v -0.655553 0.220390 -0.365819
v -0.686699 0.296469 -0.350213
v -0.763251 0.344260 -0.410287
v -0.813067 0.408378 -0.410973
v -0.879978 0.458256 -0.415604
v -0.960135 0.492567 -0.424764
v -1.043351 0.523736 -0.458497
v -1.139130 0.506336 -0.464368
v -0.970195 -0.172604 -0.535505
v -0.878471 -0.158720 -0.546681
v -0.793849 -0.115780 -0.544218
v -0.728481 -0.048560 -0.531530
v -0.682705 0.036170 -0.518437
v -0.678920 0.120751 -0.475144
v -0.684685 0.206774 -0.453380
v -0.722948 0.276181 -0.422886
v -0.811216 0.316791 -0.473978
v -0.864211 0.386129 -0.484671
v -0.947000 0.422722 -0.483807
v -1.035786 0.442694 -0.506359
v -1.128688 0.416582 -0.506450
v -0.979146 -0.083864 -0.563098
v -0.889899 -0.060019 -0.558527
v -0.812814 -0.006468 -0.565209
v -0.764879 0.072929 -0.545382
v -0.748875 0.162019 -0.522098
v -0.764587 0.247412 -0.497542
v -0.870915 0.278688 -0.524413
v -0.940173 0.334568 -0.520245
v -1.029052 0.351702 -0.525168
v -1.114551 0.324702 -0.544308
v -0.989567 0.006177 -0.570945
v -0.903349 0.037888 -0.573136
v -0.842049 0.112037 -0.581170
v -0.836679 0.197950 -0.540604
v -0.940400 0.229917 -0.546752
v -1.020108 0.266205 -0.550123
v -0.998891 0.094597 -0.584852
v -0.927475 0.146831 -0.575131
v -1.008760 0.183019 -0.575971
v -1.339128 -0.046709 0.662925
v -1.239847 -0.036237 0.641754
v -1.295933 0.047242 0.664550
v -1.400750 0.038619 0.688201
v -1.446249 -0.055235 0.664198
v -1.385290 -0.141422 0.653132
v -1.283575 -0.126834 0.627466
v -1.143021 -0.025507 0.615049
v -1.166165 0.072898 0.657355
v -1.246007 0.146648 0.682076
v -1.357469 0.164762 0.678867
v -1.463759 0.128779 0.677983
v -1.529333 0.044427 0.647195
v -1.535571 -0.056073 0.609947
v -1.506474 -0.156701 0.610476
v -1.429970 -0.230866 0.617129
v -1.323434 -0.251543 0.617855
v -1.223151 -0.211791 0.613336
v -1.160230 -0.126993 0.600435
v -1.044427 -0.014616 0.596304
v -1.059169 0.082279 0.617267
v -1.114575 0.175824 0.636632
v -1.200715 0.244341 0.654890
v -1.310116 0.270284 0.653239
v -1.419073 0.258836 0.643071
v -1.518007 0.213382 0.636587
v -1.583424 0.134942 0.604861
v -1.612405 0.041701 0.566962
v -1.617214 -0.055812 0.550004
v -1.595963 -0.152301 0.543229
v -1.544179 -0.238630 0.543321
v -1.467495 -0.307006 0.554398
v -1.369420 -0.345125 0.567813
v -1.256892 -0.352894 0.597131
v -1.158429 -0.296495 0.586089
v -1.095037 -0.209996 0.566000
v -1.051615 -0.115896 0.569315
v -1.078226 0.272870 0.593013
v -1.170551 0.324712 0.585173
v -1.269054 0.359003 0.592154
v -1.372489 0.361393 0.590203
v -1.479748 0.348373 0.608240
v -1.569678 0.293988 0.588376
v -1.627133 0.215024 0.547999
v -1.672449 0.130337 0.525225
v -1.709590 0.037816 0.521772
v -1.712808 -0.058623 0.507663
v -1.694883 -0.154322 0.501542
v -1.653686 -0.244127 0.495670
v -1.593466 -0.325510 0.498829
v -1.506517 -0.380226 0.493093
v -1.411092 -0.419974 0.498212
v -1.308356 -0.428931 0.500798
v -1.205650 -0.409304 0.506224
v -1.106007 -0.367720 0.520709
v -1.029055 -0.292892 0.526126
v -0.974416 -0.211786 0.551179
v -1.172369 0.413111 0.517809
v -1.274759 0.441633 0.523479
v -1.379199 0.453943 0.537171
v -1.487422 0.437837 0.541837
v -1.594520 0.396944 0.544765
v -1.658259 0.313614 0.502746
v -1.705747 0.226131 0.468890
v -1.759716 0.138552 0.465477
v -1.792334 0.041686 0.457525
v -1.772127 -0.054189 0.429025
v -1.772253 -0.155037 0.431291
v -1.738430 -0.250293 0.428148
v -1.683735 -0.338375 0.427004
v -1.598918 -0.402777 0.417309
v -1.502213 -0.448523 0.408480
v -1.407608 -0.493504 0.419325
v -1.301689 -0.504889 0.425311
v -1.200793 -0.471963 0.415145
v -1.100784 -0.432693 0.425364
v -1.003171 -0.383760 0.450991
v -1.169192 0.515980 0.473364
v -1.278904 0.527180 0.460621
v -1.385479 0.548360 0.481815
v -1.497012 0.526740 0.476406
v -1.596560 0.477473 0.462830
v -1.679265 0.407480 0.443333
v -1.732069 0.319780 0.413178
v -1.783533 0.232926 0.396911
v -1.812855 0.139931 0.377207
v -1.819273 0.045680 0.358585
v -1.812188 -0.047384 0.341608
v -1.809180 -0.143403 0.338113
v -1.792320 -0.239468 0.338821
v -1.744364 -0.326780 0.335212
v -1.670034 -0.395140 0.325970
v -1.580436 -0.452791 0.315669
v -1.492843 -0.504059 0.317930
v -1.401458 -0.551554 0.328892
v -1.295862 -0.584638 0.348788
v -1.182601 -0.567084 0.352505
v -1.088607 -0.505311 0.343266
v -0.991618 -0.462033 0.364561
v -1.281105 0.621241 0.399623
v -1.392556 0.642838 0.415686
v -1.507388 0.614847 0.405804
v -1.595068 0.547591 0.375855
v -1.667728 0.473190 0.351402
v -1.735864 0.398992 0.335569
v -1.789970 0.316821 0.319343
v -1.810073 0.225046 0.294578
v -1.819569 0.135733 0.275056
v -1.837676 0.047251 0.263620
v -1.850281 -0.042375 0.256058
v -1.862025 -0.134913 0.257117
v -1.837047 -0.225333 0.248984
v -1.797234 -0.311653 0.244884
v -1.741177 -0.392444 0.240604
v -1.657038 -0.453395 0.230204
v -1.570539 -0.504359 0.223669
v -1.482271 -0.545806 0.221802
v -1.396555 -0.603511 0.235920
v -1.290105 -0.643631 0.252701
v -1.173413 -0.638100 0.260892
v -1.075061 -0.577457 0.254956
v -0.979436 -0.530552 0.264846
v -1.464724 0.724296 0.323776
v -1.566471 0.649922 0.299132
v -1.632597 0.556875 0.267709
v -1.723721 0.498448 0.261412
v -1.785302 0.416704 0.245420
v -1.821869 0.324926 0.225773
v -1.840314 0.232828 0.206614
v -1.855113 0.144123 0.191532
v -1.870996 0.052978 0.178472
v -1.894666 -0.035018 0.175363
v -1.910142 -0.129178 0.173281
v -1.887661 -0.223387 0.164315
v -1.837281 -0.307925 0.154333
v -1.772711 -0.384125 0.145430
v -1.698688 -0.453190 0.137957
v -1.610528 -0.503719 0.129525
v -1.531099 -0.565597 0.129684
v -1.442568 -0.616875 0.132501
v -1.342341 -0.666075 0.140613
v -1.224216 -0.693791 0.150673
v -1.109895 -0.654563 0.151456
v -1.007090 -0.597728 0.155995
v -0.934749 -0.539891 0.166653
v -1.515058 0.717372 0.197446
v -1.590510 0.628165 0.176879
v -1.670176 0.562116 0.165596
v -1.749744 0.497631 0.157389
v -1.803899 0.414297 0.144533
v -1.847867 0.328570 0.132121
v -1.862277 0.237084 0.116695
v -1.880806 0.149278 0.104806
v -1.903439 0.061864 0.094486
v -1.921934 -0.024806 0.088119
v -1.932850 -0.117383 0.080968
v -1.915836 -0.211622 0.071582
v -1.860472 -0.293580 0.060448
v -1.801645 -0.371449 0.051818
v -1.732639 -0.442004 0.043898
v -1.654686 -0.504514 0.037026
v -1.566488 -0.553594 0.031662
v -1.481593 -0.606142 0.029167
v -1.388528 -0.655430 0.028578
v -1.284823 -0.706706 0.032177
v -1.163458 -0.703098 0.034889
v -1.054707 -0.649540 0.038347
v -0.957696 -0.613292 0.049830
v -1.519621 0.743615 0.086073
v -1.609751 0.668506 0.076986
v -1.685513 0.592628 0.067806
v -1.756706 0.516346 0.058837
v -1.811831 0.431302 0.049033
v -1.856885 0.344011 0.039085
v -1.882666 0.252958 0.028405
v -1.909500 0.164847 0.019256
v -1.943137 0.077262 0.010780
v -1.950229 -0.015190 -0.000149
v -1.951381 -0.111520 -0.013177
v -1.911881 -0.200460 -0.024289
v -1.841766 -0.274874 -0.032632
v -1.793716 -0.356461 -0.042125
v -1.737873 -0.436182 -0.052303
v -1.666208 -0.507449 -0.061087
v -1.581625 -0.566126 -0.068026
v -1.487930 -0.610580 -0.074136
v -1.393057 -0.667936 -0.081083
v -1.281545 -0.718888 -0.086296
v -1.161576 -0.695050 -0.084153
v -1.052449 -0.642190 -0.079499
v -0.959546 -0.603433 -0.074726
v -1.523041 0.759407 -0.032738
v -1.610125 0.679321 -0.033141
v -1.686802 0.603591 -0.036671
v -1.764961 0.531967 -0.042682
v -1.817811 0.443977 -0.049086
v -1.863895 0.356149 -0.056935
v -1.889809 0.264104 -0.064729
v -1.918220 0.175227 -0.074034
v -1.944381 0.088463 -0.085009
v -1.951873 -0.006360 -0.097737
v -1.937799 -0.099853 -0.110912
v -1.889899 -0.184237 -0.117037
v -1.832800 -0.260383 -0.123974
v -1.778580 -0.335712 -0.132603
v -1.727512 -0.415445 -0.146044
v -1.666152 -0.493443 -0.159796
v -1.582919 -0.552124 -0.169217
v -1.487194 -0.592986 -0.176047
v -1.398503 -0.668502 -0.195280
v -1.281337 -0.695738 -0.203825
v -1.159901 -0.672768 -0.202970
v -1.060455 -0.615556 -0.192396
v -0.976811 -0.565444 -0.184249
v -1.460983 0.743692 -0.148910
v -1.563652 0.694062 -0.145042
v -1.641061 0.612951 -0.137669
v -1.730831 0.552179 -0.144608
v -1.809064 0.476450 -0.151368
v -1.852348 0.380965 -0.154356
v -1.875418 0.283771 -0.157490
v -1.893903 0.190624 -0.164227
v -1.918930 0.101011 -0.178453
v -1.911702 0.007450 -0.186344
v -1.897663 -0.085092 -0.196255
v -1.871595 -0.175212 -0.208121
v -1.828510 -0.261535 -0.219971
v -1.767045 -0.336836 -0.230459
v -1.702136 -0.411312 -0.243140
v -1.628233 -0.479805 -0.256947
v -1.535951 -0.526571 -0.264076
v -1.449600 -0.588596 -0.285334
v -1.348350 -0.649767 -0.313871
v -1.226356 -0.633939 -0.309090
v -1.119523 -0.586739 -0.296122
v -1.017583 -0.543818 -0.292502
v -1.393688 0.692196 -0.246482
v -1.493696 0.647410 -0.235918
v -1.583923 0.599188 -0.233130
v -1.668152 0.542007 -0.236716
v -1.750888 0.475391 -0.243941
v -1.813895 0.392905 -0.249616
v -1.846577 0.298329 -0.250095
v -1.864309 0.204004 -0.253965
v -1.869870 0.110761 -0.258585
v -1.880441 0.020087 -0.272152
v -1.888961 -0.075196 -0.292080
v -1.860120 -0.169475 -0.306558
v -1.797052 -0.247098 -0.311942
v -1.729770 -0.318564 -0.320209
v -1.660246 -0.388901 -0.333014
v -1.577636 -0.444736 -0.343453
v -1.491960 -0.499147 -0.361214
v -1.400938 -0.553404 -0.389165
v -1.290342 -0.574922 -0.405240
v -1.172474 -0.565507 -0.409800
v -1.071338 -0.508527 -0.392578
v -0.989050 -0.449483 -0.385042
v -1.383848 0.610928 -0.321264
v -1.481491 0.578180 -0.315337
v -1.568921 0.529537 -0.312471
v -1.664582 0.483939 -0.327921
v -1.740264 0.410279 -0.335236
v -1.800286 0.324494 -0.343328
v -1.849255 0.231488 -0.355949
v -1.842088 0.128892 -0.350002
v -1.862966 0.033326 -0.370279
v -1.853340 -0.067400 -0.388870
v -1.799649 -0.156100 -0.390928
v -1.740035 -0.236662 -0.398555
v -1.666664 -0.309298 -0.407711
v -1.589398 -0.375533 -0.424324
v -1.505695 -0.434436 -0.446415
v -1.407480 -0.478761 -0.471306
v -1.296366 -0.516804 -0.508486
v -1.174289 -0.488686 -0.501765
v -1.087214 -0.415548 -0.461345
v -1.000906 -0.357590 -0.458183
v -1.273637 0.552687 -0.413802
v -1.381715 0.561449 -0.418340
v -1.478088 0.521600 -0.403598
v -1.579382 0.490073 -0.418563
v -1.663475 0.423551 -0.423280
v -1.722702 0.336580 -0.422059
v -1.776531 0.246514 -0.434662
v -1.792826 0.145716 -0.435990
v -1.798233 0.046491 -0.448638
v -1.771401 -0.050614 -0.456037
v -1.729665 -0.141404 -0.467269
v -1.671566 -0.224081 -0.482408
v -1.594482 -0.292313 -0.494505
v -1.514281 -0.356131 -0.523678
v -1.415135 -0.398847 -0.548248
v -1.302084 -0.416256 -0.569604
v -1.195336 -0.377800 -0.542078
v -1.107508 -0.318681 -0.513047
v -1.020705 -0.257244 -0.511453
v -1.173770 0.448616 -0.498606
v -1.272275 0.480803 -0.494344
v -1.374450 0.484951 -0.493869
v -1.474530 0.463150 -0.494050
v -1.569901 0.419273 -0.504778
v -1.643236 0.344827 -0.504754
v -1.686582 0.252664 -0.498092
v -1.712762 0.157344 -0.500768
v -1.708503 0.060079 -0.503421
v -1.687996 -0.033419 -0.514862
v -1.654751 -0.122464 -0.540323
v -1.590373 -0.198187 -0.555724
v -1.509451 -0.257805 -0.572964
v -1.417861 -0.302885 -0.604345
v -1.310708 -0.306530 -0.601223
v -1.209648 -0.279025 -0.588098
v -1.125713 -0.224151 -0.563386
v -1.048733 -0.156402 -0.557418
v -1.130072 0.307958 -0.559186
v -1.212498 0.374118 -0.562392
v -1.314192 0.407955 -0.568088
v -1.423020 0.402690 -0.574575
v -1.517413 0.350388 -0.565984
v -1.589687 0.272455 -0.565851
v -1.627299 0.175413 -0.563542
v -1.630255 0.073441 -0.564872
v -1.608173 -0.023882 -0.582338
v -1.549447 -0.107074 -0.592958
v -1.468831 -0.168984 -0.607921
v -1.372522 -0.204612 -0.637271
v -1.266861 -0.193891 -0.629137
v -1.171210 -0.148540 -0.620808
v -1.102582 -0.072382 -0.595810
v -1.055761 0.020374 -0.593576
v -1.140516 0.119686 -0.620342
v -1.173655 0.220544 -0.615913
v -1.254356 0.291407 -0.612862
v -1.360284 0.311901 -0.612807
v -1.462305 0.275772 -0.617212
v -1.533197 0.193275 -0.625388
v -1.545944 0.087107 -0.621844
v -1.506633 -0.010800 -0.623962
v -1.432167 -0.081138 -0.647694
v -1.326501 -0.099281 -0.646769
v -1.227391 -0.064086 -0.645701
v -1.163092 0.016642 -0.623690
v -1.240727 0.114416 -0.647202
v -1.299351 0.197890 -0.632155
v -1.403702 0.194155 -0.650583
v -1.448842 0.099250 -0.660110
v -1.388847 0.013161 -0.672007
v -1.283726 0.021736 -0.669478
v -1.343606 0.108584 -0.666297
f 1 2 3
f 1 3 4
f 1 4 5
f 1 5 6
f 1 6 7
f 1 7 2
f 2 8 9
f 2 9 3
f 3 9 10
f 3 10 11
f 3 11 4
f 4 11 12
f 4 12 13
f 4 13 5
f 5 13 14
f 5 14 15
f 5 15 6
f 6 15 16
f 6 16 17
f 6 17 7
f 7 17 18
f 7 18 19
f 7 19 2
f 2 19 8
f 8 20 21
f 8 21 9
f 9 21 22
f 9 22 10
f 10 22 23
f 10 23 24
f 10 24 11
f 11 24 25
f 11 25 12
f 12 25 26
f 12 26 27
f 12 27 13
f 13 27 28
f 13 28 14
f 14 28 29
f 14 29 30
f 14 30 15
f 15 30 31
f 15 31 16
f 16 31 32
f 16 32 33
f 16 33 17
f 17 33 34
f 17 34 18
f 18 34 35
f 18 35 36
f 18 36 19
f 19 36 37
f 19 37 8
f 8 37 20
f 20 38 39
f 20 39 21
f 21 39 40
f 21 40 22
f 22 40 41
f 22 41 23
f 23 41 42
f 23 42 43
f 23 43 24
f 24 43 44
f 24 44 25
f 25 44 45
f 25 45 26
f 26 45 46
f 26 46 47
f 26 47 27
f 27 47 48
f 27 48 28
f 28 48 49
f 28 49 29
f 29 49 50
f 29 50 51
f 29 51 30
f 30 51 52
f 30 52 31
f 31 52 53
f 31 53 32
f 32 53 54
f 32 54 55
f 32 55 33
f 33 55 56
f 33 56 34
f 34 56 57
f 34 57 58
f 34 58 35
f 35 58 59
f 35 59 36
f 36 59 60
f 36 60 37
f 37 60 61
f 37 61 20
f 20 61 38
f 38 62 63
f 38 63 39
f 39 63 64
f 39 64 40
f 40 64 65
f 40 65 41
f 41 65 66
f 41 66 42
f 42 66 67
f 42 67 68
f 42 68 43
f 43 68 69
f 43 69 44
f 44 69 70
f 44 70 45
f 45 70 71
f 45 71 46
f 46 71 72
f 46 72 47
f 47 72 73
f 47 73 74
f 47 74 48
f 48 74 75
f 48 75 49
f 49 75 76
f 49 76 50
f 50 76 77
f 50 77 51
f 51 77 78
f 51 78 52
f 52 78 79
f 52 79 80
f 52 80 53
f 53 80 81
f 53 81 54
f 54 81 82
f 54 82 55
f 55 82 83
f 55 83 56
f 56 83 84
f 56 84 57
f 57 84 85
f 57 85 86
f 57 86 58
f 58 86 87
f 58 87 59
f 59 87 88
f 59 88 60
f 60 88 89
f 60 89 61
f 61 89 90
f 61 90 38
f 38 90 62
f 62 91 92
f 62 92 63
f 63 92 93
f 63 93 64
f 64 93 94
f 64 94 65
f 65 94 95
f 65 95 66
f 66 95 96
f 66 96 67
f 67 96 97
f 67 97 98
f 67 98 68
f 68 98 99
f 68 99 69
f 69 99 100
f 69 100 70
f 70 100 101
f 70 101 71
f 71 101 102
f 71 102 72
f 72 102 103
f 72 103 73
f 73 103 104
f 73 104 105
f 73 105 74
f 74 105 106
f 74 106 75
f 75 106 107
f 75 107 76
f 76 107 108
f 76 108 77
f 77 108 109
f 77 109 78
f 78 109 110
f 78 110 79
f 79 110 111
f 79 111 112
f 79 112 80
f 80 112 113
f 80 113 81
f 81 113 114
f 81 114 82
f 82 114 115
f 82 115 83
f 83 115 116
f 83 116 84
f 84 116 117
f 84 117 85
f 85 117 118
f 85 118 119
f 85 119 86
f 86 119 120
f 86 120 87
f 87 120 121
f 87 121 88
f 88 121 122
f 88 122 89
f 89 122 123
f 89 123 90
f 90 123 124
f 90 124 62
f 62 124 91
f 91 125 126
f 91 126 92
f 92 126 127
f 92 127 93
f 93 127 128
f 93 128 94
f 94 128 129
f 94 129 95
f 95 129 130
f 95 130 96
f 96 130 131
f 96 131 97
f 97 131 132
f 97 132 133
f 97 133 98
f 98 133 134
f 98 134 99
f 99 134 135
f 99 135 100
f 100 135 136
f 100 136 101
f 101 136 137
f 101 137 102
f 102 137 138
f 102 138 103
f 103 138 139
f 103 139 104
f 104 139 140
f 104 140 141
f 104 141 105
f 105 141 142
f 105 142 106
f 106 142 143
f 106 143 107
f 107 143 144
f 107 144 108
f 108 144 145
f 108 145 109
f 109 145 146
f 109 146 110
f 110 146 147
f 110 147 111
f 111 147 148
f 111 148 149
f 111 149 112
f 112 149 150
f 112 150 113
f 113 150 151
f 113 151 114
f 114 151 152
f 114 152 115
f 115 152 153
f 115 153 116
f 116 153 154
f 116 154 117
f 117 154 155
f 117 155 118
f 118 155 156
f 118 156 157
f 118 157 119
f 119 157 158
f 119 158 120
f 120 158 159
f 120 159 121
f 121 159 160
f 121 160 122
f 122 160 161
f 122 161 123
f 123 161 162
f 123 162 124
f 124 162 163
f 124 163 91
f 91 163 125
f 125 164 165
f 125 165 126
f 126 165 166
f 126 166 127
f 127 166 167
f 127 167 128
f 128 167 168
f 128 168 129
f 129 168 169
f 129 169 130
f 130 169 170
f 130 170 131
f 131 170 171
f 131 171 132
f 132 171 172
f 132 172 133
f 133 172 173
f 133 173 134
f 134 173 174
f 134 174 135
f 135 174 175
f 135 175 136
f 136 175 176
f 136 176 137
f 137 176 177
f 137 177 138
f 138 177 178
f 138 178 179
f 138 179 139
f 139 179 180
f 139 180 140
f 140 180 181
f 140 181 141
f 141 181 182
f 141 182 142
f 142 182 183
f 142 183 143
f 143 183 184
f 143 184 144
f 144 184 185
f 144 185 145
f 145 185 186
f 145 186 146
f 146 186 187
f 146 187 147
f 147 187 188
f 147 188 148
f 148 188 189
f 148 189 149
f 149 189 190
f 149 190 150
f 150 190 191
f 150 191 151
f 151 191 192
f 151 192 193
f 151 193 152
f 152 193 194
f 152 194 153
f 153 194 195
f 153 195 154
f 154 195 196
f 154 196 155
f 155 196 197
f 155 197 156
f 156 197 198
f 156 198 157
f 157 198 199
f 157 199 158
f 158 199 200
f 158 200 159
f 159 200 201
f 159 201 160
f 160 201 202
f 160 202 161
f 161 202 203
f 161 203 162
f 162 203 204
f 162 204 163
f 163 204 205
f 163 205 125
f 125 205 164
f 164 206 207
f 164 207 165
f 165 207 208
f 165 208 166
f 166 208 209
f 166 209 167
f 167 209 210
f 167 210 168
f 168 210 211
f 168 211 169
f 169 211 212
f 169 212 170
f 170 212 213
f 170 213 171
f 171 213 214
f 171 214 172
f 172 214 215
f 172 215 173
f 173 215 216
f 173 216 174
f 174 216 217
f 174 217 175
f 175 217 218
f 175 218 176
f 176 218 219
f 176 219 177
f 177 219 220
f 177 220 221
f 177 221 178
f 178 221 222
f 178 222 179
f 179 222 223
f 179 223 180
f 180 223 224
f 180 224 181
f 181 224 225
f 181 225 182
f 182 225 226
f 182 226 183
f 183 226 227
f 183 227 184
f 184 227 228
f 184 228 185
f 185 228 229
f 185 229 186
f 186 229 230
f 186 230 187
f 187 230 231
f 187 231 188
f 188 231 232
f 188 232 189
f 189 232 233
f 189 233 190
f 190 233 234
f 190 234 191
f 191 234 235
f 191 235 236
f 191 236 192
f 192 236 237
f 192 237 193
f 193 237 238
f 193 238 194
f 194 238 239
f 194 239 195
f 195 239 240
f 195 240 196
f 196 240 241
f 196 241 197
f 197 241 242
f 197 242 198
f 198 242 243
f 198 243 199
f 199 243 244
f 199 244 200
f 200 244 245
f 200 245 201
f 201 245 246
f 201 246 202
f 202 246 247
f 202 247 203
f 203 247 248
f 203 248 204
f 204 248 249
f 204 249 205
f 205 249 250
f 205 250 164
f 164 250 206
f 206 251 252
f 206 252 207
f 207 252 253
f 207 253 208
f 208 253 254
f 208 254 209
f 209 254 255
f 209 255 210
f 210 255 256
f 210 256 211
f 211 256 257
f 211 257 212
f 212 257 258
f 212 258 213
f 213 258 259
f 213 259 214
f 214 259 260
f 214 260 215
f 215 260 261
f 215 261 216
f 216 261 262
f 216 262 217
f 217 262 263
f 217 263 218
f 218 263 264
f 218 264 219
f 219 264 265
f 219 265 220
f 220 265 266
f 220 266 221
f 221 266 267
f 221 267 268
f 221 268 222
f 222 268 269
f 222 269 223
f 223 269 270
f 223 270 224
f 224 270 271
f 224 271 225
f 225 271 272
f 225 272 226
f 226 272 273
f 226 273 227
f 227 273 274
f 227 274 228
f 228 274 275
f 228 275 229
f 229 275 276
f 229 276 230
f 230 276 277
f 230 277 231
f 231 277 278
f 231 278 232
f 232 278 279
f 232 279 233
f 233 279 280
f 233 280 234
f 234 280 281
f 234 281 235
f 235 281 282
f 235 282 236
f 236 282 283
f 236 283 284
f 236 284 237
f 237 284 285
f 237 285 238
f 238 285 286
f 238 286 239
f 239 286 287
f 239 287 240
f 240 287 288
f 240 288 241
f 241 288 289
f 241 289 242
f 242 289 290
f 242 290 243
f 243 290 291
f 243 291 244
f 244 291 292
f 244 292 245
f 245 292 293
f 245 293 246
f 246 293 294
f 246 294 247
f 247 294 295
f 247 295 248
f 248 295 296
f 248 296 249
f 249 296 297
f 249 297 250
f 250 297 298
f 250 298 206
f 206 298 251
f 251 299 300
f 251 300 252
f 252 300 301
f 252 301 253
f 253 301 302
f 253 302 254
f 254 302 303
f 254 303 255
f 255 303 304
f 255 304 256
f 256 304 305
f 256 305 257
f 257 305 306
f 257 306 258
f 258 306 307
f 258 307 259
f 259 307 308
f 259 308 260
f 260 308 309
f 260 309 261
f 261 309 310
f 261 310 262
f 262 310 311
f 262 311 263
f 263 311 312
f 263 312 264
f 264 312 313
f 264 313 265
f 265 313 314
f 265 314 266
f 266 314 315
f 266 315 267
f 267 315 316
f 267 316 268
f 268 316 317
f 268 317 269
f 269 317 318
f 269 318 270
f 270 318 319
f 270 319 271
f 271 319 320
f 271 320 272
f 272 320 321
f 272 321 273
f 276 322 277
f 277 322 323
f 277 323 278
f 278 323 324
f 278 324 279
f 279 324 325
f 279 325 280
f 280 325 326
f 280 326 281
f 281 326 327
f 281 327 282
f 282 327 328
f 282 328 283
f 283 328 329
f 283 329 284
f 284 329 330
f 284 330 285
f 285 330 331
f 285 331 286
f 286 331 332
f 286 332 287
f 287 332 333
f 287 333 288
f 288 333 334
f 288 334 289
f 289 334 335
f 289 335 290
f 290 335 336
f 290 336 291
f 291 336 337
f 291 337 292
f 292 337 338
f 292 338 293
f 293 338 339
f 293 339 294
f 294 339 340
f 294 340 295
f 295 340 341
f 295 341 296
f 296 341 342
f 296 342 297
f 297 342 343
f 297 343 298
f 298 343 344
f 298 344 251
f 251 344 299
f 299 345 346
f 299 346 300
f 300 346 347
f 300 347 301
f 301 347 348
f 301 348 302
f 302 348 349
f 302 349 303
f 303 349 350
f 303 350 304
f 304 350 351
f 304 351 305
f 305 351 352
f 305 352 306
f 306 352 353
f 306 353 307
f 307 353 354
f 307 354 308
f 308 354 355
f 308 355 309
f 309 355 356
f 309 356 310
f 310 356 357
f 310 357 311
f 311 357 358
f 311 358 312
f 312 358 359
f 312 359 313
f 313 359 360
f 313 360 314
f 314 360 361
f 314 361 315
f 315 361 362
f 315 362 316
f 316 362 363
f 316 363 317
f 317 363 364
f 317 364 318
f 318 364 365
f 318 365 319
f 319 365 366
f 319 366 320
f 320 366 367
f 320 367 321
f 322 368 323
f 323 368 369
f 323 369 324
f 324 369 370
f 324 370 325
f 325 370 371
f 325 371 326
f 326 371 372
f 326 372 327
f 327 372 373
f 327 373 328
f 328 373 374
f 328 374 329
f 329 374 375
f 329 375 330
f 330 375 376
f 330 376 331
f 331 376 377
f 331 377 332
f 332 377 378
f 332 378 333
f 333 378 379
f 333 379 334
f 334 379 380
f 334 380 335
f 335 380 381
f 335 381 336
f 336 381 382
f 336 382 337
f 337 382 383
f 337 383 338
f 338 383 384
f 338 384 339
f 339 384 385
f 339 385 340
f 340 385 386
f 340 386 341
f 341 386 387
f 341 387 342
f 342 387 388
f 342 388 343
f 343 388 389
f 343 389 344
f 344 389 390
f 344 390 299
f 299 390 345
f 345 391 346
f 346 391 392
f 346 392 347
f 347 392 393
f 347 393 348
f 348 393 394
f 348 394 349
f 349 394 395
f 349 395 350
f 350 395 396
f 350 396 351
f 351 396 397
f 351 397 352
f 352 397 398
f 352 398 353
f 353 398 399
f 353 399 354
f 354 399 400
f 354 400 355
f 355 400 401
f 355 401 356
f 356 401 402
f 356 402 357
f 357 402 403
f 357 403 358
f 358 403 404
f 358 404 359
f 359 404 405
f 359 405 360
f 360 405 406
f 360 406 361
f 361 406 407
f 361 407 362
f 362 407 408
f 362 408 363
f 363 408 409
f 363 409 364
f 364 409 410
f 364 410 365
f 365 410 411
f 365 411 366
f 366 411 412
f 366 412 367
f 367 412 413
f 368 414 369
f 369 414 415
f 369 415 370
f 370 415 416
f 370 416 371
f 371 416 417
f 371 417 372
f 372 417 418
f 372 418 373
f 373 418 419
f 373 419 374
f 374 419 420
f 374 420 375
f 375 420 421
f 375 421 376
f 376 421 422
f 376 422 377
f 377 422 423
f 377 423 378
f 378 423 424
f 378 424 379
f 379 424 425
f 379 425 380
f 380 425 426
f 380 426 381
f 381 426 427
f 381 427 382
f 382 427 428
f 382 428 383
f 383 428 429
f 383 429 384
f 384 429 430
f 384 430 385
f 385 430 431
f 385 431 386
f 386 431 432
f 386 432 387
f 387 432 433
f 387 433 388
f 388 433 434
f 388 434 389
f 389 434 435
f 389 435 390
f 390 435 436
f 390 436 345
f 345 436 391
f 391 437 392
f 392 437 438
f 392 438 393
f 393 438 439
f 393 439 394
f 394 439 440
f 394 440 395
f 395 440 441
f 395 441 396
f 396 441 442
f 396 442 397
f 397 442 443
f 397 443 398
f 398 443 444
f 398 444 399
f 399 444 445
f 399 445 400
f 400 445 446
f 400 446 401
f 401 446 447
f 401 447 402
f 402 447 448
f 402 448 403
f 403 448 449
f 403 449 404
f 404 449 450
f 404 450 405
f 405 450 451
f 405 451 406
f 406 451 452
f 406 452 407
f 407 452 453
f 407 453 408
f 408 453 454
f 408 454 409
f 409 454 455
f 409 455 410
f 410 455 456
f 410 456 411
f 411 456 457
f 411 457 412
f 412 457 458
f 412 458 413
f 413 458 459
f 414 460 461
f 414 461 415
f 415 461 462
f 415 462 416
f 416 462 463
f 416 463 417
f 417 463 464
f 417 464 418
f 418 464 465
f 418 465 419
f 419 465 466
f 419 466 420
f 420 466 467
f 420 467 421
f 421 467 468
f 421 468 422
f 422 468 469
f 422 469 423
f 423 469 470
f 423 470 424
f 424 470 471
f 424 471 425
f 425 471 472
f 425 472 426
f 426 472 473
f 426 473 427
f 427 473 474
f 427 474 428
f 428 474 475
f 428 475 429
f 429 475 476
f 429 476 430
f 430 476 477
f 430 477 431
f 431 477 478
f 431 478 432
f 432 478 479
f 432 479 433
f 433 479 480
f 433 480 434
f 434 480 481
f 434 481 435
f 435 481 482
f 435 482 436
f 436 482 437
f 436 437 391
f 437 483 438
f 438 483 484
f 438 484 439
f 439 484 485
f 439 485 440
f 440 485 486
f 440 486 441
f 441 486 487
f 441 487 442
f 442 487 488
f 442 488 443
f 443 488 489
f 443 489 444
f 444 489 490
f 444 490 445
f 445 490 491
f 445 491 446
f 446 491 492
f 446 492 447
f 447 492 493
f 447 493 448
f 448 493 494
f 448 494 449
f 449 494 495
f 449 495 450
f 450 495 496
f 450 496 451
f 451 496 497
f 451 497 452
f 452 497 498
f 452 498 453
f 453 498 499
f 453 499 454
f 454 499 500
f 454 500 455
f 455 500 501
f 455 501 456
f 456 501 502
f 456 502 457
f 457 502 503
f 457 503 458
f 458 503 504
f 458 504 459
f 967 504 505
f 460 508 509
f 460 509 461
f 461 509 510
f 461 510 462
f 462 510 511
f 462 511 463
f 463 511 512
f 463 512 464
f 464 512 513
f 464 513 465
f 465 513 514
f 465 514 466
f 466 514 515
f 466 515 467
f 467 515 516
f 467 516 468
f 468 516 517
f 468 517 469
f 469 517 518
f 469 518 470
f 470 518 519
f 470 519 471
f 471 519 520
f 471 520 472
f 472 520 521
f 472 521 473
f 473 521 522
f 473 522 474
f 474 522 523
f 474 523 475
f 475 523 524
f 475 524 476
f 476 524 525
f 476 525 477
f 477 525 526
f 477 526 478
f 478 526 527
f 478 527 479
f 479 527 528
f 479 528 480
f 480 528 529
f 480 529 481
f 481 529 530
f 481 530 482
f 482 530 437
f 437 530 483
f 483 531 484
f 484 531 532
f 484 532 485
f 485 532 533
f 485 533 486
f 486 533 534
f 486 534 487
f 487 534 535
f 487 535 488
f 488 535 536
f 488 536 489
f 489 536 537
f 489 537 490
f 490 537 538
f 490 538 491
f 491 538 539
f 491 539 492
f 492 539 540
f 492 540 493
f 493 540 541
f 493 541 494
f 494 541 542
f 494 542 495
f 495 542 543
f 495 543 496
f 496 543 544
f 496 544 497
f 497 544 545
f 497 545 498
f 498 545 499
f 499 545 546
f 499 546 500
f 500 546 547
f 500 547 501
f 501 547 548
f 501 548 502
f 502 548 549
f 502 549 503
f 503 549 550
f 503 550 504
f 504 550 551
f 504 551 505
f 505 551 552
f 505 552 506
f 506 552 553
f 964 553 507
f 507 553 554
f 507 554 508
f 508 554 555
f 508 555 509
f 509 555 556
f 509 556 510
f 510 556 557
f 510 557 511
f 511 557 558
f 511 558 512
f 512 558 559
f 512 559 513
f 513 559 560
f 513 560 514
f 514 560 515
f 515 560 561
f 515 561 516
f 516 561 562
f 516 562 517
f 517 562 563
f 517 563 518
f 518 563 564
f 518 564 519
f 519 564 565
f 519 565 520
f 520 565 566
f 520 566 521
f 521 566 567
f 521 567 522
f 522 567 568
f 522 568 523
f 523 568 569
f 523 569 524
f 524 569 570
f 524 570 525
f 525 570 571
f 525 571 526
f 526 571 572
f 526 572 527
f 527 572 573
f 527 573 528
f 528 573 574
f 528 574 529
f 529 574 575
f 529 575 530
f 530 575 483
f 483 575 531
f 531 576 532
f 532 576 577
f 532 577 533
f 533 577 578
f 533 578 534
f 534 578 579
f 534 579 535
f 535 579 580
f 535 580 536
f 536 580 581
f 536 581 537
f 537 581 582
f 537 582 538
f 538 582 583
f 538 583 539
f 539 583 584
f 539 584 540
f 540 584 585
f 540 585 541
f 541 585 586
f 541 586 542
f 542 586 587
f 542 587 543
f 543 587 588
f 543 588 544
f 544 588 589
f 544 589 545
f 545 589 546
f 546 589 590
f 546 590 547
f 547 590 591
f 547 591 548
f 548 591 592
f 548 592 549
f 549 592 593
f 549 593 550
f 550 593 594
f 550 594 551
f 551 594 595
f 551 595 552
f 552 595 596
f 552 596 553
f 553 596 597
f 553 597 554
f 554 597 598
f 554 598 555
f 555 598 599
f 555 599 556
f 556 599 600
f 556 600 557
f 557 600 601
f 557 601 558
f 558 601 602
f 558 602 559
f 559 602 603
f 559 603 560
f 560 603 561
f 561 603 604
f 561 604 562
f 562 604 605
f 562 605 563
f 563 605 606
f 563 606 564
f 564 606 607
f 564 607 565
f 565 607 608
f 565 608 566
f 566 608 609
f 566 609 567
f 567 609 610
f 567 610 568
f 568 610 611
f 568 611 569
f 569 611 612
f 569 612 570
f 570 612 613
f 570 613 571
f 571 613 614
f 571 614 572
f 572 614 615
f 572 615 573
f 573 615 616
f 573 616 574
f 574 616 617
f 574 617 575
f 575 617 531
f 531 617 576
f 576 618 577
f 577 618 619
f 577 619 578
f 578 619 620
f 578 620 579
f 579 620 621
f 579 621 580
f 580 621 622
f 580 622 581
f 581 622 623
f 581 623 582
f 582 623 624
f 582 624 583
f 583 624 625
f 583 625 584
f 584 625 626
f 584 626 585
f 585 626 627
f 585 627 586
f 586 627 628
f 586 628 587
f 587 628 629
f 587 629 588
f 588 629 630
f 588 630 589
f 589 630 631
f 589 631 590
f 590 631 591
f 591 631 632
f 591 632 592
f 592 632 633
f 592 633 593
f 593 633 634
f 593 634 594
f 594 634 635
f 594 635 595
f 595 635 636
f 595 636 596
f 596 636 637
f 596 637 597
f 597 637 638
f 597 638 598
f 598 638 639
f 598 639 599
f 599 639 640
f 599 640 600
f 600 640 641
f 600 641 601
f 601 641 642
f 601 642 602
f 602 642 643
f 602 643 603
f 603 643 644
f 603 644 604
f 604 644 605
f 605 644 645
f 605 645 606
f 606 645 646
f 606 646 607
f 607 646 647
f 607 647 608
f 608 647 648
f 608 648 609
f 609 648 649
f 609 649 610
f 610 649 650
f 610 650 611
f 611 650 651
f 611 651 612
f 612 651 652
f 612 652 613
f 613 652 653
f 613 653 614
f 614 653 654
f 614 654 615
f 615 654 655
f 615 655 616
f 616 655 656
f 616 656 617
f 617 656 576
f 576 656 618
f 618 657 619
f 619 657 658
f 619 658 620
f 620 658 659
f 620 659 621
f 621 659 660
f 621 660 622
f 622 660 661
f 622 661 623
f 623 661 662
f 623 662 624
f 624 662 663
f 624 663 625
f 625 663 626
f 626 663 664
f 626 664 627
f 627 664 665
f 627 665 628
f 628 665 666
f 628 666 629
f 629 666 667
f 629 667 630
f 630 667 668
f 630 668 631
f 631 668 669
f 631 669 632
f 632 669 670
f 632 670 633
f 633 670 634
f 634 670 671
f 634 671 635
f 635 671 672
f 635 672 636
f 636 672 673
f 636 673 637
f 637 673 674
f 637 674 638
f 638 674 675
f 638 675 639
f 639 675 676
f 639 676 640
f 640 676 677
f 640 677 641
f 641 677 642
f 642 677 678
f 642 678 643
f 643 678 679
f 643 679 644
f 644 679 680
f 644 680 645
f 645 680 681
f 645 681 646
f 646 681 682
f 646 682 647
f 647 682 683
f 647 683 648
f 648 683 684
f 648 684 649
f 649 684 650
f 650 684 685
f 650 685 651
f 651 685 686
f 651 686 652
f 652 686 687
f 652 687 653
f 653 687 688
f 653 688 654
f 654 688 689
f 654 689 655
f 655 689 690
f 655 690 656
f 656 690 618
f 618 690 657
f 657 691 658
f 658 691 692
f 658 692 659
f 659 692 693
f 659 693 660
f 660 693 694
f 660 694 661
f 661 694 695
f 661 695 662
f 662 695 696
f 662 696 663
f 663 696 664
f 664 696 697
f 664 697 665
f 665 697 698
f 665 698 666
f 666 698 699
f 666 699 667
f 667 699 700
f 667 700 668
f 668 700 701
f 668 701 669
f 669 701 702
f 669 702 670
f 670 702 671
f 671 702 703
f 671 703 672
f 672 703 704
f 672 704 673
f 673 704 705
f 673 705 674
f 674 705 706
f 674 706 675
f 675 706 707
f 675 707 676
f 676 707 708
f 676 708 677
f 677 708 678
f 678 708 709
f 678 709 679
f 679 709 710
f 679 710 680
f 680 710 711
f 680 711 681
f 681 711 712
f 681 712 682
f 682 712 713
f 682 713 683
f 683 713 714
f 683 714 684
f 684 714 685
f 685 714 715
f 685 715 686
f 686 715 716
f 686 716 687
f 687 716 717
f 687 717 688
f 688 717 718
f 688 718 689
f 689 718 719
f 689 719 690
f 690 719 657
f 657 719 691
f 691 720 692
f 692 720 721
f 692 721 693
f 693 721 722
f 693 722 694
f 694 722 723
f 694 723 695
f 695 723 724
f 695 724 696
f 696 724 697
f 697 724 725
f 697 725 698
f 698 725 726
f 698 726 699
f 699 726 727
f 699 727 700
f 700 727 728
f 700 728 701
f 701 728 729
f 701 729 702
f 702 729 703
f 703 729 730
f 703 730 704
f 704 730 731
f 704 731 705
f 705 731 732
f 705 732 706
f 706 732 733
f 706 733 707
f 707 733 734
f 707 734 708
f 708 734 709
f 709 734 735
f 709 735 710
f 710 735 736
f 710 736 711
f 711 736 737
f 711 737 712
f 712 737 738
f 712 738 713
f 713 738 739
f 713 739 714
f 714 739 715
f 715 739 740
f 715 740 716
f 716 740 741
f 716 741 717
f 717 741 742
f 717 742 718
f 718 742 743
f 718 743 719
f 719 743 691
f 691 743 720
f 720 744 721
f 721 744 745
f 721 745 722
f 722 745 746
f 722 746 723
f 723 746 724
f 724 746 747
f 724 747 725
f 725 747 748
f 725 748 726
f 726 748 749
f 726 749 727
f 727 749 728
f 728 749 750
f 728 750 729
f 729 750 751
f 729 751 730
f 730 751 752
f 730 752 731
f 731 752 732
f 732 752 753
f 732 753 733
f 733 753 754
f 733 754 734
f 734 754 755
f 734 755 735
f 735 755 736
f 736 755 756
f 736 756 737
f 737 756 757
f 737 757 738
f 738 757 758
f 738 758 739
f 739 758 740
f 740 758 759
f 740 759 741
f 741 759 760
f 741 760 742
f 742 760 761
f 742 761 743
f 743 761 720
f 720 761 744
f 744 762 745
f 745 762 763
f 745 763 746
f 746 763 747
f 747 763 764
f 747 764 748
f 748 764 765
f 748 765 749
f 749 765 750
f 750 765 766
f 750 766 751
f 751 766 767
f 751 767 752
f 752 767 753
f 753 767 768
f 753 768 754
f 754 768 769
f 754 769 755
f 755 769 756
f 756 769 770
f 756 770 757
f 757 770 771
f 757 771 758
f 758 771 772
f 758 772 759
f 759 772 760
f 760 772 773
f 760 773 761
f 761 773 744
f 744 773 762
f 762 774 763
f 763 774 764
f 764 774 775
f 764 775 765
f 765 775 766
f 766 775 776
f 766 776 767
f 767 776 768
f 768 776 777
f 768 777 769
f 769 777 770
f 770 777 778
f 770 778 771
f 771 778 772
f 772 778 779
f 772 779 773
f 773 779 762
f 762 779 774
f 774 780 775
f 775 780 776
f 776 780 777
f 777 780 778
f 778 780 779
f 779 780 774
f 781 782 783
f 781 784 785
f 781 785 782
f 782 786 787
f 782 787 783
f 783 787 788
f 784 789 790
f 784 790 785
f 785 790 791
f 785 791 792
f 785 792 782
f 782 792 786
f 786 793 794
f 786 794 787
f 787 794 795
f 787 795 788
f 788 795 796
f 789 797 790
f 790 797 798
f 790 798 791
f 791 798 799
f 791 799 800
f 791 800 792
f 792 800 801
f 792 801 786
f 786 801 793
f 793 802 803
f 793 803 794
f 794 803 804
f 794 804 795
f 795 804 805
f 795 805 796
f 796 805 806
f 797 807 808
f 797 808 798
f 798 808 809
f 798 809 810
f 798 810 799
f 799 810 811
f 799 811 800
f 800 811 812
f 800 812 801
f 801 812 813
f 801 813 793
f 793 813 802
f 802 814 815
f 802 815 803
f 803 815 816
f 803 816 804
f 804 816 817
f 804 817 805
f 805 817 818
f 805 818 806
f 806 818 819
f 807 820 821
f 807 821 808
f 808 821 822
f 808 822 823
f 808 823 809
f 809 823 824
f 809 824 810
f 810 824 825
f 810 825 811
f 811 825 826
f 811 826 812
f 812 826 827
f 812 827 813
f 813 827 828
f 813 828 802
f 802 828 814
f 814 829 830
f 814 830 815
f 815 830 831
f 815 831 816
f 816 831 832
f 816 832 817
f 817 832 833
f 817 833 818
f 818 833 834
f 818 834 819
f 819 834 835
f 820 836 821
f 821 836 837
f 821 837 822
f 822 837 838
f 822 838 839
f 822 839 823
f 823 839 840
f 823 840 824
f 824 840 841
f 824 841 825
f 825 841 842
f 825 842 826
f 826 842 843
f 826 843 827
f 827 843 844
f 827 844 828
f 828 844 845
f 828 845 814
f 814 845 829
f 829 846 847
f 829 847 830
f 830 847 848
f 830 848 831
f 831 848 849
f 831 849 832
f 832 849 850
f 832 850 833
f 833 850 851
f 833 851 834
f 834 851 852
f 834 852 835
f 835 852 853
f 836 855 856
f 836 856 837
f 837 856 857
f 837 857 838
f 838 857 858
f 838 858 859
f 838 859 839
f 843 860 844
f 844 860 861
f 844 861 845
f 845 861 862
f 845 862 829
f 829 862 846
f 846 863 864
f 846 864 847
f 847 864 865
f 847 865 848
f 848 865 866
f 848 866 849
f 849 866 867
f 849 867 850
f 850 867 868
f 850 868 851
f 851 868 869
f 851 869 852
f 852 869 870
f 852 870 853
f 853 870 871
f 853 871 854
f 854 871 872
f 855 873 856
f 856 873 874
f 856 874 857
f 857 874 875
f 857 875 858
f 858 875 876
f 858 876 859
f 860 877 861
f 861 877 878
f 861 878 862
f 862 878 879
f 862 879 846
f 846 879 863
f 863 880 881
f 863 881 864
f 864 881 882
f 864 882 865
f 865 882 883
f 865 883 866
f 866 883 884
f 866 884 867
f 867 884 885
f 867 885 868
f 868 885 886
f 868 886 869
f 869 886 887
f 869 887 870
f 870 887 888
f 870 888 871
f 871 888 889
f 871 889 872
f 873 890 891
f 873 891 874
f 874 891 892
f 874 892 875
f 875 892 893
f 875 893 876
f 877 894 878
f 878 894 895
f 878 895 879
f 879 895 896
f 879 896 863
f 863 896 880
f 880 897 881
f 881 897 898
f 881 898 882
f 882 898 899
f 882 899 883
f 883 899 900
f 883 900 884
f 884 900 901
f 884 901 885
f 885 901 902
f 885 902 886
f 886 902 903
f 886 903 887
f 887 903 904
f 887 904 888
f 888 904 905
f 888 905 889
f 889 905 906
f 890 908 891
f 891 908 909
f 891 909 892
f 892 909 910
f 892 910 893
f 893 910 911
f 367 895 894
f 895 912 913
f 895 913 896
f 896 913 914
f 896 914 880
f 880 914 897
f 897 915 898
f 898 915 916
f 898 916 899
f 899 916 917
f 899 917 900
f 900 917 918
f 900 918 901
f 901 918 919
f 901 919 902
f 902 919 920
f 902 920 903
f 903 920 921
f 903 921 904
f 904 921 922
f 904 922 905
f 905 922 923
f 905 923 906
f 906 923 924
f 906 924 907
f 907 924 925
f 908 926 909
f 909 926 927
f 909 927 910
f 910 927 928
f 910 928 911
f 911 928 929
f 912 930 913
f 913 930 931
f 913 931 914
f 914 931 932
f 914 932 897
f 897 932 915
f 915 933 916
f 916 933 934
f 916 934 917
f 917 934 935
f 917 935 918
f 918 935 936
f 918 936 919
f 919 936 937
f 919 937 920
f 920 937 938
f 920 938 921
f 921 938 939
f 921 939 922
f 922 939 940
f 922 940 923
f 923 940 941
f 923 941 924
f 924 941 942
f 924 942 925
f 926 943 927
f 927 943 944
f 927 944 928
f 928 944 945
f 928 945 929
f 929 945 946
f 930 947 948
f 930 948 931
f 931 948 949
f 931 949 932
f 932 949 915
f 915 949 933
f 933 950 934
f 934 950 951
f 934 951 935
f 935 951 952
f 935 952 936
f 936 952 953
f 936 953 937
f 937 953 954
f 937 954 938
f 938 954 955
f 938 955 939
f 939 955 956
f 939 956 940
f 940 956 957
f 940 957 941
f 941 957 958
f 941 958 942
f 943 959 960
f 943 960 944
f 944 960 961
f 944 961 945
f 945 961 962
f 945 962 946
f 946 962 963
f 947 968 969
f 947 969 948
f 948 969 970
f 948 970 949
f 949 970 933
f 933 970 950
f 950 971 951
f 951 971 972
f 951 972 952
f 952 972 973
f 952 973 953
f 953 973 974
f 953 974 954
f 954 974 975
f 954 975 955
f 955 975 976
f 955 976 956
f 956 976 977
f 956 977 957
f 957 977 978
f 957 978 958
f 959 979 960
f 960 979 980
f 960 980 961
f 961 980 962
f 962 980 981
f 962 981 963
f 963 981 982
f 963 982 964
f 964 982 983
f 506 983 965
f 965 983 984
f 965 984 966
f 966 984 985
f 966 985 967
f 967 985 986
f 967 986 968
f 968 986 987
f 968 987 969
f 969 987 988
f 969 988 970
f 970 988 950
f 950 988 971
f 971 989 972
f 972 989 990
f 972 990 973
f 973 990 991
f 973 991 974
f 974 991 992
f 974 992 975
f 975 992 993
f 975 993 976
f 976 993 994
f 976 994 977
f 977 994 995
f 977 995 978
f 979 996 997
f 979 997 980
f 980 997 981
f 981 997 998
f 981 998 982
f 982 998 999
f 982 999 983
f 983 999 1000
f 983 1000 984
f 984 1000 1001
f 984 1001 985
f 985 1001 1002
f 985 1002 986
f 986 1002 1003
f 986 1003 987
f 987 1003 1004
f 987 1004 988
f 988 1004 971
f 971 1004 989
f 989 1005 990
f 990 1005 1006
f 990 1006 991
f 991 1006 1007
f 991 1007 992
f 992 1007 1008
f 992 1008 993
f 993 1008 1009
f 993 1009 994
f 994 1009 1010
f 994 1010 995
f 996 1011 1012
f 996 1012 997
f 997 1012 998
f 998 1012 1013
f 998 1013 999
f 999 1013 1014
f 999 1014 1000
f 1000 1014 1015
f 1000 1015 1001
f 1001 1015 1016
f 1001 1016 1002
f 1002 1016 1017
f 1002 1017 1003
f 1003 1017 1018
f 1003 1018 1004
f 1004 1018 989
f 989 1018 1005
f 1005 1019 1006
f 1006 1019 1020
f 1006 1020 1007
f 1007 1020 1021
f 1007 1021 1008
f 1008 1021 1009
f 1009 1021 1022
f 1009 1022 1010
f 1010 1022 1023
f 1011 1024 1012
f 1012 1024 1025
f 1012 1025 1013
f 1013 1025 1026
f 1013 1026 1014
f 1014 1026 1015
f 1015 1026 1027
f 1015 1027 1016
f 1016 1027 1028
f 1016 1028 1017
f 1017 1028 1029
f 1017 1029 1018
f 1018 1029 1005
f 1005 1029 1019
f 1019 1030 1020
f 1020 1030 1031
f 1020 1031 1021
f 1021 1031 1022
f 1022 1031 1032
f 1022 1032 1023
f 1023 1032 1033
f 1024 1034 1025
f 1025 1034 1035
f 1025 1035 1026
f 1026 1035 1036
f 1026 1036 1027
f 1027 1036 1028
f 1028 1036 1037
f 1028 1037 1029
f 1029 1037 1019
f 1019 1037 1030
f 1030 1038 1031
f 1031 1038 1032
f 1032 1038 1039
f 1032 1039 1033
f 1034 1040 1035
f 1035 1040 1036
f 1036 1040 1041
f 1036 1041 1037
f 1037 1041 1030
f 1030 1041 1038
f 1038 1042 1039
f 1040 1042 1041
f 1041 1042 1038
f 1043 1044 1045
f 1043 1045 1046
f 1043 1046 1047
f 1043 1047 1048
f 1043 1048 1049
f 1043 1049 1044
f 1044 1050 1051
f 1044 1051 1045
f 1045 1051 1052
f 1045 1052 1053
f 1045 1053 1046
f 1046 1053 1054
f 1046 1054 1055
f 1046 1055 1047
f 1047 1055 1056
f 1047 1056 1057
f 1047 1057 1048
f 1048 1057 1058
f 1048 1058 1059
f 1048 1059 1049
f 1049 1059 1060
f 1049 1060 1061
f 1049 1061 1044
f 1044 1061 1050
f 1050 1062 1063
f 1050 1063 1051
f 1051 1063 1064
f 1051 1064 1052
f 1052 1064 1065
f 1052 1065 1066
f 1052 1066 1053
f 1053 1066 1067
f 1053 1067 1054
f 1054 1067 1068
f 1054 1068 1069
f 1054 1069 1055
f 1055 1069 1070
f 1055 1070 1056
f 1056 1070 1071
f 1056 1071 1072
f 1056 1072 1057
f 1057 1072 1073
f 1057 1073 1058
f 1058 1073 1074
f 1058 1074 1075
f 1058 1075 1059
f 1059 1075 1076
f 1059 1076 1060
f 1060 1076 1077
f 1060 1077 1078
f 1060 1078 1061
f 1061 1078 1079
f 1061 1079 1050
f 1050 1079 1062
f 1064 1080 1065
f 1065 1080 1081
f 1065 1081 1082
f 1065 1082 1066
f 1066 1082 1083
f 1066 1083 1067
f 1067 1083 1084
f 1067 1084 1068
f 1068 1084 1085
f 1068 1085 1086
f 1068 1086 1069
f 1069 1086 1087
f 1069 1087 1070
f 1070 1087 1088
f 1070 1088 1071
f 1071 1088 1089
f 1071 1089 1090
f 1071 1090 1072
f 1072 1090 1091
f 1072 1091 1073
f 1073 1091 1092
f 1073 1092 1074
f 1074 1092 1093
f 1074 1093 1094
f 1074 1094 1075
f 1075 1094 1095
f 1075 1095 1076
f 1076 1095 1096
f 1076 1096 1097
f 1076 1097 1077
f 1077 1097 1098
f 1077 1098 1078
f 1078 1098 1099
f 1078 1099 1079
f 1081 1100 1082
f 1082 1100 1101
f 1082 1101 1083
f 1083 1101 1102
f 1083 1102 1103
f 1083 1103 1084
f 1084 1103 1104
f 1084 1104 1085
f 1085 1104 1105
f 1085 1105 1086
f 1086 1105 1106
f 1086 1106 1087
f 1087 1106 1107
f 1087 1107 1088
f 1088 1107 1108
f 1088 1108 1089
f 1089 1108 1109
f 1089 1109 1110
f 1089 1110 1090
f 1090 1110 1111
f 1090 1111 1091
f 1091 1111 1112
f 1091 1112 1092
f 1092 1112 1113
f 1092 1113 1093
f 1093 1113 1114
f 1093 1114 1094
f 1094 1114 1115
f 1094 1115 1095
f 1095 1115 1116
f 1095 1116 1117
f 1095 1117 1096
f 1096 1117 1118
f 1096 1118 1097
f 1097 1118 1119
f 1097 1119 1098
f 1100 1120 1101
f 1101 1120 1121
f 1101 1121 1102
f 1102 1121 1122
f 1102 1122 1123
f 1102 1123 1103
f 1103 1123 1124
f 1103 1124 1104
f 1104 1124 1125
f 1104 1125 1105
f 1105 1125 1126
f 1105 1126 1106
f 1106 1126 1127
f 1106 1127 1107
f 1107 1127 1128
f 1107 1128 1108
f 1108 1128 1129
f 1108 1129 1109
f 1109 1129 1130
f 1109 1130 1131
f 1109 1131 1110
f 1110 1131 1132
f 1110 1132 1111
f 1111 1132 1133
f 1111 1133 1112
f 1112 1133 1134
f 1112 1134 1113
f 1113 1134 1135
f 1113 1135 1114
f 1114 1135 1136
f 1114 1136 1115
f 1115 1136 1137
f 1115 1137 1116
f 1116 1137 1138
f 1116 1138 1139
f 1116 1139 1117
f 1117 1139 1140
f 1117 1140 1118
f 1118 1140 1141
f 1118 1141 1119
f 1121 1142 1122
f 1122 1142 1143
f 1122 1143 1144
f 1122 1144 1123
f 1123 1144 1145
f 1123 1145 1124
f 1124 1145 1146
f 1124 1146 1125
f 1125 1146 1147
f 1125 1147 1126
f 1126 1147 1148
f 1126 1148 1127
f 1127 1148 1149
f 1127 1149 1128
f 1128 1149 1150
f 1128 1150 1129
f 1129 1150 1151
f 1129 1151 1130
f 1130 1151 1152
f 1130 1152 1153
f 1130 1153 1131
f 1131 1153 1154
f 1131 1154 1132
f 1132 1154 1155
f 1132 1155 1133
f 1133 1155 1156
f 1133 1156 1134
f 1134 1156 1157
f 1134 1157 1135
f 1135 1157 1158
f 1135 1158 1136
f 1136 1158 1159
f 1136 1159 1137
f 1137 1159 1160
f 1137 1160 1138
f 1138 1160 1161
f 1138 1161 1162
f 1138 1162 1139
f 1139 1162 1163
f 1139 1163 1140
f 1140 1163 1164
f 1140 1164 1141
f 1143 1165 1144
f 1144 1165 1166
f 1144 1166 1145
f 1145 1166 1167
f 1145 1167 1146
f 1146 1167 1168
f 1146 1168 1147
f 1147 1168 1169
f 1147 1169 1148
f 1148 1169 1170
f 1148 1170 1149
f 1149 1170 1171
f 1149 1171 1150
f 1150 1171 1172
f 1150 1172 1151
f 1151 1172 1173
f 1151 1173 1152
f 1152 1173 1174
f 1152 1174 1175
f 1152 1175 1153
f 1153 1175 1176
f 1153 1176 1154
f 1154 1176 1177
f 1154 1177 1155
f 1155 1177 1178
f 1155 1178 1156
f 1156 1178 1179
f 1156 1179 1157
f 1157 1179 1180
f 1157 1180 1158
f 1158 1180 1181
f 1158 1181 1159
f 1159 1181 1182
f 1159 1182 1160
f 1160 1182 1183
f 1160 1183 1161
f 1161 1183 1184
f 1161 1184 1162
f 1162 1184 1185
f 1162 1185 1163
f 1163 1185 1186
f 1163 1186 1164
f 1164 1186 1187
f 1165 1188 1166
f 1166 1188 1189
f 1166 1189 1167
f 1167 1189 1190
f 1167 1190 1168
f 1168 1190 1191
f 1168 1191 1169
f 1169 1191 1192
f 1169 1192 1170
f 1170 1192 1193
f 1170 1193 1171
f 1171 1193 1194
f 1171 1194 1172
f 1172 1194 1195
f 1172 1195 1173
f 1173 1195 1196
f 1173 1196 1174
f 1174 1196 1197
f 1174 1197 1198
f 1174 1198 1175
f 1175 1198 1199
f 1175 1199 1176
f 1176 1199 1200
f 1176 1200 1177
f 1177 1200 1201
f 1177 1201 1178
f 1178 1201 1202
f 1178 1202 1179
f 1179 1202 1203
f 1179 1203 1180
f 1180 1203 1204
f 1180 1204 1181
f 1181 1204 1205
f 1181 1205 1182
f 1182 1205 1206
f 1182 1206 1183
f 1183 1206 1207
f 1183 1207 1184
f 1184 1207 1208
f 1184 1208 1185
f 1185 1208 1209
f 1185 1209 1186
f 1186 1209 1210
f 1186 1210 1187
f 1188 1211 1189
f 1189 1211 1212
f 1189 1212 1190
f 1190 1212 1213
f 1190 1213 1191
f 1191 1213 1214
f 1191 1214 1192
f 1192 1214 1215
f 1192 1215 1193
f 1193 1215 1216
f 1193 1216 1194
f 1194 1216 1217
f 1194 1217 1195
f 1195 1217 1218
f 1195 1218 1196
f 1196 1218 1219
f 1196 1219 1197
f 1197 1219 1220
f 1197 1220 1198
f 1198 1220 1221
f 1198 1221 1199
f 1199 1221 1222
f 1199 1222 1200
f 1200 1222 1223
f 1200 1223 1201
f 1201 1223 1224
f 1201 1224 1202
f 1202 1224 1225
f 1202 1225 1203
f 1203 1225 1226
f 1203 1226 1204
f 1204 1226 1227
f 1204 1227 1205
f 1205 1227 1228
f 1205 1228 1206
f 1206 1228 1229
f 1206 1229 1207
f 1207 1229 1230
f 1207 1230 1208
f 1208 1230 1231
f 1208 1231 1209
f 1209 1231 1232
f 1209 1232 1210
f 1210 1232 1233
f 1211 1234 1212
f 1212 1234 1235
f 1212 1235 1213
f 1213 1235 1236
f 1213 1236 1214
f 1214 1236 1237
f 1214 1237 1215
f 1215 1237 1238
f 1215 1238 1216
f 1216 1238 1239
f 1216 1239 1217
f 1217 1239 1240
f 1217 1240 1218
f 1218 1240 1241
f 1218 1241 1219
f 1219 1241 1242
f 1219 1242 1220
f 1220 1242 1243
f 1220 1243 1221
f 1221 1243 1244
f 1221 1244 1222
f 1222 1244 1245
f 1222 1245 1223
f 1223 1245 1246
f 1223 1246 1224
f 1224 1246 1247
f 1224 1247 1225
f 1225 1247 1248
f 1225 1248 1226
f 1226 1248 1249
f 1226 1249 1227
f 1227 1249 1250
f 1227 1250 1228
f 1228 1250 1251
f 1228 1251 1229
f 1229 1251 1252
f 1229 1252 1230
f 1230 1252 1253
f 1230 1253 1231
f 1231 1253 1254
f 1231 1254 1232
f 1232 1254 1255
f 1232 1255 1233
f 1233 1255 1256
f 1234 1257 1258
f 1234 1258 1235
f 1235 1258 1259
f 1235 1259 1236
f 1236 1259 1260
f 1236 1260 1237
f 1237 1260 1261
f 1237 1261 1238
f 1238 1261 1262
f 1238 1262 1239
f 1239 1262 1263
f 1239 1263 1240
f 1240 1263 1264
f 1240 1264 1241
f 1241 1264 1265
f 1241 1265 1242
f 1242 1265 1243
f 1243 1265 1266
f 1243 1266 1244
f 1244 1266 1267
f 1244 1267 1245
f 1245 1267 1268
f 1245 1268 1246
f 1246 1268 1269
f 1246 1269 1247
f 1247 1269 1270
f 1247 1270 1248
f 1248 1270 1271
f 1248 1271 1249
f 1249 1271 1272
f 1249 1272 1250
f 1250 1272 1273
f 1250 1273 1251
f 1251 1273 1274
f 1251 1274 1252
f 1252 1274 1275
f 1252 1275 1253
f 1253 1275 1276
f 1253 1276 1254
f 1254 1276 1277
f 1254 1277 1255
f 1255 1277 1278
f 1255 1278 1256
f 1257 1279 1280
f 1257 1280 1258
f 1258 1280 1281
f 1258 1281 1259
f 1259 1281 1282
f 1259 1282 1260
f 1260 1282 1283
f 1260 1283 1261
f 1261 1283 1284
f 1261 1284 1262
f 1262 1284 1285
f 1262 1285 1263
f 1263 1285 1286
f 1263 1286 1264
f 1264 1286 1287
f 1264 1287 1265
f 1265 1287 1266
f 1266 1287 1288
f 1266 1288 1267
f 1267 1288 1289
f 1267 1289 1268
f 1268 1289 1290
f 1268 1290 1269
f 1269 1290 1291
f 1269 1291 1270
f 1270 1291 1292
f 1270 1292 1271
f 1271 1292 1293
f 1271 1293 1272
f 1272 1293 1294
f 1272 1294 1273
f 1273 1294 1295
f 1273 1295 1274
f 1274 1295 1296
f 1274 1296 1275
f 1275 1296 1297
f 1275 1297 1276
f 1276 1297 1298
f 1276 1298 1277
f 1277 1298 1299
f 1277 1299 1278
f 1278 1299 1300
f 1279 1301 1280
f 1280 1301 1302
f 1280 1302 1281
f 1281 1302 1303
f 1281 1303 1282
f 1282 1303 1304
f 1282 1304 1283
f 1283 1304 1305
f 1283 1305 1284
f 1284 1305 1306
f 1284 1306 1285
f 1285 1306 1307
f 1285 1307 1286
f 1286 1307 1308
f 1286 1308 1287
f 1287 1308 1288
f 1288 1308 1309
f 1288 1309 1289
f 1289 1309 1310
f 1289 1310 1290
f 1290 1310 1311
f 1290 1311 1291
f 1291 1311 1312
f 1291 1312 1292
f 1292 1312 1313
f 1292 1313 1293
f 1293 1313 1314
f 1293 1314 1294
f 1294 1314 1315
f 1294 1315 1295
f 1295 1315 1316
f 1295 1316 1296
f 1296 1316 1297
f 1297 1316 1317
f 1297 1317 1298
f 1298 1317 1318
f 1298 1318 1299
f 1299 1318 1319
f 1299 1319 1300
f 1300 1319 1320
f 1301 1321 1322
f 1301 1322 1302
f 1302 1322 1323
f 1302 1323 1303
f 1303 1323 1324
f 1303 1324 1304
f 1304 1324 1325
f 1304 1325 1305
f 1305 1325 1326
f 1305 1326 1306
f 1306 1326 1327
f 1306 1327 1307
f 1307 1327 1328
f 1307 1328 1308
f 1308 1328 1309
f 1309 1328 1329
f 1309 1329 1310
f 1310 1329 1330
f 1310 1330 1311
f 1311 1330 1331
f 1311 1331 1312
f 1312 1331 1332
f 1312 1332 1313
f 1313 1332 1333
f 1313 1333 1314
f 1314 1333 1334
f 1314 1334 1315
f 1315 1334 1335
f 1315 1335 1316
f 1316 1335 1317
f 1317 1335 1336
f 1317 1336 1318
f 1318 1336 1337
f 1318 1337 1319
f 1319 1337 1338
f 1319 1338 1320
f 1320 1338 1339
f 1321 1341 1322
f 1322 1341 1342
f 1322 1342 1323
f 1323 1342 1343
f 1323 1343 1324
f 1324 1343 1344
f 1324 1344 1325
f 1325 1344 1345
f 1325 1345 1326
f 1326 1345 1346
f 1326 1346 1327
f 1327 1346 1347
f 1327 1347 1328
f 1328 1347 1329
f 1329 1347 1348
f 1329 1348 1330
f 1330 1348 1349
f 1330 1349 1331
f 1331 1349 1350
f 1331 1350 1332
f 1332 1350 1351
f 1332 1351 1333
f 1333 1351 1352
f 1333 1352 1334
f 1334 1352 1353
f 1334 1353 1335
f 1335 1353 1336
f 1336 1353 1354
f 1336 1354 1337
f 1337 1354 1355
f 1337 1355 1338
f 1338 1355 1356
f 1338 1356 1339
f 1339 1356 1357
f 1340 1358 1359
f 1340 1359 1341
f 1341 1359 1360
f 1341 1360 1342
f 1342 1360 1361
f 1342 1361 1343
f 1343 1361 1344
f 1344 1361 1362
f 1344 1362 1345
f 1345 1362 1363
f 1345 1363 1346
f 1346 1363 1364
f 1346 1364 1347
f 1347 1364 1348
f 1348 1364 1365
f 1348 1365 1349
f 1349 1365 1366
f 1349 1366 1350
f 1350 1366 1367
f 1350 1367 1351
f 1351 1367 1352
f 1352 1367 1368
f 1352 1368 1353
f 1353 1368 1369
f 1353 1369 1354
f 1354 1369 1370
f 1354 1370 1355
f 1355 1370 1356
f 1356 1370 1371
f 1356 1371 1357
f 1357 1371 1372
f 1358 1375 1359
f 1359 1375 1376
f 1359 1376 1360
f 1360 1376 1377
f 1360 1377 1361
f 1361 1377 1362
f 1362 1377 1378
f 1362 1378 1363
f 1363 1378 1379
f 1363 1379 1364
f 1364 1379 1365
f 1365 1379 1380
f 1365 1380 1366
f 1366 1380 1381
f 1366 1381 1367
f 1367 1381 1368
f 1368 1381 1382
f 1368 1382 1369
f 1369 1382 1383
f 1369 1383 1370
f 1370 1383 1384
f 1370 1384 1371
f 1371 1384 1372
f 1372 1384 1385
f 1372 1385 1373
f 1374 1386 1375
f 1375 1386 1376
f 1376 1386 1387
f 1376 1387 1377
f 1377 1387 1378
f 1378 1387 1388
f 1378 1388 1379
f 1379 1388 1380
f 1380 1388 1389
f 1380 1389 1381
f 1381 1389 1382
f 1382 1389 1390
f 1382 1390 1383
f 1383 1390 1384
f 1384 1390 1391
f 1384 1391 1385
f 1385 1391 1374
f 1374 1391 1386
f 1386 1392 1387
f 1387 1392 1388
f 1388 1392 1389
f 1389 1392 1390
f 1390 1392 1391
f 1391 1392 1386
f 274 273 842
f 275 274 841
f 841 274 842
f 276 275 840
f 840 275 841
f 273 321 860
f 322 276 859
f 321 367 877
f 321 877 860
f 368 322 876
f 876 322 859
f 367 413 912
f 414 368 893
f 893 368 876
f 413 459 930
f 413 930 912
f 460 414 911
f 911 414 893
f 504 967 459
f 508 460 946
f 505 506 965
f 553 964 506
f 983 506 964
f 507 508 963
f 507 963 964
f 963 508 946
f 781 783 1063
f 784 781 1062
f 1062 781 1063
f 783 788 1080
f 789 784 1079
f 1079 784 1062
f 788 796 1080
f 797 789 1099
f 1099 789 1079
f 796 806 1080
f 807 797 1099
f 806 819 1100
f 820 807 1119
f 819 835 1120
f 819 1120 1100
f 836 820 1141
f 1141 820 1119
f 276 839 859
f 839 276 840
f 273 843 842
f 843 273 860
f 835 853 1120
f 855 836 1164
f 1164 836 1141
f 853 854 1142
f 854 872 1142
f 873 855 1187
f 1187 855 1164
f 872 889 1165
f 890 873 1210
f 1210 873 1187
f 894 877 367
f 895 367 912
f 889 906 907
f 908 890 1233
f 1233 890 1210
f 907 925 1234
f 926 908 1256
f 1256 908 1233
f 911 929 460
f 460 929 946
f 925 942 1257
f 925 1257 1234
f 943 926 1256
f 459 947 930
f 942 958 1279
f 942 1279 1257
f 959 943 1300
f 958 978 1301
f 958 1301 1279
f 979 959 1300
f 965 966 505
f 505 966 967
f 967 968 459
f 947 459 968
f 978 995 1321
f 978 1321 1301
f 996 979 1320
f 1320 979 1300
f 995 1010 1340
f 1011 996 1339
f 1339 996 1320
f 1010 1023 1340
f 1024 1011 1357
f 1357 1011 1339
f 1023 1033 1358
f 1023 1358 1340
f 1034 1024 1373
f 1033 1039 1358
f 1040 1034 1373
f 1373 1042 1040
f 1064 1063 783
f 1064 783 1080
f 1081 1080 1100
f 1100 1080 806
f 1099 1098 1119
f 1099 1119 807
f 1121 1120 1142
f 1142 1120 853
f 1143 1142 872
f 1143 872 1165
f 1188 1165 1211
f 1234 1211 907
f 943 1278 1300
f 1278 943 1256
f 1341 1321 995
f 1341 995 1340
f 1357 1372 1024
f 1024 1372 1373
f 1375 1358 1039
f 1373 1385 1374
f 1374 1375 1373
f 1165 889 907
f 1165 907 1211
f 1375 1042 1373
f 1042 1375 1039
