v 0.000000 0.000000 0.171233
v 0.017964 0.000000 0.170918
v 0.008979 0.015553 0.170865
v -0.008974 0.015543 0.170757
v -0.017935 0.000000 0.170644
v -0.008986 -0.015564 0.170987
v 0.008994 -0.015578 0.171145
v 0.036220 0.000000 0.170402
v 0.031320 0.018083 0.170144
v 0.018075 0.031308 0.170077
v 0.000000 0.036093 0.169804
v -0.017994 0.031167 0.169314
v -0.031069 0.017938 0.168780
v -0.035855 0.000000 0.168684
v -0.031144 -0.017981 0.169189
v -0.018033 -0.031234 0.169679
v -0.000000 -0.036148 0.170063
v 0.018132 -0.031405 0.170608
v 0.031437 -0.018150 0.170779
v 0.055183 0.000000 0.169837
v 0.052040 0.017865 0.169337
v 0.043345 0.033737 0.169047
v 0.029976 0.045881 0.168673
v 0.013401 0.052921 0.168014
v -0.004489 0.054174 0.167300
v -0.021764 0.049618 0.166752
v -0.036589 0.039747 0.166269
v -0.047380 0.025641 0.165803
v -0.053077 0.008857 0.165614
v -0.053180 -0.008874 0.165933
v -0.047590 -0.025754 0.166539
v -0.036732 -0.039901 0.166915
v -0.021789 -0.049674 0.166943
v -0.004485 -0.054131 0.167168
v 0.013407 -0.052943 0.168084
v 0.030105 -0.046080 0.169403
v 0.043670 -0.033989 0.170313
v 0.052354 -0.017973 0.170359
v 0.075035 0.000000 0.168531
v 0.072155 0.019334 0.167780
v 0.064476 0.037225 0.167217
v 0.052467 0.052467 0.166654
v 0.036893 0.063900 0.165724
v 0.018946 0.070709 0.164417
v 0.000000 0.072678 0.163238
v -0.018743 0.069950 0.162653
v -0.036190 0.062683 0.162568
v -0.051191 0.051191 0.162602
v -0.062685 0.036191 0.162575
v -0.069915 0.018734 0.162572
v -0.072472 0.000000 0.162774
v -0.070189 -0.018807 0.163207
v -0.063065 -0.036411 0.163559
v -0.051441 -0.051441 0.163397
v -0.036218 -0.062732 0.162696
v -0.018675 -0.069697 0.162063
v -0.000000 -0.072274 0.162331
v 0.018878 -0.070455 0.163827
v 0.036967 -0.064028 0.166056
v 0.052918 -0.052918 0.168088
v 0.065234 -0.037663 0.169184
v 0.072763 -0.019497 0.169193
v 0.095469 0.000000 0.165358
v 0.092875 0.019741 0.164457
v 0.086317 0.038431 0.163654
v 0.076124 0.055307 0.162976
v 0.062650 0.069580 0.162171
v 0.046450 0.080453 0.160906
v 0.028399 0.087403 0.159177
v 0.009506 0.090444 0.157517
v -0.009451 0.089924 0.156611
v -0.027953 0.086030 0.156676
v -0.045433 0.078693 0.157385
v -0.061158 0.067923 0.158308
v -0.074365 0.054030 0.159211
v -0.084375 0.037566 0.159972
v -0.090636 0.019265 0.160494
v -0.092827 0.000000 0.160781
v -0.090860 -0.019313 0.160889
v -0.084775 -0.037744 0.160731
v -0.074763 -0.054318 0.160062
v -0.061326 -0.068110 0.158744
v -0.045323 -0.078501 0.157003
v -0.027736 -0.085361 0.155459
v -0.009346 -0.088919 0.154860
v 0.009394 -0.089378 0.155659
v 0.028141 -0.086609 0.157732
v 0.046323 -0.080234 0.160469
v 0.063021 -0.069991 0.163129
v 0.077121 -0.056032 0.165110
v 0.087596 -0.039000 0.166078
v 0.093773 -0.019932 0.166048
v 0.115919 0.000000 0.159549
v 0.113355 0.020571 0.158569
v 0.107168 0.040221 0.157551
v 0.097726 0.058389 0.156688
v 0.085337 0.074556 0.155969
v 0.070262 0.088105 0.155106
v 0.052921 0.098343 0.153711
v 0.034071 0.104859 0.151753
v 0.014611 0.107860 0.149812
v -0.004848 0.107939 0.148715
v -0.024067 0.105444 0.148863
v -0.042834 0.100215 0.150005
v -0.060699 0.091955 0.151653
v -0.077089 0.080629 0.153538
v -0.091437 0.066433 0.155561
v -0.103086 0.049644 0.157482
v -0.111283 0.030712 0.158894
v -0.115444 0.010390 0.159538
v -0.115386 -0.010385 0.159457
v -0.111226 -0.030697 0.158813
v -0.103189 -0.049693 0.157638
v -0.091609 -0.066558 0.155855
v -0.077062 -0.080601 0.153484
v -0.060353 -0.091430 0.150787
v -0.042334 -0.099046 0.148255
v -0.023685 -0.103771 0.146501
v -0.004760 -0.105992 0.146033
v 0.014336 -0.105835 0.147000
v 0.033477 -0.103032 0.149109
v 0.052271 -0.097136 0.151825
v 0.070054 -0.087845 0.154647
v 0.086001 -0.075137 0.157184
v 0.099225 -0.059284 0.159092
v 0.108905 -0.040873 0.160104
v 0.114506 -0.020780 0.160179
v 0.136122 0.000000 0.151179
v 0.133590 0.021159 0.150216
v 0.127649 0.041476 0.149064
v 0.118723 0.060492 0.147985
v 0.107226 0.077904 0.147199
v 0.093398 0.093398 0.146695
v 0.077317 0.106417 0.146089
v 0.059219 0.116225 0.144871
v 0.039768 0.122393 0.142927
v 0.019837 0.125246 0.140834
v 0.000000 0.125618 0.139513
v -0.019654 0.124089 0.139533
v -0.039162 0.120527 0.140748
v -0.058302 0.114425 0.142627
v -0.076657 0.105509 0.144842
v -0.093877 0.093877 0.147448
v -0.109632 0.079653 0.150502
v -0.123270 0.062809 0.153652
v -0.133756 0.043460 0.156196
v -0.140125 0.022194 0.157564
v -0.141956 0.000000 0.157658
v -0.139396 -0.022078 0.156745
v -0.132820 -0.043156 0.155103
v -0.122618 -0.062477 0.152839
v -0.109265 -0.079386 0.149998
v -0.093422 -0.093422 0.146732
v -0.075863 -0.104416 0.143342
v -0.057316 -0.112489 0.140214
v -0.038332 -0.117973 0.137765
v -0.019210 -0.121284 0.136379
v -0.000000 -0.122694 0.136266
v 0.019342 -0.122122 0.137321
v 0.038721 -0.119170 0.139163
v 0.057792 -0.113424 0.141379
v 0.076075 -0.104709 0.143743
v 0.093064 -0.093064 0.146171
v 0.108170 -0.078590 0.148495
v 0.120643 -0.061471 0.150378
v 0.129716 -0.042147 0.151478
v 0.134901 -0.021366 0.151690
v 0.156539 0.000000 0.140949
v 0.154060 0.021652 0.140079
v 0.148309 0.042527 0.138920
v 0.139691 0.062194 0.137681
v 0.128732 0.080441 0.136680
v 0.115859 0.097217 0.136180
v 0.101141 0.112328 0.136099
v 0.084404 0.125134 0.135906
v 0.065709 0.134724 0.134966
v 0.045680 0.140588 0.133100
v 0.025239 0.143136 0.130868
v 0.005010 0.143454 0.129245
v -0.014968 0.142413 0.128936
v -0.034908 0.140007 0.129922
v -0.054771 0.135562 0.131647
v -0.074204 0.128525 0.133628
v -0.092917 0.118928 0.135890
v -0.110902 0.107097 0.138817
v -0.128102 0.093071 0.142572
v -0.143857 0.076490 0.146701
v -0.156839 0.057085 0.150282
v -0.165654 0.035211 0.152488
v -0.169561 0.011857 0.153046
v -0.168651 -0.011793 0.152225
v -0.163449 -0.034742 0.150458
v -0.154476 -0.056225 0.148017
v -0.142174 -0.075595 0.144985
v -0.127091 -0.092337 0.141448
v -0.109964 -0.106191 0.137643
v -0.091570 -0.117204 0.133921
v -0.072532 -0.125629 0.130617
v -0.053252 -0.131803 0.127996
v -0.033929 -0.136082 0.126280
v -0.014583 -0.138750 0.125620
v 0.004884 -0.139845 0.125994
v 0.024518 -0.139050 0.127132
v 0.044143 -0.135857 0.128622
v 0.063374 -0.129937 0.130169
v 0.081840 -0.121332 0.131777
v 0.099310 -0.110295 0.133635
v 0.115553 -0.096961 0.135821
v 0.130059 -0.081270 0.138089
v 0.142015 -0.063229 0.139972
v 0.150624 -0.043191 0.141088
v 0.155465 -0.021849 0.141357
v 0.178134 0.000000 0.129422
v 0.175655 0.022648 0.128678
v 0.169927 0.044560 0.127634
v 0.161226 0.065273 0.126373
v 0.150115 0.084543 0.125172
v 0.137263 0.102442 0.124439
v 0.122983 0.119102 0.124385
v 0.107032 0.134214 0.124723
v 0.088992 0.146802 0.124725
v 0.068925 0.155702 0.123713
v 0.047627 0.160472 0.121617
v 0.026172 0.161882 0.119141
v 0.005177 0.161422 0.117341
v -0.015452 0.160178 0.116916
v -0.036077 0.158064 0.117794
v -0.056720 0.154127 0.119322
v -0.076974 0.147546 0.120909
v -0.096505 0.138348 0.122554
v -0.115488 0.127165 0.124805
v -0.134359 0.114382 0.128200
v -0.153029 0.099611 0.132662
v -0.170335 0.082029 0.137358
v -0.184376 0.061217 0.141148
v -0.193498 0.037684 0.143226
v -0.197088 0.012653 0.143488
v -0.195559 -0.012555 0.142374
v -0.189705 -0.036945 0.140418
v -0.180128 -0.059807 0.137896
v -0.167191 -0.080515 0.134823
v -0.151348 -0.098517 0.131204
v -0.133353 -0.113525 0.127241
v -0.114112 -0.125650 0.123318
v -0.094363 -0.135277 0.119834
v -0.074518 -0.142837 0.117051
v -0.054717 -0.148683 0.115107
v -0.034941 -0.153085 0.114083
v -0.015068 -0.156197 0.114010
v 0.005063 -0.157884 0.114769
v 0.025487 -0.157646 0.116024
v 0.045951 -0.154826 0.117337
v 0.065980 -0.149051 0.118428
v 0.085173 -0.140502 0.119373
v 0.103441 -0.129711 0.120538
v 0.120875 -0.117061 0.122253
v 0.137315 -0.102481 0.124487
v 0.152068 -0.085643 0.126801
v 0.164098 -0.066436 0.128625
v 0.172566 -0.045252 0.129616
v 0.177189 -0.022846 0.129801
v 0.201519 0.000000 0.116347
v 0.199022 0.024166 0.115750
v 0.193304 0.047645 0.114944
v 0.184368 0.069921 0.113843
v 0.172669 0.090624 0.112587
v 0.159071 0.109799 0.111594
v 0.144256 0.127800 0.111270
v 0.128186 0.144692 0.111605
v 0.110221 0.159683 0.112023
v 0.089892 0.171275 0.111678
v 0.067596 0.178236 0.110056
v 0.044525 0.180646 0.107417
v 0.021862 0.180047 0.104714
v -0.000000 0.178414 0.103007
v -0.021461 0.176748 0.102795
v -0.043004 0.174476 0.103749
v -0.064532 0.170157 0.105068
v -0.085458 0.162827 0.106169
v -0.105444 0.152763 0.107168
v -0.124944 0.141033 0.108783
v -0.144850 0.128326 0.111728
v -0.165436 0.114192 0.116059
v -0.185551 0.097385 0.120986
v -0.202873 0.076940 0.125269
v -0.215108 0.053019 0.127909
v -0.221174 0.026855 0.128633
v -0.221461 -0.000000 0.127861
v -0.217095 -0.026360 0.126261
v -0.208976 -0.051508 0.124263
v -0.197406 -0.074866 0.121894
v -0.182462 -0.095763 0.118972
v -0.164565 -0.113591 0.115448
v -0.144658 -0.128156 0.111580
v -0.123853 -0.139801 0.107833
v -0.102964 -0.149169 0.104647
v -0.082322 -0.156852 0.102273
v -0.061905 -0.163230 0.100791
v -0.041538 -0.168528 0.100212
v -0.020986 -0.172836 0.100520
v -0.000000 -0.175959 0.101590
v 0.021524 -0.177267 0.103097
v 0.043348 -0.175868 0.104576
v 0.064898 -0.171121 0.105663
v 0.085597 -0.163091 0.106341
v 0.105267 -0.152506 0.106988
v 0.124176 -0.140166 0.108114
v 0.142580 -0.126315 0.109976
v 0.160136 -0.110534 0.112341
v 0.175764 -0.092248 0.114605
v 0.188153 -0.071357 0.116180
v 0.196492 -0.048431 0.116840
v 0.200790 -0.024380 0.116778
v 0.225996 0.000000 0.100620
v 0.223577 0.025653 0.100196
v 0.218182 0.050736 0.099733
v 0.209385 0.074708 0.098980
v 0.197306 0.097009 0.097890
v 0.182823 0.117493 0.096758
v 0.167000 0.136555 0.096046
v 0.150259 0.154613 0.095991
v 0.132100 0.171310 0.096315
v 0.111701 0.185236 0.096307
v 0.088878 0.194615 0.095256
v 0.064531 0.198606 0.092976
v 0.040150 0.198149 0.090014
v 0.016796 0.195557 0.087388
v -0.005515 0.193035 0.085980
v -0.027494 0.191225 0.086014
v -0.049665 0.188946 0.086982
v -0.071756 0.184305 0.088058
v -0.093004 0.176262 0.088732
v -0.113074 0.165365 0.089192
v -0.132659 0.153097 0.090193
v -0.153048 0.140466 0.092490
v -0.174881 0.127058 0.096243
v -0.197131 0.111325 0.100797
v -0.217219 0.091797 0.104993
v -0.232305 0.068211 0.107795
v -0.240792 0.041671 0.108801
v -0.242937 0.013892 0.108339
v -0.240199 -0.013735 0.107118
v -0.233964 -0.040489 0.105716
v -0.224697 -0.065977 0.104265
v -0.212074 -0.089623 0.102507
v -0.195800 -0.110573 0.100116
v -0.176315 -0.128101 0.097032
v -0.154808 -0.142081 0.093554
v -0.132647 -0.153083 0.090184
v -0.110774 -0.162001 0.087377
v -0.089492 -0.169606 0.085381
v -0.068658 -0.176347 0.084255
v -0.047954 -0.182437 0.083985
v -0.027021 -0.187936 0.084535
v -0.005503 -0.192622 0.085796
v 0.016817 -0.195796 0.087495
v 0.039790 -0.196369 0.089206
v 0.062830 -0.193370 0.090525
v 0.085199 -0.186559 0.091313
v 0.106502 -0.176614 0.091824
v 0.126957 -0.164641 0.092565
v 0.147088 -0.151350 0.093965
v 0.167012 -0.136565 0.096053
v 0.185914 -0.119480 0.098394
v 0.202230 -0.099430 0.100333
v 0.214488 -0.076529 0.101393
v 0.222135 -0.051655 0.101539
v 0.225670 -0.025893 0.101134
v 0.249233 0.000000 0.080981
v 0.246960 0.027333 0.080732
v 0.242086 0.054253 0.080610
v 0.233634 0.080207 0.080261
v 0.221236 0.104404 0.079486
v 0.205643 0.126408 0.078432
v 0.188226 0.146502 0.077500
v 0.169925 0.165306 0.077028
v 0.150601 0.182865 0.076973
v 0.129377 0.198026 0.076857
v 0.105679 0.208828 0.076046
v 0.080058 0.213826 0.074186
v 0.054032 0.213366 0.071515
v 0.029082 0.209722 0.068795
v 0.005673 0.205821 0.066901
v -0.016854 0.203397 0.066314
v -0.039448 0.201954 0.066859
v -0.062346 0.199331 0.067861
v -0.084846 0.193430 0.068629
v -0.106093 0.183759 0.068943
v -0.126140 0.171619 0.069204
v -0.146244 0.158863 0.070159
v -0.167959 0.146276 0.072368
v -0.191633 0.132875 0.075769
v -0.215538 0.116643 0.079630
v -0.236432 0.096030 0.082916
v -0.251254 0.071048 0.084838
v -0.258748 0.043177 0.085235
v -0.259861 0.014337 0.084563
v -0.256704 -0.014163 0.083535
v -0.250938 -0.041874 0.082662
v -0.242796 -0.068656 0.081983
v -0.231360 -0.093970 0.081138
v -0.215689 -0.116725 0.079686
v -0.195853 -0.135801 0.077437
v -0.173104 -0.150757 0.074585
v -0.149229 -0.162106 0.071591
v -0.125668 -0.170977 0.068945
v -0.103058 -0.178501 0.066971
v -0.081331 -0.185416 0.065786
v -0.060075 -0.192069 0.065388
v -0.038789 -0.198576 0.065741
v -0.016971 -0.204807 0.066774
v 0.005793 -0.210171 0.068315
v 0.029610 -0.213529 0.070044
v 0.054077 -0.213545 0.071575
v 0.078396 -0.209387 0.072646
v 0.101853 -0.201267 0.073292
v 0.124332 -0.190304 0.073860
v 0.146368 -0.177725 0.074809
v 0.168542 -0.163960 0.076400
v 0.190629 -0.148373 0.078490
v 0.211227 -0.129840 0.080561
v 0.228281 -0.107729 0.082017
v 0.240233 -0.082472 0.082528
v 0.246904 -0.055333 0.082214
v 0.249425 -0.027606 0.081538
v 0.267912 0.000000 0.056946
v 0.265960 0.028431 0.056854
v 0.261987 0.056660 0.056974
v 0.254443 0.084174 0.056966
v 0.242361 0.109974 0.056571
v 0.226165 0.133266 0.055798
v 0.207358 0.154055 0.054908
v 0.187396 0.172996 0.054210
v 0.166709 0.190521 0.053811
v 0.144679 0.205973 0.053502
v 0.120533 0.217600 0.052874
v 0.094379 0.223629 0.051594
v 0.067459 0.223723 0.049669
v 0.041416 0.219652 0.047511
v 0.017171 0.214530 0.045746
v -0.005619 0.211009 0.044867
v -0.028078 0.209676 0.044966
v -0.051017 0.208823 0.045692
v -0.074206 0.205770 0.046495
v -0.096658 0.198774 0.046981
v -0.117712 0.188130 0.047171
v -0.137944 0.175701 0.047481
v -0.159007 0.163297 0.048447
v -0.182346 0.151177 0.050347
v -0.207703 0.137785 0.052980
v -0.232608 0.120870 0.055719
v -0.253394 0.099079 0.057832
v -0.267125 0.072848 0.058853
v -0.273136 0.044006 0.058806
v -0.273123 0.014557 0.058136
v -0.269763 -0.014378 0.057421
v -0.264880 -0.042676 0.057028
v -0.258419 -0.070474 0.056935
v -0.248839 -0.097298 0.056792
v -0.234495 -0.121850 0.056171
v -0.214953 -0.142595 0.054829
v -0.191376 -0.158663 0.052840
v -0.165879 -0.170355 0.050540
v -0.140460 -0.178906 0.048347
v -0.116257 -0.185805 0.046588
v -0.093453 -0.192183 0.045423
v -0.071633 -0.198638 0.044883
v -0.050175 -0.205379 0.044939
v -0.028435 -0.212344 0.045538
v -0.005834 -0.219075 0.046582
v 0.017974 -0.224557 0.047884
v 0.042869 -0.227360 0.049178
v 0.068211 -0.226215 0.050222
v 0.093156 -0.220731 0.050925
v 0.117235 -0.211645 0.051427
v 0.140718 -0.200334 0.052037
v 0.164352 -0.187828 0.053050
v 0.188533 -0.174045 0.054539
v 0.212482 -0.157862 0.056265
v 0.234173 -0.137985 0.057774
v 0.251210 -0.113990 0.058636
v 0.262159 -0.086727 0.058694
v 0.267369 -0.057824 0.058145
v 0.268638 -0.028717 0.057426
v 0.279041 0.000000 0.029328
v 0.277563 0.029173 0.029334
v 0.274637 0.058376 0.029510
v 0.268151 0.087128 0.029634
v 0.256547 0.114222 0.029516
v 0.239902 0.138507 0.029115
v 0.219775 0.159676 0.028552
v 0.198039 0.178315 0.028009
v 0.175666 0.195097 0.027593
v 0.152416 0.209783 0.027254
v 0.127571 0.220959 0.026816
v 0.101021 0.226898 0.026105
v 0.073759 0.227007 0.025087
v 0.047345 0.222743 0.023934
v 0.022824 0.217153 0.022949
v 0.000000 0.213202 0.022408
v -0.022282 0.212003 0.022405
v -0.045105 0.212203 0.022802
v -0.068560 0.211005 0.023319
v -0.091762 0.206100 0.023712
v -0.113813 0.197129 0.023924
v -0.134892 0.185663 0.024121
v -0.156458 0.173764 0.024576
v -0.180207 0.162259 0.025487
v -0.206469 0.150008 0.026824
v -0.233259 0.134672 0.028309
v -0.256854 0.114359 0.029551
v -0.273654 0.088916 0.030242
v -0.282136 0.059970 0.030316
v -0.283572 0.029805 0.029969
v -0.281012 0.000000 0.029536
v -0.277239 -0.029139 0.029299
v -0.273066 -0.058042 0.029342
v -0.267062 -0.086774 0.029514
v -0.256754 -0.114314 0.029540
v -0.240398 -0.138794 0.029176
v -0.218126 -0.158478 0.028338
v -0.191857 -0.172749 0.027135
v -0.164233 -0.182399 0.025797
v -0.137408 -0.189126 0.024570
v -0.112401 -0.194685 0.023628
v -0.089173 -0.200286 0.023043
v -0.067092 -0.206489 0.022820
v -0.045355 -0.213378 0.022928
v -0.023193 -0.220662 0.023320
v -0.000000 -0.227587 0.023920
v 0.024477 -0.232879 0.024611
v 0.049959 -0.235040 0.025256
v 0.075710 -0.233011 0.025751
v 0.100970 -0.226782 0.026091
v 0.125530 -0.217424 0.026387
v 0.149943 -0.206379 0.026812
v 0.175048 -0.194410 0.027496
v 0.201005 -0.180986 0.028428
v 0.226547 -0.164596 0.029432
v 0.249127 -0.143834 0.030235
v 0.266075 -0.118464 0.030612
v 0.276078 -0.089703 0.030510
v 0.279962 -0.059508 0.030083
v 0.280141 -0.029444 0.029606
v 0.281169 0.000000 0.000000
v 0.280329 0.029464 0.000000
v 0.278488 0.059194 0.000000
v 0.273027 0.088712 0.000000
v 0.261875 0.116594 0.000000
v 0.244835 0.141355 0.000000
v 0.223529 0.162403 0.000000
v 0.200172 0.180235 0.000000
v 0.176187 0.195676 0.000000
v 0.151705 0.208805 0.000000
v 0.126185 0.218558 0.000000
v 0.099498 0.223476 0.000000
v 0.072486 0.223090 0.000000
v 0.046516 0.218841 0.000000
v 0.022458 0.213672 0.000000
v 0.000000 0.210408 0.000000
v -0.022074 0.210023 0.000000
v -0.044865 0.211075 0.000000
v -0.068472 0.210737 0.000000
v -0.092040 0.206726 0.000000
v -0.114734 0.198726 0.000000
v -0.136800 0.188289 0.000000
v -0.159693 0.177357 0.000000
v -0.184967 0.166545 0.000000
v -0.212651 0.154500 0.000000
v -0.240388 0.138788 0.000000
v -0.264173 0.117618 0.000000
v -0.280392 0.091105 0.000000
v -0.287831 0.061180 0.000000
v -0.288296 0.030301 0.000000
v -0.285358 0.000000 0.000000
v -0.282052 -0.029645 0.000000
v -0.279041 -0.059312 0.000000
v -0.274404 -0.089159 0.000000
v -0.265068 -0.118016 0.000000
v -0.248848 -0.143673 0.000000
v -0.225776 -0.164036 0.000000
v -0.198013 -0.178292 0.000000
v -0.168642 -0.187296 0.000000
v -0.140243 -0.193027 0.000000
v -0.114088 -0.197606 0.000000
v -0.090170 -0.202526 0.000000
v -0.067726 -0.208439 0.000000
v -0.045770 -0.215329 0.000000
v -0.023405 -0.222681 0.000000
v -0.000000 -0.229519 0.000000
v 0.024642 -0.234452 0.000000
v 0.050170 -0.236032 0.000000
v 0.075836 -0.233400 0.000000
v 0.100979 -0.226803 0.000000
v 0.125580 -0.217511 0.000000
v 0.150386 -0.206988 0.000000
v 0.176313 -0.195815 0.000000
v 0.203399 -0.183141 0.000000
v 0.230059 -0.167148 0.000000
v 0.253362 -0.146278 0.000000
v 0.270376 -0.120379 0.000000
v 0.279815 -0.090917 0.000000
v 0.282834 -0.060118 0.000000
v 0.282340 -0.029675 0.000000
v 0.274775 0.000000 -0.028880
v 0.274702 0.028872 -0.029031
v 0.273913 0.058222 -0.029433
v 0.269519 0.087572 -0.029785
v 0.259133 0.115373 -0.029813
v 0.242314 0.139900 -0.029408
v 0.220633 0.160299 -0.028664
v 0.196487 0.176917 -0.027789
v 0.171669 0.190657 -0.026965
v 0.146711 0.201930 -0.026234
v 0.121331 0.210152 -0.025505
v 0.095406 0.214286 -0.024654
v 0.069542 0.214029 -0.023653
v 0.044777 0.210658 -0.022636
v 0.021725 0.206700 -0.021845
v 0.000000 0.204545 -0.021499
v -0.021539 0.204931 -0.021658
v -0.043887 0.206472 -0.022186
v -0.067134 0.206616 -0.022834
v -0.090543 0.203362 -0.023397
v -0.113441 0.196486 -0.023846
v -0.136138 0.187378 -0.024343
v -0.159949 0.177641 -0.025124
v -0.186108 0.167572 -0.026322
v -0.214278 0.155682 -0.027838
v -0.241865 0.139641 -0.029354
v -0.264877 0.117931 -0.030474
v -0.279950 0.090961 -0.030938
v -0.286257 0.060846 -0.030759
v -0.285965 0.030056 -0.030222
v -0.282851 0.000000 -0.029729
v -0.279954 -0.029424 -0.029586
v -0.277758 -0.059039 -0.029846
v -0.274055 -0.089046 -0.030287
v -0.265477 -0.118198 -0.030543
v -0.249626 -0.144122 -0.030296
v -0.226467 -0.164538 -0.029422
v -0.198261 -0.178515 -0.028040
v -0.168306 -0.186923 -0.026437
v -0.139425 -0.191903 -0.024931
v -0.113048 -0.195805 -0.023764
v -0.089184 -0.200310 -0.023046
v -0.066965 -0.206097 -0.022776
v -0.045271 -0.212984 -0.022886
v -0.023142 -0.220185 -0.023270
v -0.000000 -0.226489 -0.023805
v 0.024223 -0.230466 -0.024356
v 0.049071 -0.230862 -0.024807
v 0.073810 -0.227163 -0.025105
v 0.097929 -0.219953 -0.025306
v 0.121628 -0.210666 -0.025567
v 0.145822 -0.200707 -0.026075
v 0.171456 -0.190421 -0.026932
v 0.198447 -0.178683 -0.028067
v 0.225020 -0.163486 -0.029234
v 0.248084 -0.143232 -0.030108
v 0.264674 -0.117841 -0.030451
v 0.273602 -0.088899 -0.030237
v 0.276213 -0.058711 -0.029680
v 0.275615 -0.028968 -0.029128
v 0.261717 0.000000 -0.055630
v 0.262427 0.028053 -0.056098
v 0.262420 0.056754 -0.057069
v 0.258667 0.085571 -0.057912
v 0.248659 0.112832 -0.058041
v 0.231899 0.136645 -0.057213
v 0.209986 0.156007 -0.055604
v 0.185436 0.171187 -0.053643
v 0.160242 0.183130 -0.051723
v 0.135184 0.192456 -0.049991
v 0.110209 0.198962 -0.048345
v 0.085282 0.202075 -0.046621
v 0.060865 0.201855 -0.044814
v 0.037635 0.199597 -0.043173
v 0.015800 0.197397 -0.042092
v -0.005243 0.196890 -0.041865
v -0.026530 0.198117 -0.042487
v -0.048731 0.199466 -0.043645
v -0.071687 0.198786 -0.044917
v -0.094750 0.194851 -0.046054
v -0.117651 0.188034 -0.047147
v -0.141061 0.179672 -0.048554
v -0.166154 0.170638 -0.050624
v -0.193336 0.160289 -0.053382
v -0.221097 0.146670 -0.056396
v -0.246050 0.127855 -0.058939
v -0.264430 0.103394 -0.060350
v -0.274177 0.074771 -0.060406
v -0.276194 0.044499 -0.059464
v -0.273804 0.014593 -0.058281
v -0.270684 -0.014427 -0.057617
v -0.268588 -0.043273 -0.057826
v -0.266353 -0.072637 -0.058683
v -0.260771 -0.101964 -0.059515
v -0.248677 -0.129219 -0.059568
v -0.228879 -0.151833 -0.058381
v -0.202781 -0.168119 -0.055989
v -0.173526 -0.178209 -0.052871
v -0.144399 -0.183923 -0.049703
v -0.117508 -0.187804 -0.047089
v -0.093356 -0.191985 -0.045376
v -0.071231 -0.197521 -0.044631
v -0.049920 -0.204333 -0.044710
v -0.028323 -0.211505 -0.045358
v -0.005796 -0.217650 -0.046279
v 0.017711 -0.221272 -0.047183
v 0.041708 -0.221199 -0.047846
v 0.065454 -0.217071 -0.048192
v 0.088465 -0.209617 -0.048361
v 0.110985 -0.200361 -0.048685
v 0.133987 -0.190752 -0.049548
v 0.158505 -0.181145 -0.051163
v 0.184567 -0.170385 -0.053392
v 0.210495 -0.156385 -0.055739
v 0.233241 -0.137436 -0.057544
v 0.249810 -0.113354 -0.058310
v 0.258945 -0.085663 -0.057974
v 0.261937 -0.056649 -0.056964
v 0.261875 -0.027994 -0.055980
v 0.244193 0.000000 -0.079343
v 0.245595 0.027182 -0.080286
v 0.246009 0.055132 -0.081916
v 0.242386 0.083211 -0.083268
v 0.232282 0.109616 -0.083455
v 0.215332 0.132364 -0.082127
v 0.193263 0.150422 -0.079574
v 0.168659 0.164074 -0.076454
v 0.143553 0.174307 -0.073370
v 0.118817 0.181862 -0.070584
v 0.094547 0.186830 -0.068035
v 0.070800 0.189098 -0.065607
v 0.047894 0.189131 -0.063392
v 0.026101 0.188228 -0.061744
v 0.005179 0.187874 -0.061067
v -0.015635 0.188684 -0.061517
v -0.037087 0.189866 -0.062857
v -0.059350 0.189754 -0.064600
v -0.082035 0.187020 -0.066355
v -0.104817 0.181549 -0.068114
v -0.128051 0.174219 -0.070253
v -0.152595 0.165763 -0.073206
v -0.178784 0.155703 -0.077032
v -0.205303 0.142354 -0.081174
v -0.229073 0.123968 -0.084631
v -0.246557 0.100143 -0.086467
v -0.255775 0.072326 -0.086365
v -0.257592 0.042985 -0.084854
v -0.255237 0.014082 -0.083058
v -0.252246 -0.013917 -0.082084
v -0.250197 -0.041751 -0.082418
v -0.247770 -0.070063 -0.083662
v -0.241733 -0.098184 -0.084775
v -0.229117 -0.123992 -0.084647
v -0.209088 -0.144978 -0.082670
v -0.183389 -0.159713 -0.079016
v -0.155287 -0.168687 -0.074498
v -0.127888 -0.173998 -0.070164
v -0.102903 -0.178233 -0.066871
v -0.080398 -0.183290 -0.065032
v -0.059355 -0.189768 -0.064605
v -0.038486 -0.197028 -0.065228
v -0.016874 -0.203639 -0.066393
v 0.005732 -0.207933 -0.067587
v 0.028922 -0.208569 -0.068417
v 0.051924 -0.205042 -0.068725
v 0.074122 -0.197970 -0.068685
v 0.095581 -0.188873 -0.068779
v 0.117177 -0.179353 -0.069610
v 0.140043 -0.170045 -0.071576
v 0.164522 -0.160050 -0.074579
v 0.189323 -0.147356 -0.077951
v 0.211655 -0.130104 -0.080725
v 0.228526 -0.107844 -0.082106
v 0.238467 -0.081866 -0.081922
v 0.242487 -0.054343 -0.080743
v 0.243452 -0.026945 -0.079585
v 0.223929 0.000000 -0.099699
v 0.225787 0.025907 -0.101186
v 0.226280 0.052619 -0.103434
v 0.222592 0.079420 -0.105223
v 0.212547 0.104502 -0.105452
v 0.195948 0.125928 -0.103704
v 0.174516 0.142701 -0.100369
v 0.150719 0.155086 -0.096285
v 0.126494 0.164041 -0.092228
v 0.102748 0.170388 -0.088587
v 0.079689 0.174494 -0.085408
v 0.057384 0.176609 -0.082678
v 0.035937 0.177355 -0.080568
v 0.015263 0.177702 -0.079410
v -0.005095 0.178360 -0.079443
v -0.025758 0.179149 -0.080583
v -0.047062 0.179044 -0.082424
v -0.068883 0.176926 -0.084532
v -0.090963 0.172395 -0.086784
v -0.113417 0.165868 -0.089463
v -0.136754 0.157823 -0.092977
v -0.161146 0.147898 -0.097384
v -0.185478 0.134758 -0.102075
v -0.207139 0.116977 -0.105914
v -0.223063 0.094267 -0.107818
v -0.231498 0.067974 -0.107421
v -0.233215 0.040359 -0.105378
v -0.231108 0.013215 -0.103064
v -0.228318 -0.013056 -0.101820
v -0.226157 -0.039138 -0.102188
v -0.223298 -0.065566 -0.103616
v -0.216784 -0.091614 -0.104784
v -0.204094 -0.115257 -0.104357
v -0.184794 -0.134260 -0.101698
v -0.160775 -0.147558 -0.097160
v -0.135099 -0.155913 -0.091852
v -0.110404 -0.161461 -0.087086
v -0.087869 -0.166530 -0.083832
v -0.067177 -0.172543 -0.082438
v -0.047195 -0.179548 -0.082655
v -0.026803 -0.186421 -0.083853
v -0.005470 -0.191484 -0.085289
v 0.016595 -0.193210 -0.086339
v 0.038670 -0.190843 -0.086695
v 0.060028 -0.184747 -0.086487
v 0.080498 -0.176265 -0.086275
v 0.100710 -0.167009 -0.086830
v 0.121718 -0.157847 -0.088746
v 0.144069 -0.148244 -0.092037
v 0.166920 -0.136490 -0.096000
v 0.187971 -0.120802 -0.099483
v 0.204509 -0.100550 -0.101464
v 0.215007 -0.076714 -0.101638
v 0.220128 -0.051189 -0.100622
v 0.222282 -0.025505 -0.099616
v 0.201990 0.000000 -0.116619
v 0.204009 0.024771 -0.118650
v 0.204187 0.050328 -0.121416
v 0.199992 0.075847 -0.123491
v 0.189616 0.099518 -0.123637
v 0.173133 0.119505 -0.121459
v 0.152316 0.134940 -0.117486
v 0.129467 0.146138 -0.112721
v 0.106319 0.154030 -0.108057
v 0.083690 0.159458 -0.103973
v 0.061805 0.162966 -0.100628
v 0.040678 0.165036 -0.098135
v 0.020189 0.166270 -0.096701
v -0.000000 0.167154 -0.096506
v -0.020354 0.167629 -0.097491
v -0.041171 0.167035 -0.099324
v -0.062419 0.164586 -0.101628
v -0.083948 0.159950 -0.104293
v -0.105814 0.153298 -0.107544
v -0.128212 0.144722 -0.111628
v -0.150832 0.133625 -0.116341
v -0.172191 0.118855 -0.120797
v -0.189780 0.099604 -0.123743
v -0.201284 0.076337 -0.124288
v -0.206099 0.050799 -0.122553
v -0.205889 0.024999 -0.119743
v -0.203527 -0.000000 -0.117506
v -0.201102 -0.024418 -0.116959
v -0.198462 -0.048916 -0.118011
v -0.193424 -0.073356 -0.119434
v -0.183450 -0.096282 -0.119616
v -0.167504 -0.115619 -0.117509
v -0.146751 -0.130010 -0.113193
v -0.123785 -0.139724 -0.107774
v -0.101108 -0.146480 -0.102760
v -0.079974 -0.152377 -0.099355
v -0.060202 -0.158739 -0.098018
v -0.040803 -0.165544 -0.098437
v -0.020838 -0.171616 -0.099810
v -0.000000 -0.175329 -0.101226
v 0.021300 -0.175420 -0.102022
v 0.042295 -0.171599 -0.102038
v 0.062458 -0.164688 -0.101691
v 0.081950 -0.156143 -0.101811
v 0.101554 -0.147127 -0.103214
v 0.121971 -0.137677 -0.106195
v 0.142900 -0.126598 -0.110223
v 0.162669 -0.112283 -0.114118
v 0.178929 -0.093909 -0.116668
v 0.190072 -0.072085 -0.117365
v 0.196338 -0.048393 -0.116748
v 0.199621 -0.024238 -0.116098
v 0.179119 0.000000 -0.130137
v 0.180942 0.023330 -0.132550
v 0.180540 0.047343 -0.135605
v 0.175808 0.071177 -0.137803
v 0.165367 0.093133 -0.137890
v 0.149496 0.111572 -0.135529
v 0.129858 0.125761 -0.131340
v 0.108463 0.136008 -0.126390
v 0.086780 0.143153 -0.121625
v 0.065522 0.148015 -0.117605
v 0.044881 0.151218 -0.114603
v 0.024777 0.153257 -0.112793
v 0.004954 0.154475 -0.112290
v -0.014940 0.154867 -0.113040
v -0.035154 0.154018 -0.114778
v -0.055708 0.151377 -0.117193
v -0.076493 0.146622 -0.120152
v -0.097436 0.139681 -0.123736
v -0.118383 0.130353 -0.127935
v -0.138621 0.118010 -0.132267
v -0.156539 0.101896 -0.135705
v -0.170067 0.081900 -0.137142
v -0.177842 0.059048 -0.136146
v -0.180245 0.035103 -0.133416
v -0.179269 0.011509 -0.130515
v -0.177122 -0.011372 -0.128952
v -0.174589 -0.034001 -0.129229
v -0.170499 -0.056610 -0.130524
v -0.162734 -0.078368 -0.131229
v -0.149932 -0.097595 -0.129977
v -0.132537 -0.112830 -0.126461
v -0.112483 -0.123856 -0.121558
v -0.091948 -0.131815 -0.116767
v -0.072198 -0.138391 -0.113407
v -0.053260 -0.144725 -0.112043
v -0.034420 -0.150806 -0.112385
v -0.015012 -0.155618 -0.113588
v 0.005061 -0.157833 -0.114731
v 0.025318 -0.156600 -0.115254
v 0.045119 -0.152019 -0.115210
v 0.064200 -0.145028 -0.115232
v 0.082886 -0.136730 -0.116168
v 0.101725 -0.127559 -0.118539
v 0.120721 -0.116912 -0.122098
v 0.138812 -0.103598 -0.125844
v 0.154185 -0.086835 -0.128566
v 0.165379 -0.066954 -0.129628
v 0.172327 -0.045189 -0.129436
v 0.176377 -0.022741 -0.129206
v 0.156094 0.000000 -0.140547
v 0.157418 0.022124 -0.143133
v 0.156124 0.044768 -0.146239
v 0.150497 0.067005 -0.148332
v 0.139591 0.087226 -0.148209
v 0.123933 0.103992 -0.145670
v 0.105125 0.116753 -0.141460
v 0.084898 0.125867 -0.136702
v 0.064438 0.132118 -0.132354
v 0.044279 0.136275 -0.129017
v 0.024495 0.138916 -0.127010
v 0.004901 0.140357 -0.126455
v -0.014775 0.140579 -0.127275
v -0.034717 0.139244 -0.129214
v -0.054909 0.135906 -0.131980
v -0.075182 0.130219 -0.135388
v -0.095228 0.121887 -0.139271
v -0.114397 0.110472 -0.143192
v -0.131425 0.095486 -0.146271
v -0.144638 0.076905 -0.147497
v -0.152810 0.055618 -0.146421
v -0.156087 0.033177 -0.143681
v -0.156003 0.010909 -0.140809
v -0.154317 -0.010791 -0.139287
v -0.151590 -0.032222 -0.139542
v -0.146780 -0.053423 -0.140643
v -0.138236 -0.073502 -0.140969
v -0.125195 -0.090959 -0.139337
v -0.108455 -0.104734 -0.135754
v -0.089803 -0.114943 -0.131337
v -0.070830 -0.122682 -0.127552
v -0.052163 -0.129107 -0.125378
v -0.033560 -0.134602 -0.124906
v -0.014570 -0.138620 -0.125502
v 0.004896 -0.140199 -0.126312
v 0.024456 -0.138695 -0.126808
v 0.043612 -0.134223 -0.127074
v 0.062175 -0.127477 -0.127706
v 0.080328 -0.119092 -0.129344
v 0.098174 -0.109033 -0.132106
v 0.115143 -0.096617 -0.135339
v 0.129935 -0.081192 -0.137956
v 0.141244 -0.062886 -0.139213
v 0.148738 -0.042650 -0.139321
v 0.153287 -0.021543 -0.139377
v 0.133767 0.000000 -0.148563
v 0.134337 0.021277 -0.151057
v 0.131817 0.042830 -0.153932
v 0.124854 0.063616 -0.155626
v 0.112954 0.082066 -0.155063
v 0.096953 0.096953 -0.152278
v 0.078440 0.107963 -0.148211
v 0.058887 0.115572 -0.144057
v 0.039167 0.120544 -0.140767
v 0.019566 0.123535 -0.138910
v 0.000000 0.124879 -0.138693
v -0.019722 0.124519 -0.140016
v -0.039667 0.122084 -0.142565
v -0.059661 0.117091 -0.145951
v -0.079243 0.109068 -0.149728
v -0.097569 0.097569 -0.153246
v -0.113331 0.082340 -0.155580
v -0.125075 0.063729 -0.155902
v -0.132019 0.042895 -0.154167
v -0.134681 0.021331 -0.151443
v -0.134479 0.000000 -0.149354
v -0.132426 -0.020974 -0.148907
v -0.128192 -0.041652 -0.149699
v -0.120538 -0.061417 -0.150247
v -0.108668 -0.078952 -0.149178
v -0.093120 -0.093120 -0.146258
v -0.075396 -0.103774 -0.142460
v -0.056888 -0.111650 -0.139168
v -0.038189 -0.117535 -0.137253
v -0.019256 -0.121576 -0.136707
v -0.000000 -0.123301 -0.136940
v 0.019353 -0.122189 -0.137396
v 0.038395 -0.118169 -0.137993
v 0.056857 -0.111587 -0.139090
v 0.074629 -0.102718 -0.141010
v 0.091379 -0.091379 -0.143524
v 0.106215 -0.077170 -0.145811
v 0.117989 -0.060118 -0.147070
v 0.126128 -0.040982 -0.147288
v 0.131090 -0.020763 -0.147405
v 0.112750 0.000000 -0.155187
v 0.112404 0.020398 -0.157238
v 0.108505 0.040723 -0.159516
v 0.100131 0.059825 -0.160543
v 0.087256 0.076233 -0.159477
v 0.070955 0.088975 -0.156637
v 0.052723 0.097976 -0.153137
v 0.033720 0.103779 -0.150190
v 0.014498 0.107026 -0.148654
v -0.004853 0.108062 -0.148885
v -0.024375 0.106792 -0.150766
v -0.043928 0.102775 -0.153837
v -0.063002 0.095444 -0.157407
v -0.080632 0.084335 -0.160594
v -0.095476 0.069367 -0.162433
v -0.106252 0.051168 -0.162318
v -0.112479 0.031042 -0.160602
v -0.114774 0.010330 -0.158611
v -0.114120 -0.010271 -0.157708
v -0.110742 -0.030563 -0.158122
v -0.103911 -0.050041 -0.158742
v -0.092959 -0.067539 -0.158152
v -0.078263 -0.081857 -0.155876
v -0.061111 -0.092579 -0.152682
v -0.042779 -0.100086 -0.149812
v -0.023935 -0.104866 -0.148048
v -0.004805 -0.106993 -0.147411
v 0.014390 -0.106232 -0.147552
v 0.033286 -0.102443 -0.148257
v 0.051490 -0.095685 -0.149557
v 0.068565 -0.085978 -0.151361
v 0.083790 -0.073205 -0.153143
v 0.096170 -0.057459 -0.154193
v 0.104982 -0.039400 -0.154337
v 0.110314 -0.020019 -0.154314
v 0.093103 0.000000 -0.161258
v 0.091807 0.019514 -0.162567
v 0.086458 0.038493 -0.163920
v 0.076629 0.055674 -0.164058
v 0.062777 0.069721 -0.162499
v 0.046159 0.079951 -0.159901
v 0.028101 0.086485 -0.157506
v 0.009438 0.089801 -0.156396
v -0.009478 0.090182 -0.157059
v -0.028421 0.087471 -0.159301
v -0.046875 0.081190 -0.162379
v -0.063837 0.070898 -0.165242
v -0.077942 0.056628 -0.166869
v -0.087996 0.039178 -0.166838
v -0.093614 0.019898 -0.165766
v -0.095228 0.000000 -0.164940
v -0.093247 -0.019820 -0.165116
v -0.087415 -0.038920 -0.165737
v -0.077319 -0.056176 -0.165535
v -0.063310 -0.070313 -0.163879
v -0.046572 -0.080665 -0.161331
v -0.028366 -0.087301 -0.158992
v -0.009511 -0.090491 -0.157598
v 0.009491 -0.090303 -0.157271
v 0.028157 -0.086660 -0.157823
v 0.045894 -0.079491 -0.158982
v 0.061922 -0.068771 -0.160285
v 0.075248 -0.054671 -0.161101
v 0.084984 -0.037837 -0.161127
v 0.090849 -0.019310 -0.160870
v 0.074351 0.000000 -0.166995
v 0.071996 0.019291 -0.167411
v 0.064627 0.037313 -0.167611
v 0.052466 0.052466 -0.166653
v 0.036663 0.063502 -0.164691
v 0.018773 0.070063 -0.162915
v 0.000000 0.072359 -0.162521
v -0.018882 0.070470 -0.163863
v -0.037017 0.064115 -0.166281
v -0.053062 0.053062 -0.168544
v -0.065421 0.037771 -0.169670
v -0.072992 0.019558 -0.169727
v -0.075567 0.000000 -0.169727
v -0.073246 -0.019626 -0.170316
v -0.065879 -0.038035 -0.170857
v -0.053620 -0.053620 -0.170316
v -0.037551 -0.065040 -0.168680
v -0.019236 -0.071791 -0.166934
v -0.000000 -0.073906 -0.165996
v 0.019139 -0.071430 -0.166093
v 0.037144 -0.064335 -0.166854
v 0.052754 -0.052754 -0.167568
v 0.064634 -0.037316 -0.167627
v 0.071893 -0.019264 -0.167171
v 0.055860 0.000000 -0.171920
v 0.052672 0.018082 -0.171394
v 0.043718 0.034027 -0.170503
v 0.030026 0.045958 -0.168957
v 0.013362 0.052764 -0.167518
v -0.004488 0.054164 -0.167272
v -0.021982 0.050114 -0.168420
v -0.037433 0.040663 -0.170102
v -0.048967 0.026499 -0.171357
v -0.055170 0.009206 -0.172143
v -0.055451 -0.009253 -0.173019
v -0.049687 -0.026889 -0.173877
v -0.038286 -0.041590 -0.173979
v -0.022617 -0.051562 -0.173287
v -0.004632 -0.055899 -0.172628
v 0.013767 -0.054366 -0.172603
v 0.030742 -0.047054 -0.172983
v 0.044377 -0.034540 -0.173074
v 0.053035 -0.018207 -0.172574
v 0.037259 0.000000 -0.175289
v 0.032001 0.018476 -0.173844
v 0.018288 0.031676 -0.172077
v 0.000000 0.036344 -0.170984
v -0.018224 0.031565 -0.171475
v -0.031808 0.018365 -0.172798
v -0.037033 0.000000 -0.174225
v -0.032321 -0.018661 -0.175582
v -0.018730 -0.032442 -0.176239
v -0.000000 -0.037496 -0.176405
v 0.018769 -0.032509 -0.176605
v 0.032457 -0.018739 -0.176318
v 0.018574 0.000000 -0.176724
v 0.009185 0.015909 -0.174781
v -0.009152 0.015851 -0.174146
v -0.018447 0.000000 -0.175516
v -0.009308 -0.016122 -0.177116
v 0.009337 -0.016173 -0.177676
v 0.000000 0.000000 -0.176543
f 1 2 3
f 1 3 4
f 1 4 5
f 1 5 6
f 1 6 7
f 1 7 2
f 2 8 9
f 2 9 3
f 3 9 10
f 3 10 11
f 3 11 4
f 4 11 12
f 4 12 13
f 4 13 5
f 5 13 14
f 5 14 15
f 5 15 6
f 6 15 16
f 6 16 17
f 6 17 7
f 7 17 18
f 7 18 19
f 7 19 2
f 2 19 8
f 8 20 21
f 8 21 9
f 9 21 22
f 9 22 23
f 9 23 10
f 10 23 24
f 10 24 11
f 11 24 25
f 11 25 26
f 11 26 12
f 12 26 27
f 12 27 13
f 13 27 28
f 13 28 29
f 13 29 14
f 14 29 30
f 14 30 31
f 14 31 15
f 15 31 32
f 15 32 16
f 16 32 33
f 16 33 34
f 16 34 17
f 17 34 35
f 17 35 18
f 18 35 36
f 18 36 37
f 18 37 19
f 19 37 38
f 19 38 8
f 8 38 20
f 20 39 40
f 20 40 21
f 21 40 41
f 21 41 22
f 22 41 42
f 22 42 23
f 23 42 43
f 23 43 44
f 23 44 24
f 24 44 45
f 24 45 25
f 25 45 46
f 25 46 26
f 26 46 47
f 26 47 27
f 27 47 48
f 27 48 49
f 27 49 28
f 28 49 50
f 28 50 29
f 29 50 51
f 29 51 30
f 30 51 52
f 30 52 31
f 31 52 53
f 31 53 54
f 31 54 32
f 32 54 55
f 32 55 33
f 33 55 56
f 33 56 34
f 34 56 57
f 34 57 35
f 35 57 58
f 35 58 59
f 35 59 36
f 36 59 60
f 36 60 37
f 37 60 61
f 37 61 38
f 38 61 62
f 38 62 20
f 20 62 39
f 39 63 64
f 39 64 40
f 40 64 65
f 40 65 41
f 41 65 66
f 41 66 42
f 42 66 67
f 42 67 43
f 43 67 68
f 43 68 69
f 43 69 44
f 44 69 70
f 44 70 45
f 45 70 71
f 45 71 46
f 46 71 72
f 46 72 47
f 47 72 73
f 47 73 74
f 47 74 48
f 48 74 75
f 48 75 49
f 49 75 76
f 49 76 50
f 50 76 77
f 50 77 51
f 51 77 78
f 51 78 79
f 51 79 52
f 52 79 80
f 52 80 53
f 53 80 81
f 53 81 54
f 54 81 82
f 54 82 55
f 55 82 83
f 55 83 84
f 55 84 56
f 56 84 85
f 56 85 57
f 57 85 86
f 57 86 58
f 58 86 87
f 58 87 59
f 59 87 88
f 59 88 89
f 59 89 60
f 60 89 90
f 60 90 61
f 61 90 91
f 61 91 62
f 62 91 92
f 62 92 39
f 39 92 63
f 63 93 94
f 63 94 64
f 64 94 95
f 64 95 65
f 65 95 96
f 65 96 66
f 66 96 97
f 66 97 67
f 67 97 98
f 67 98 68
f 68 98 99
f 68 99 69
f 69 99 100
f 69 100 101
f 69 101 70
f 70 101 102
f 70 102 71
f 71 102 103
f 71 103 72
f 72 103 104
f 72 104 73
f 73 104 105
f 73 105 74
f 74 105 106
f 74 106 75
f 75 106 107
f 75 107 108
f 75 108 76
f 76 108 109
f 76 109 77
f 77 109 110
f 77 110 78
f 78 110 111
f 78 111 79
f 79 111 112
f 79 112 80
f 80 112 113
f 80 113 81
f 81 113 114
f 81 114 115
f 81 115 82
f 82 115 116
f 82 116 83
f 83 116 117
f 83 117 84
f 84 117 118
f 84 118 85
f 85 118 119
f 85 119 86
f 86 119 120
f 86 120 87
f 87 120 121
f 87 121 122
f 87 122 88
f 88 122 123
f 88 123 89
f 89 123 124
f 89 124 90
f 90 124 125
f 90 125 91
f 91 125 126
f 91 126 92
f 92 126 127
f 92 127 63
f 63 127 93
f 93 128 129
f 93 129 94
f 94 129 130
f 94 130 95
f 95 130 131
f 95 131 96
f 96 131 132
f 96 132 97
f 97 132 133
f 97 133 98
f 98 133 134
f 98 134 99
f 99 134 135
f 99 135 100
f 100 135 136
f 100 136 137
f 100 137 101
f 101 137 138
f 101 138 102
f 102 138 139
f 102 139 103
f 103 139 140
f 103 140 104
f 104 140 141
f 104 141 105
f 105 141 142
f 105 142 106
f 106 142 143
f 106 143 107
f 107 143 144
f 107 144 145
f 107 145 108
f 108 145 146
f 108 146 109
f 109 146 147
f 109 147 110
f 110 147 148
f 110 148 111
f 111 148 149
f 111 149 112
f 112 149 150
f 112 150 113
f 113 150 151
f 113 151 114
f 114 151 152
f 114 152 153
f 114 153 115
f 115 153 154
f 115 154 116
f 116 154 155
f 116 155 117
f 117 155 156
f 117 156 118
f 118 156 157
f 118 157 119
f 119 157 158
f 119 158 120
f 120 158 159
f 120 159 121
f 121 159 160
f 121 160 161
f 121 161 122
f 122 161 162
f 122 162 123
f 123 162 163
f 123 163 124
f 124 163 164
f 124 164 125
f 125 164 165
f 125 165 126
f 126 165 166
f 126 166 127
f 127 166 167
f 127 167 93
f 93 167 128
f 128 168 169
f 128 169 129
f 129 169 170
f 129 170 130
f 130 170 171
f 130 171 131
f 131 171 172
f 131 172 132
f 132 172 173
f 132 173 133
f 133 173 174
f 133 174 134
f 134 174 175
f 134 175 135
f 135 175 176
f 135 176 136
f 136 176 177
f 136 177 178
f 136 178 137
f 137 178 179
f 137 179 138
f 138 179 180
f 138 180 139
f 139 180 181
f 139 181 140
f 140 181 182
f 140 182 141
f 141 182 183
f 141 183 142
f 142 183 184
f 142 184 143
f 143 184 185
f 143 185 144
f 144 185 186
f 144 186 187
f 144 187 145
f 145 187 188
f 145 188 146
f 146 188 189
f 146 189 147
f 147 189 190
f 147 190 148
f 148 190 191
f 148 191 149
f 149 191 192
f 149 192 150
f 150 192 193
f 150 193 151
f 151 193 194
f 151 194 152
f 152 194 195
f 152 195 196
f 152 196 153
f 153 196 197
f 153 197 154
f 154 197 198
f 154 198 155
f 155 198 199
f 155 199 156
f 156 199 200
f 156 200 157
f 157 200 201
f 157 201 158
f 158 201 202
f 158 202 159
f 159 202 203
f 159 203 160
f 160 203 204
f 160 204 205
f 160 205 161
f 161 205 206
f 161 206 162
f 162 206 207
f 162 207 163
f 163 207 208
f 163 208 164
f 164 208 209
f 164 209 165
f 165 209 210
f 165 210 166
f 166 210 211
f 166 211 167
f 167 211 212
f 167 212 128
f 128 212 168
f 168 213 214
f 168 214 169
f 169 214 215
f 169 215 170
f 170 215 216
f 170 216 171
f 171 216 217
f 171 217 172
f 172 217 218
f 172 218 173
f 173 218 219
f 173 219 174
f 174 219 220
f 174 220 175
f 175 220 221
f 175 221 176
f 176 221 222
f 176 222 177
f 177 222 223
f 177 223 178
f 178 223 224
f 178 224 179
f 179 224 225
f 179 225 226
f 179 226 180
f 180 226 227
f 180 227 181
f 181 227 228
f 181 228 182
f 182 228 229
f 182 229 183
f 183 229 230
f 183 230 184
f 184 230 231
f 184 231 185
f 185 231 232
f 185 232 186
f 186 232 233
f 186 233 187
f 187 233 234
f 187 234 188
f 188 234 235
f 188 235 189
f 189 235 236
f 189 236 190
f 190 236 237
f 190 237 238
f 190 238 191
f 191 238 239
f 191 239 192
f 192 239 240
f 192 240 193
f 193 240 241
f 193 241 194
f 194 241 242
f 194 242 195
f 195 242 243
f 195 243 196
f 196 243 244
f 196 244 197
f 197 244 245
f 197 245 198
f 198 245 246
f 198 246 199
f 199 246 247
f 199 247 200
f 200 247 248
f 200 248 201
f 201 248 249
f 201 249 250
f 201 250 202
f 202 250 251
f 202 251 203
f 203 251 252
f 203 252 204
f 204 252 253
f 204 253 205
f 205 253 254
f 205 254 206
f 206 254 255
f 206 255 207
f 207 255 256
f 207 256 208
f 208 256 257
f 208 257 209
f 209 257 258
f 209 258 210
f 210 258 259
f 210 259 211
f 211 259 260
f 211 260 212
f 212 260 261
f 212 261 168
f 168 261 213
f 213 262 263
f 213 263 214
f 214 263 264
f 214 264 215
f 215 264 265
f 215 265 216
f 216 265 266
f 216 266 217
f 217 266 267
f 217 267 218
f 218 267 268
f 218 268 219
f 219 268 269
f 219 269 220
f 220 269 270
f 220 270 221
f 221 270 271
f 221 271 222
f 222 271 272
f 222 272 223
f 223 272 273
f 223 273 224
f 224 273 274
f 224 274 225
f 225 274 275
f 225 275 226
f 226 275 276
f 226 276 227
f 227 276 277
f 227 277 228
f 228 277 278
f 228 278 229
f 229 278 279
f 229 279 280
f 229 280 230
f 230 280 281
f 230 281 231
f 231 281 282
f 231 282 232
f 232 282 283
f 232 283 233
f 233 283 284
f 233 284 234
f 234 284 285
f 234 285 235
f 235 285 286
f 235 286 236
f 236 286 287
f 236 287 237
f 237 287 288
f 237 288 238
f 238 288 289
f 238 289 239
f 239 289 290
f 239 290 240
f 240 290 291
f 240 291 241
f 241 291 292
f 241 292 242
f 242 292 293
f 242 293 243
f 243 293 294
f 243 294 244
f 244 294 295
f 244 295 245
f 245 295 296
f 245 296 297
f 245 297 246
f 246 297 298
f 246 298 247
f 247 298 299
f 247 299 248
f 248 299 300
f 248 300 249
f 249 300 301
f 249 301 250
f 250 301 302
f 250 302 251
f 251 302 303
f 251 303 252
f 252 303 304
f 252 304 253
f 253 304 305
f 253 305 254
f 254 305 306
f 254 306 255
f 255 306 307
f 255 307 256
f 256 307 308
f 256 308 257
f 257 308 309
f 257 309 258
f 258 309 310
f 258 310 259
f 259 310 311
f 259 311 260
f 260 311 312
f 260 312 261
f 261 312 313
f 261 313 213
f 213 313 262
f 262 314 315
f 262 315 263
f 263 315 316
f 263 316 264
f 264 316 317
f 264 317 265
f 265 317 318
f 265 318 266
f 266 318 319
f 266 319 267
f 267 319 320
f 267 320 268
f 268 320 321
f 268 321 269
f 269 321 322
f 269 322 270
f 270 322 323
f 270 323 271
f 271 323 324
f 271 324 272
f 272 324 325
f 272 325 273
f 273 325 326
f 273 326 274
f 274 326 327
f 274 327 275
f 275 327 328
f 275 328 276
f 276 328 329
f 276 329 277
f 277 329 330
f 277 330 278
f 278 330 331
f 278 331 279
f 279 331 332
f 279 332 333
f 279 333 280
f 280 333 334
f 280 334 281
f 281 334 335
f 281 335 282
f 282 335 336
f 282 336 283
f 283 336 337
f 283 337 284
f 284 337 338
f 284 338 285
f 285 338 339
f 285 339 286
f 286 339 340
f 286 340 287
f 287 340 341
f 287 341 288
f 288 341 342
f 288 342 289
f 289 342 343
f 289 343 290
f 290 343 344
f 290 344 291
f 291 344 345
f 291 345 292
f 292 345 346
f 292 346 293
f 293 346 347
f 293 347 294
f 294 347 348
f 294 348 295
f 295 348 349
f 295 349 296
f 296 349 350
f 296 350 351
f 296 351 297
f 297 351 352
f 297 352 298
f 298 352 353
f 298 353 299
f 299 353 354
f 299 354 300
f 300 354 355
f 300 355 301
f 301 355 356
f 301 356 302
f 302 356 357
f 302 357 303
f 303 357 358
f 303 358 304
f 304 358 359
f 304 359 305
f 305 359 360
f 305 360 306
f 306 360 361
f 306 361 307
f 307 361 362
f 307 362 308
f 308 362 363
f 308 363 309
f 309 363 364
f 309 364 310
f 310 364 365
f 310 365 311
f 311 365 366
f 311 366 312
f 312 366 367
f 312 367 313
f 313 367 368
f 313 368 262
f 262 368 314
f 314 369 370
f 314 370 315
f 315 370 371
f 315 371 316
f 316 371 372
f 316 372 317
f 317 372 373
f 317 373 318
f 318 373 374
f 318 374 319
f 319 374 375
f 319 375 320
f 320 375 376
f 320 376 321
f 321 376 377
f 321 377 322
f 322 377 378
f 322 378 323
f 323 378 379
f 323 379 324
f 324 379 380
f 324 380 325
f 325 380 381
f 325 381 326
f 326 381 382
f 326 382 327
f 327 382 383
f 327 383 328
f 328 383 384
f 328 384 329
f 329 384 385
f 329 385 330
f 330 385 386
f 330 386 331
f 331 386 387
f 331 387 332
f 332 387 388
f 332 388 333
f 333 388 389
f 333 389 334
f 334 389 390
f 334 390 335
f 335 390 391
f 335 391 336
f 336 391 392
f 336 392 337
f 337 392 393
f 337 393 338
f 338 393 394
f 338 394 339
f 339 394 395
f 339 395 340
f 340 395 396
f 340 396 341
f 341 396 397
f 341 397 398
f 341 398 342
f 342 398 399
f 342 399 343
f 343 399 400
f 343 400 344
f 344 400 401
f 344 401 345
f 345 401 402
f 345 402 346
f 346 402 403
f 346 403 347
f 347 403 404
f 347 404 348
f 348 404 405
f 348 405 349
f 349 405 406
f 349 406 350
f 350 406 407
f 350 407 351
f 351 407 408
f 351 408 352
f 352 408 409
f 352 409 353
f 353 409 410
f 353 410 354
f 354 410 411
f 354 411 355
f 355 411 412
f 355 412 356
f 356 412 413
f 356 413 357
f 357 413 414
f 357 414 358
f 358 414 415
f 358 415 359
f 359 415 416
f 359 416 360
f 360 416 417
f 360 417 361
f 361 417 418
f 361 418 362
f 362 418 419
f 362 419 363
f 363 419 420
f 363 420 364
f 364 420 421
f 364 421 365
f 365 421 422
f 365 422 366
f 366 422 423
f 366 423 367
f 367 423 424
f 367 424 368
f 368 424 425
f 368 425 314
f 314 425 369
f 369 426 427
f 369 427 370
f 370 427 428
f 370 428 371
f 371 428 429
f 371 429 372
f 372 429 430
f 372 430 373
f 373 430 431
f 373 431 374
f 374 431 432
f 374 432 375
f 375 432 433
f 375 433 376
f 376 433 434
f 376 434 377
f 377 434 435
f 377 435 378
f 378 435 436
f 378 436 379
f 379 436 437
f 379 437 380
f 380 437 438
f 380 438 381
f 381 438 439
f 381 439 382
f 382 439 440
f 382 440 383
f 383 440 441
f 383 441 384
f 384 441 442
f 384 442 385
f 385 442 443
f 385 443 386
f 386 443 444
f 386 444 387
f 387 444 445
f 387 445 388
f 388 445 446
f 388 446 389
f 389 446 447
f 389 447 390
f 390 447 448
f 390 448 391
f 391 448 449
f 391 449 392
f 392 449 450
f 392 450 393
f 393 450 451
f 393 451 394
f 394 451 452
f 394 452 395
f 395 452 453
f 395 453 396
f 396 453 454
f 396 454 397
f 397 454 455
f 397 455 456
f 397 456 398
f 398 456 457
f 398 457 399
f 399 457 458
f 399 458 400
f 400 458 459
f 400 459 401
f 401 459 460
f 401 460 402
f 402 460 461
f 402 461 403
f 403 461 462
f 403 462 404
f 404 462 463
f 404 463 405
f 405 463 464
f 405 464 406
f 406 464 465
f 406 465 407
f 407 465 466
f 407 466 408
f 408 466 467
f 408 467 409
f 409 467 468
f 409 468 410
f 410 468 469
f 410 469 411
f 411 469 470
f 411 470 412
f 412 470 471
f 412 471 413
f 413 471 472
f 413 472 414
f 414 472 473
f 414 473 415
f 415 473 474
f 415 474 416
f 416 474 475
f 416 475 417
f 417 475 476
f 417 476 418
f 418 476 477
f 418 477 419
f 419 477 478
f 419 478 420
f 420 478 479
f 420 479 421
f 421 479 480
f 421 480 422
f 422 480 481
f 422 481 423
f 423 481 482
f 423 482 424
f 424 482 483
f 424 483 425
f 425 483 484
f 425 484 369
f 369 484 426
f 426 485 486
f 426 486 427
f 427 486 487
f 427 487 428
f 428 487 488
f 428 488 429
f 429 488 489
f 429 489 430
f 430 489 490
f 430 490 431
f 431 490 491
f 431 491 432
f 432 491 492
f 432 492 433
f 433 492 493
f 433 493 434
f 434 493 494
f 434 494 435
f 435 494 495
f 435 495 436
f 436 495 496
f 436 496 437
f 437 496 497
f 437 497 438
f 438 497 498
f 438 498 439
f 439 498 499
f 439 499 440
f 440 499 500
f 440 500 441
f 441 500 501
f 441 501 442
f 442 501 502
f 442 502 443
f 443 502 503
f 443 503 444
f 444 503 504
f 444 504 445
f 445 504 505
f 445 505 446
f 446 505 506
f 446 506 447
f 447 506 507
f 447 507 448
f 448 507 508
f 448 508 449
f 449 508 509
f 449 509 450
f 450 509 510
f 450 510 451
f 451 510 511
f 451 511 452
f 452 511 512
f 452 512 453
f 453 512 513
f 453 513 454
f 454 513 514
f 454 514 455
f 455 514 515
f 455 515 456
f 456 515 516
f 456 516 457
f 457 516 517
f 457 517 458
f 458 517 518
f 458 518 459
f 459 518 519
f 459 519 460
f 460 519 520
f 460 520 461
f 461 520 521
f 461 521 462
f 462 521 522
f 462 522 463
f 463 522 523
f 463 523 464
f 464 523 524
f 464 524 465
f 465 524 525
f 465 525 466
f 466 525 526
f 466 526 467
f 467 526 527
f 467 527 468
f 468 527 528
f 468 528 469
f 469 528 529
f 469 529 470
f 470 529 530
f 470 530 471
f 471 530 531
f 471 531 472
f 472 531 532
f 472 532 473
f 473 532 533
f 473 533 474
f 474 533 534
f 474 534 475
f 475 534 535
f 475 535 476
f 476 535 536
f 476 536 477
f 477 536 537
f 477 537 478
f 478 537 538
f 478 538 479
f 479 538 539
f 479 539 480
f 480 539 540
f 480 540 481
f 481 540 541
f 481 541 482
f 482 541 542
f 482 542 483
f 483 542 543
f 483 543 484
f 484 543 544
f 484 544 426
f 426 544 485
f 485 545 486
f 486 545 546
f 486 546 487
f 487 546 547
f 487 547 488
f 488 547 548
f 488 548 489
f 489 548 549
f 489 549 490
f 490 549 550
f 490 550 491
f 491 550 551
f 491 551 492
f 492 551 552
f 492 552 493
f 493 552 553
f 493 553 494
f 494 553 554
f 494 554 495
f 495 554 555
f 495 555 496
f 496 555 556
f 496 556 497
f 497 556 557
f 497 557 498
f 498 557 558
f 498 558 499
f 499 558 559
f 499 559 500
f 500 559 560
f 500 560 501
f 501 560 561
f 501 561 502
f 502 561 562
f 502 562 503
f 503 562 563
f 503 563 504
f 504 563 564
f 504 564 505
f 505 564 565
f 505 565 506
f 506 565 566
f 506 566 507
f 507 566 567
f 507 567 508
f 508 567 568
f 508 568 509
f 509 568 569
f 509 569 510
f 510 569 570
f 510 570 511
f 511 570 571
f 511 571 512
f 512 571 572
f 512 572 513
f 513 572 573
f 513 573 514
f 514 573 574
f 514 574 515
f 515 574 575
f 515 575 516
f 516 575 576
f 516 576 517
f 517 576 577
f 517 577 518
f 518 577 578
f 518 578 519
f 519 578 579
f 519 579 520
f 520 579 580
f 520 580 521
f 521 580 581
f 521 581 522
f 522 581 582
f 522 582 523
f 523 582 583
f 523 583 524
f 524 583 584
f 524 584 525
f 525 584 585
f 525 585 526
f 526 585 586
f 526 586 527
f 527 586 587
f 527 587 528
f 528 587 588
f 528 588 529
f 529 588 589
f 529 589 530
f 530 589 590
f 530 590 531
f 531 590 591
f 531 591 532
f 532 591 592
f 532 592 533
f 533 592 593
f 533 593 534
f 534 593 594
f 534 594 535
f 535 594 595
f 535 595 536
f 536 595 596
f 536 596 537
f 537 596 597
f 537 597 538
f 538 597 598
f 538 598 539
f 539 598 599
f 539 599 540
f 540 599 600
f 540 600 541
f 541 600 601
f 541 601 542
f 542 601 602
f 542 602 543
f 543 602 603
f 543 603 544
f 544 603 604
f 544 604 485
f 485 604 545
f 545 605 546
f 546 605 606
f 546 606 547
f 547 606 607
f 547 607 548
f 548 607 608
f 548 608 549
f 549 608 609
f 549 609 550
f 550 609 610
f 550 610 551
f 551 610 611
f 551 611 552
f 552 611 612
f 552 612 553
f 553 612 613
f 553 613 554
f 554 613 614
f 554 614 555
f 555 614 615
f 555 615 556
f 556 615 616
f 556 616 557
f 557 616 617
f 557 617 558
f 558 617 618
f 558 618 559
f 559 618 619
f 559 619 560
f 560 619 620
f 560 620 561
f 561 620 621
f 561 621 562
f 562 621 622
f 562 622 563
f 563 622 623
f 563 623 564
f 564 623 624
f 564 624 565
f 565 624 625
f 565 625 566
f 566 625 626
f 566 626 567
f 567 626 627
f 567 627 568
f 568 627 628
f 568 628 569
f 569 628 629
f 569 629 570
f 570 629 630
f 570 630 571
f 571 630 631
f 571 631 572
f 572 631 632
f 572 632 573
f 573 632 633
f 573 633 574
f 574 633 634
f 574 634 575
f 575 634 635
f 575 635 576
f 576 635 636
f 576 636 577
f 577 636 637
f 577 637 578
f 578 637 638
f 578 638 579
f 579 638 639
f 579 639 580
f 580 639 640
f 580 640 581
f 581 640 641
f 581 641 582
f 582 641 642
f 582 642 583
f 583 642 643
f 583 643 584
f 584 643 644
f 584 644 585
f 585 644 645
f 585 645 586
f 586 645 646
f 586 646 587
f 587 646 647
f 587 647 588
f 588 647 648
f 588 648 589
f 589 648 649
f 589 649 590
f 590 649 650
f 590 650 591
f 591 650 651
f 591 651 592
f 592 651 652
f 592 652 593
f 593 652 653
f 593 653 594
f 594 653 654
f 594 654 595
f 595 654 655
f 595 655 596
f 596 655 656
f 596 656 597
f 597 656 657
f 597 657 598
f 598 657 658
f 598 658 599
f 599 658 659
f 599 659 600
f 600 659 660
f 600 660 601
f 601 660 661
f 601 661 602
f 602 661 662
f 602 662 603
f 603 662 663
f 603 663 604
f 604 663 664
f 604 664 545
f 545 664 605
f 605 665 606
f 606 665 666
f 606 666 607
f 607 666 667
f 607 667 608
f 608 667 668
f 608 668 609
f 609 668 669
f 609 669 610
f 610 669 670
f 610 670 611
f 611 670 671
f 611 671 612
f 612 671 672
f 612 672 613
f 613 672 673
f 613 673 614
f 614 673 674
f 614 674 615
f 615 674 675
f 615 675 616
f 616 675 676
f 616 676 617
f 617 676 677
f 617 677 618
f 618 677 678
f 618 678 619
f 619 678 679
f 619 679 620
f 620 679 680
f 620 680 621
f 621 680 681
f 621 681 622
f 622 681 682
f 622 682 623
f 623 682 683
f 623 683 624
f 624 683 684
f 624 684 625
f 625 684 685
f 625 685 626
f 626 685 686
f 626 686 627
f 627 686 687
f 627 687 628
f 628 687 688
f 628 688 629
f 629 688 689
f 629 689 630
f 630 689 690
f 630 690 631
f 631 690 691
f 631 691 632
f 632 691 692
f 632 692 633
f 633 692 693
f 633 693 634
f 634 693 694
f 634 694 635
f 635 694 695
f 635 695 636
f 636 695 696
f 636 696 637
f 637 696 697
f 637 697 638
f 638 697 698
f 638 698 639
f 639 698 699
f 639 699 640
f 640 699 700
f 640 700 641
f 641 700 701
f 641 701 642
f 642 701 702
f 642 702 643
f 643 702 703
f 643 703 644
f 644 703 704
f 644 704 645
f 645 704 705
f 645 705 646
f 646 705 706
f 646 706 647
f 647 706 707
f 647 707 648
f 648 707 708
f 648 708 649
f 649 708 709
f 649 709 650
f 650 709 710
f 650 710 651
f 651 710 711
f 651 711 652
f 652 711 712
f 652 712 653
f 653 712 713
f 653 713 654
f 654 713 714
f 654 714 655
f 655 714 715
f 655 715 656
f 656 715 716
f 656 716 657
f 657 716 717
f 657 717 658
f 658 717 718
f 658 718 659
f 659 718 719
f 659 719 660
f 660 719 720
f 660 720 661
f 661 720 721
f 661 721 662
f 662 721 722
f 662 722 663
f 663 722 723
f 663 723 664
f 664 723 605
f 605 723 665
f 665 724 666
f 666 724 725
f 666 725 667
f 667 725 726
f 667 726 668
f 668 726 727
f 668 727 669
f 669 727 728
f 669 728 670
f 670 728 729
f 670 729 671
f 671 729 730
f 671 730 672
f 672 730 731
f 672 731 673
f 673 731 732
f 673 732 674
f 674 732 733
f 674 733 675
f 675 733 734
f 675 734 676
f 676 734 735
f 676 735 677
f 677 735 736
f 677 736 678
f 678 736 737
f 678 737 679
f 679 737 738
f 679 738 680
f 680 738 739
f 680 739 681
f 681 739 740
f 681 740 682
f 682 740 741
f 682 741 683
f 683 741 742
f 683 742 684
f 684 742 743
f 684 743 685
f 685 743 744
f 685 744 686
f 686 744 745
f 686 745 687
f 687 745 746
f 687 746 688
f 688 746 747
f 688 747 689
f 689 747 748
f 689 748 690
f 690 748 749
f 690 749 691
f 691 749 750
f 691 750 692
f 692 750 751
f 692 751 693
f 693 751 752
f 693 752 694
f 694 752 695
f 695 752 753
f 695 753 696
f 696 753 754
f 696 754 697
f 697 754 755
f 697 755 698
f 698 755 756
f 698 756 699
f 699 756 757
f 699 757 700
f 700 757 758
f 700 758 701
f 701 758 759
f 701 759 702
f 702 759 760
f 702 760 703
f 703 760 761
f 703 761 704
f 704 761 762
f 704 762 705
f 705 762 763
f 705 763 706
f 706 763 764
f 706 764 707
f 707 764 765
f 707 765 708
f 708 765 766
f 708 766 709
f 709 766 767
f 709 767 710
f 710 767 768
f 710 768 711
f 711 768 769
f 711 769 712
f 712 769 770
f 712 770 713
f 713 770 771
f 713 771 714
f 714 771 772
f 714 772 715
f 715 772 773
f 715 773 716
f 716 773 774
f 716 774 717
f 717 774 775
f 717 775 718
f 718 775 776
f 718 776 719
f 719 776 777
f 719 777 720
f 720 777 778
f 720 778 721
f 721 778 779
f 721 779 722
f 722 779 780
f 722 780 723
f 723 780 665
f 665 780 724
f 724 781 725
f 725 781 782
f 725 782 726
f 726 782 783
f 726 783 727
f 727 783 784
f 727 784 728
f 728 784 785
f 728 785 729
f 729 785 786
f 729 786 730
f 730 786 787
f 730 787 731
f 731 787 788
f 731 788 732
f 732 788 789
f 732 789 733
f 733 789 790
f 733 790 734
f 734 790 791
f 734 791 735
f 735 791 792
f 735 792 736
f 736 792 793
f 736 793 737
f 737 793 794
f 737 794 738
f 738 794 795
f 738 795 739
f 739 795 796
f 739 796 740
f 740 796 797
f 740 797 741
f 741 797 798
f 741 798 742
f 742 798 799
f 742 799 743
f 743 799 800
f 743 800 744
f 744 800 801
f 744 801 745
f 745 801 802
f 745 802 746
f 746 802 803
f 746 803 747
f 747 803 804
f 747 804 748
f 748 804 805
f 748 805 749
f 749 805 806
f 749 806 750
f 750 806 807
f 750 807 751
f 751 807 808
f 751 808 752
f 752 808 753
f 753 808 809
f 753 809 754
f 754 809 810
f 754 810 755
f 755 810 811
f 755 811 756
f 756 811 812
f 756 812 757
f 757 812 813
f 757 813 758
f 758 813 814
f 758 814 759
f 759 814 815
f 759 815 760
f 760 815 816
f 760 816 761
f 761 816 817
f 761 817 762
f 762 817 818
f 762 818 763
f 763 818 819
f 763 819 764
f 764 819 820
f 764 820 765
f 765 820 821
f 765 821 766
f 766 821 822
f 766 822 767
f 767 822 823
f 767 823 768
f 768 823 824
f 768 824 769
f 769 824 825
f 769 825 770
f 770 825 826
f 770 826 771
f 771 826 827
f 771 827 772
f 772 827 828
f 772 828 773
f 773 828 829
f 773 829 774
f 774 829 830
f 774 830 775
f 775 830 831
f 775 831 776
f 776 831 832
f 776 832 777
f 777 832 833
f 777 833 778
f 778 833 834
f 778 834 779
f 779 834 835
f 779 835 780
f 780 835 724
f 724 835 781
f 781 836 782
f 782 836 837
f 782 837 783
f 783 837 838
f 783 838 784
f 784 838 839
f 784 839 785
f 785 839 840
f 785 840 786
f 786 840 841
f 786 841 787
f 787 841 842
f 787 842 788
f 788 842 843
f 788 843 789
f 789 843 844
f 789 844 790
f 790 844 845
f 790 845 791
f 791 845 846
f 791 846 792
f 792 846 847
f 792 847 793
f 793 847 848
f 793 848 794
f 794 848 849
f 794 849 795
f 795 849 850
f 795 850 796
f 796 850 851
f 796 851 797
f 797 851 852
f 797 852 798
f 798 852 853
f 798 853 799
f 799 853 800
f 800 853 854
f 800 854 801
f 801 854 855
f 801 855 802
f 802 855 856
f 802 856 803
f 803 856 857
f 803 857 804
f 804 857 858
f 804 858 805
f 805 858 859
f 805 859 806
f 806 859 860
f 806 860 807
f 807 860 861
f 807 861 808
f 808 861 862
f 808 862 809
f 809 862 863
f 809 863 810
f 810 863 864
f 810 864 811
f 811 864 865
f 811 865 812
f 812 865 866
f 812 866 813
f 813 866 867
f 813 867 814
f 814 867 868
f 814 868 815
f 815 868 869
f 815 869 816
f 816 869 870
f 816 870 817
f 817 870 818
f 818 870 871
f 818 871 819
f 819 871 872
f 819 872 820
f 820 872 873
f 820 873 821
f 821 873 874
f 821 874 822
f 822 874 875
f 822 875 823
f 823 875 876
f 823 876 824
f 824 876 877
f 824 877 825
f 825 877 878
f 825 878 826
f 826 878 879
f 826 879 827
f 827 879 880
f 827 880 828
f 828 880 881
f 828 881 829
f 829 881 882
f 829 882 830
f 830 882 883
f 830 883 831
f 831 883 884
f 831 884 832
f 832 884 885
f 832 885 833
f 833 885 886
f 833 886 834
f 834 886 887
f 834 887 835
f 835 887 781
f 781 887 836
f 836 888 837
f 837 888 889
f 837 889 838
f 838 889 890
f 838 890 839
f 839 890 891
f 839 891 840
f 840 891 892
f 840 892 841
f 841 892 893
f 841 893 842
f 842 893 894
f 842 894 843
f 843 894 895
f 843 895 844
f 844 895 896
f 844 896 845
f 845 896 897
f 845 897 846
f 846 897 898
f 846 898 847
f 847 898 899
f 847 899 848
f 848 899 900
f 848 900 849
f 849 900 901
f 849 901 850
f 850 901 902
f 850 902 851
f 851 902 903
f 851 903 852
f 852 903 904
f 852 904 853
f 853 904 854
f 854 904 905
f 854 905 855
f 855 905 906
f 855 906 856
f 856 906 907
f 856 907 857
f 857 907 908
f 857 908 858
f 858 908 909
f 858 909 859
f 859 909 910
f 859 910 860
f 860 910 911
f 860 911 861
f 861 911 912
f 861 912 862
f 862 912 913
f 862 913 863
f 863 913 914
f 863 914 864
f 864 914 915
f 864 915 865
f 865 915 916
f 865 916 866
f 866 916 917
f 866 917 867
f 867 917 918
f 867 918 868
f 868 918 919
f 868 919 869
f 869 919 920
f 869 920 870
f 870 920 871
f 871 920 921
f 871 921 872
f 872 921 922
f 872 922 873
f 873 922 923
f 873 923 874
f 874 923 924
f 874 924 875
f 875 924 925
f 875 925 876
f 876 925 926
f 876 926 877
f 877 926 927
f 877 927 878
f 878 927 928
f 878 928 879
f 879 928 929
f 879 929 880
f 880 929 930
f 880 930 881
f 881 930 931
f 881 931 882
f 882 931 932
f 882 932 883
f 883 932 933
f 883 933 884
f 884 933 934
f 884 934 885
f 885 934 935
f 885 935 886
f 886 935 936
f 886 936 887
f 887 936 836
f 836 936 888
f 888 937 889
f 889 937 938
f 889 938 890
f 890 938 939
f 890 939 891
f 891 939 940
f 891 940 892
f 892 940 941
f 892 941 893
f 893 941 942
f 893 942 894
f 894 942 943
f 894 943 895
f 895 943 944
f 895 944 896
f 896 944 945
f 896 945 897
f 897 945 946
f 897 946 898
f 898 946 947
f 898 947 899
f 899 947 948
f 899 948 900
f 900 948 901
f 901 948 949
f 901 949 902
f 902 949 950
f 902 950 903
f 903 950 951
f 903 951 904
f 904 951 952
f 904 952 905
f 905 952 953
f 905 953 906
f 906 953 954
f 906 954 907
f 907 954 955
f 907 955 908
f 908 955 956
f 908 956 909
f 909 956 957
f 909 957 910
f 910 957 958
f 910 958 911
f 911 958 959
f 911 959 912
f 912 959 913
f 913 959 960
f 913 960 914
f 914 960 961
f 914 961 915
f 915 961 962
f 915 962 916
f 916 962 963
f 916 963 917
f 917 963 964
f 917 964 918
f 918 964 965
f 918 965 919
f 919 965 966
f 919 966 920
f 920 966 967
f 920 967 921
f 921 967 968
f 921 968 922
f 922 968 969
f 922 969 923
f 923 969 970
f 923 970 924
f 924 970 925
f 925 970 971
f 925 971 926
f 926 971 972
f 926 972 927
f 927 972 973
f 927 973 928
f 928 973 974
f 928 974 929
f 929 974 975
f 929 975 930
f 930 975 976
f 930 976 931
f 931 976 977
f 931 977 932
f 932 977 978
f 932 978 933
f 933 978 979
f 933 979 934
f 934 979 980
f 934 980 935
f 935 980 981
f 935 981 936
f 936 981 888
f 888 981 937
f 937 982 938
f 938 982 983
f 938 983 939
f 939 983 984
f 939 984 940
f 940 984 985
f 940 985 941
f 941 985 986
f 941 986 942
f 942 986 987
f 942 987 943
f 943 987 988
f 943 988 944
f 944 988 989
f 944 989 945
f 945 989 946
f 946 989 990
f 946 990 947
f 947 990 991
f 947 991 948
f 948 991 992
f 948 992 949
f 949 992 993
f 949 993 950
f 950 993 994
f 950 994 951
f 951 994 995
f 951 995 952
f 952 995 996
f 952 996 953
f 953 996 997
f 953 997 954
f 954 997 955
f 955 997 998
f 955 998 956
f 956 998 999
f 956 999 957
f 957 999 1000
f 957 1000 958
f 958 1000 1001
f 958 1001 959
f 959 1001 1002
f 959 1002 960
f 960 1002 1003
f 960 1003 961
f 961 1003 1004
f 961 1004 962
f 962 1004 1005
f 962 1005 963
f 963 1005 964
f 964 1005 1006
f 964 1006 965
f 965 1006 1007
f 965 1007 966
f 966 1007 1008
f 966 1008 967
f 967 1008 1009
f 967 1009 968
f 968 1009 1010
f 968 1010 969
f 969 1010 1011
f 969 1011 970
f 970 1011 1012
f 970 1012 971
f 971 1012 1013
f 971 1013 972
f 972 1013 973
f 973 1013 1014
f 973 1014 974
f 974 1014 1015
f 974 1015 975
f 975 1015 1016
f 975 1016 976
f 976 1016 1017
f 976 1017 977
f 977 1017 1018
f 977 1018 978
f 978 1018 1019
f 978 1019 979
f 979 1019 1020
f 979 1020 980
f 980 1020 1021
f 980 1021 981
f 981 1021 937
f 937 1021 982
f 982 1022 983
f 983 1022 1023
f 983 1023 984
f 984 1023 1024
f 984 1024 985
f 985 1024 1025
f 985 1025 986
f 986 1025 1026
f 986 1026 987
f 987 1026 1027
f 987 1027 988
f 988 1027 1028
f 988 1028 989
f 989 1028 990
f 990 1028 1029
f 990 1029 991
f 991 1029 1030
f 991 1030 992
f 992 1030 1031
f 992 1031 993
f 993 1031 1032
f 993 1032 994
f 994 1032 1033
f 994 1033 995
f 995 1033 1034
f 995 1034 996
f 996 1034 1035
f 996 1035 997
f 997 1035 998
f 998 1035 1036
f 998 1036 999
f 999 1036 1037
f 999 1037 1000
f 1000 1037 1038
f 1000 1038 1001
f 1001 1038 1039
f 1001 1039 1002
f 1002 1039 1040
f 1002 1040 1003
f 1003 1040 1041
f 1003 1041 1004
f 1004 1041 1042
f 1004 1042 1005
f 1005 1042 1006
f 1006 1042 1043
f 1006 1043 1007
f 1007 1043 1044
f 1007 1044 1008
f 1008 1044 1045
f 1008 1045 1009
f 1009 1045 1046
f 1009 1046 1010
f 1010 1046 1047
f 1010 1047 1011
f 1011 1047 1048
f 1011 1048 1012
f 1012 1048 1049
f 1012 1049 1013
f 1013 1049 1014
f 1014 1049 1050
f 1014 1050 1015
f 1015 1050 1051
f 1015 1051 1016
f 1016 1051 1052
f 1016 1052 1017
f 1017 1052 1053
f 1017 1053 1018
f 1018 1053 1054
f 1018 1054 1019
f 1019 1054 1055
f 1019 1055 1020
f 1020 1055 1056
f 1020 1056 1021
f 1021 1056 982
f 982 1056 1022
f 1022 1057 1023
f 1023 1057 1058
f 1023 1058 1024
f 1024 1058 1059
f 1024 1059 1025
f 1025 1059 1060
f 1025 1060 1026
f 1026 1060 1061
f 1026 1061 1027
f 1027 1061 1062
f 1027 1062 1028
f 1028 1062 1029
f 1029 1062 1063
f 1029 1063 1030
f 1030 1063 1064
f 1030 1064 1031
f 1031 1064 1065
f 1031 1065 1032
f 1032 1065 1066
f 1032 1066 1033
f 1033 1066 1067
f 1033 1067 1034
f 1034 1067 1068
f 1034 1068 1035
f 1035 1068 1036
f 1036 1068 1069
f 1036 1069 1037
f 1037 1069 1070
f 1037 1070 1038
f 1038 1070 1071
f 1038 1071 1039
f 1039 1071 1072
f 1039 1072 1040
f 1040 1072 1073
f 1040 1073 1041
f 1041 1073 1074
f 1041 1074 1042
f 1042 1074 1043
f 1043 1074 1075
f 1043 1075 1044
f 1044 1075 1076
f 1044 1076 1045
f 1045 1076 1077
f 1045 1077 1046
f 1046 1077 1078
f 1046 1078 1047
f 1047 1078 1079
f 1047 1079 1048
f 1048 1079 1080
f 1048 1080 1049
f 1049 1080 1050
f 1050 1080 1081
f 1050 1081 1051
f 1051 1081 1082
f 1051 1082 1052
f 1052 1082 1083
f 1052 1083 1053
f 1053 1083 1084
f 1053 1084 1054
f 1054 1084 1085
f 1054 1085 1055
f 1055 1085 1086
f 1055 1086 1056
f 1056 1086 1022
f 1022 1086 1057
f 1057 1087 1058
f 1058 1087 1088
f 1058 1088 1059
f 1059 1088 1089
f 1059 1089 1060
f 1060 1089 1090
f 1060 1090 1061
f 1061 1090 1062
f 1062 1090 1091
f 1062 1091 1063
f 1063 1091 1092
f 1063 1092 1064
f 1064 1092 1093
f 1064 1093 1065
f 1065 1093 1094
f 1065 1094 1066
f 1066 1094 1067
f 1067 1094 1095
f 1067 1095 1068
f 1068 1095 1096
f 1068 1096 1069
f 1069 1096 1097
f 1069 1097 1070
f 1070 1097 1098
f 1070 1098 1071
f 1071 1098 1072
f 1072 1098 1099
f 1072 1099 1073
f 1073 1099 1100
f 1073 1100 1074
f 1074 1100 1101
f 1074 1101 1075
f 1075 1101 1102
f 1075 1102 1076
f 1076 1102 1077
f 1077 1102 1103
f 1077 1103 1078
f 1078 1103 1104
f 1078 1104 1079
f 1079 1104 1105
f 1079 1105 1080
f 1080 1105 1106
f 1080 1106 1081
f 1081 1106 1082
f 1082 1106 1107
f 1082 1107 1083
f 1083 1107 1108
f 1083 1108 1084
f 1084 1108 1109
f 1084 1109 1085
f 1085 1109 1110
f 1085 1110 1086
f 1086 1110 1057
f 1057 1110 1087
f 1087 1111 1088
f 1088 1111 1112
f 1088 1112 1089
f 1089 1112 1113
f 1089 1113 1090
f 1090 1113 1114
f 1090 1114 1091
f 1091 1114 1092
f 1092 1114 1115
f 1092 1115 1093
f 1093 1115 1116
f 1093 1116 1094
f 1094 1116 1117
f 1094 1117 1095
f 1095 1117 1118
f 1095 1118 1096
f 1096 1118 1097
f 1097 1118 1119
f 1097 1119 1098
f 1098 1119 1120
f 1098 1120 1099
f 1099 1120 1121
f 1099 1121 1100
f 1100 1121 1122
f 1100 1122 1101
f 1101 1122 1102
f 1102 1122 1123
f 1102 1123 1103
f 1103 1123 1124
f 1103 1124 1104
f 1104 1124 1125
f 1104 1125 1105
f 1105 1125 1126
f 1105 1126 1106
f 1106 1126 1107
f 1107 1126 1127
f 1107 1127 1108
f 1108 1127 1128
f 1108 1128 1109
f 1109 1128 1129
f 1109 1129 1110
f 1110 1129 1087
f 1087 1129 1111
f 1111 1130 1112
f 1112 1130 1131
f 1112 1131 1113
f 1113 1131 1114
f 1114 1131 1132
f 1114 1132 1115
f 1115 1132 1133
f 1115 1133 1116
f 1116 1133 1117
f 1117 1133 1134
f 1117 1134 1118
f 1118 1134 1135
f 1118 1135 1119
f 1119 1135 1120
f 1120 1135 1136
f 1120 1136 1121
f 1121 1136 1122
f 1122 1136 1137
f 1122 1137 1123
f 1123 1137 1138
f 1123 1138 1124
f 1124 1138 1125
f 1125 1138 1139
f 1125 1139 1126
f 1126 1139 1140
f 1126 1140 1127
f 1127 1140 1128
f 1128 1140 1141
f 1128 1141 1129
f 1129 1141 1111
f 1111 1141 1130
f 1130 1142 1131
f 1131 1142 1132
f 1132 1142 1143
f 1132 1143 1133
f 1133 1143 1134
f 1134 1143 1144
f 1134 1144 1135
f 1135 1144 1136
f 1136 1144 1145
f 1136 1145 1137
f 1137 1145 1138
f 1138 1145 1146
f 1138 1146 1139
f 1139 1146 1140
f 1140 1146 1147
f 1140 1147 1141
f 1141 1147 1130
f 1130 1147 1142
f 1142 1148 1143
f 1143 1148 1144
f 1144 1148 1145
f 1145 1148 1146
f 1146 1148 1147
f 1147 1148 1142
