v    14.441146    11.631557    91.332895
v    24.184583    11.631557    90.373195
v    31.149078    13.377973    89.515232
v    24.029293    20.497758    89.515232
v    22.082723    20.755889    89.681580
v    14.441146    12.394735    91.257698
v   -11.095389    -5.676523    90.522482
v    -3.088573    -5.676523    91.311094
v    -2.587476    -5.397065    91.332895
v     5.834972    11.253838    90.522482
v   -15.726906    -6.837957    89.951875
v   -21.671355   -12.270883    88.831357
v   -15.111119   -18.830961    88.831357
v     8.645193    -3.907833    90.373195
v    39.475952    16.420101    87.646069
v    50.416999    16.420101    84.327168
v    47.092411    24.446348    84.327168
v    43.863239    25.755015    85.142162
v    41.854268    24.943338    85.853682
v    33.124400    13.377973    89.190593
v    40.274358    25.030856    86.099018
v    24.639394    31.507050    86.099018
v    22.593773    31.662498    86.308967
v    22.082723    31.068037    86.553355
v    19.515784    30.872938    86.290010
v   -14.290912    16.869857    86.290010
v   -22.219845    16.431002    85.058593
v   -22.756171    16.647586    84.868707
v   -36.112975   -15.598630    84.868707
v   -28.619263   -15.598630    87.141812
v   -37.904572   -16.359123    84.229697
v   -39.734399   -17.932398    83.476787
v   -39.471844   -21.386526    83.122449
v   -35.080923   -31.987137    83.122449
v   -32.461220   -29.367434    84.246285
v   -18.259565   -25.404626    87.232806
v   -36.757514   -36.137304    81.652806
v   -27.155149   -40.114803    81.652806
v   -18.420384   -29.955260    85.832198
v   -18.259565   -29.576435    85.967267
v    29.596024    -9.754021    85.967267
v    32.755212    -9.579143    85.476596
v    38.052279    -4.282076    85.476596
v    43.685359    -1.999176    84.054819
v    51.180493    16.095936    84.054819
v    65.104112    14.524399    77.237556
v    63.495293    20.529037    77.237556
v    57.864266    23.854257    79.771163
v    55.114392    16.095936    82.352162
v    60.096930    14.524399    79.913972
v    57.329520    24.377155    79.908917
v    55.839340    24.744921    80.487896
v    44.225318    36.359101    80.487896
v    44.037644    37.119593    80.192325
v    43.120440    38.057176    79.950939
v    41.376867    41.010049    78.622367
v    22.593773    46.042823    78.622367
v    19.490666    51.407187    75.310733
v    14.652043    56.588932    71.847916
v    13.044171    56.476454    71.677777
v   -24.408750    46.441079    71.677777
v   -25.574449    46.376467    71.496737
v   -24.623280    18.514695    83.725914
v   -33.651880    52.408908    65.508055
v   -57.643259    28.417529    65.508055
v   -51.045740    19.583555    72.057707
v   -50.578765    19.400778    72.333532
v   -58.546403    -8.409810    72.057707
v   -58.672309   -10.209306    72.248225
v   -50.401517   -17.932398    77.775146
v   -50.187619   -20.990482    77.451613
v   -45.513764   -38.433473    77.451613
v   -45.323246   -41.871172    76.917657
v   -42.391226   -41.771174    78.204523
v   -48.879900   -46.633493    73.386911
v   -48.720977   -47.335692    73.156267
v   -43.624381   -52.432289    73.156267
v   -42.672106   -49.999786    74.592893
v   -28.712311   -45.052003    79.236891
v   -43.776195   -55.464465    71.513798
v   -28.712311   -59.500732    71.513798
v   -28.529849   -59.816208    71.319173
v   -26.709975   -59.688880    71.126601
v    25.785188   -45.622767    71.126601
v    27.919907   -45.504602    70.795011
v    33.777154   -39.516551    72.336533
v    35.587392   -39.106764    71.742231
v    70.322033    -4.372122    71.742231
v    66.226210    -2.768674    74.161147
v    70.541619    -4.383022    71.623275
v    74.055620     8.730974    71.623275
v    72.323737    10.348008    72.780444
v    78.429479     7.633520    68.212748
v    81.994822     7.633520    65.286732
v    80.343033    15.937645    65.286732
v    77.604849    18.112964    67.178959
v    75.306467    18.608216    68.984299
v    71.792941    20.182597    71.243029
v    59.304684    38.872486    71.243029
v    59.120801    38.953844    71.339236
v    58.515440    38.348483    72.089776
v    58.069318    41.330423    70.095339
v    40.883985    52.813167    70.095339
v    38.446901    58.252253    66.598558
v    38.138376    59.684299    65.473774
v    35.269072    63.296086    62.978082
v    14.652043    67.396964    62.978082
v    11.310077    71.654712    58.938340
v     3.442754    78.699459    51.872582
v    -7.324363    77.894417    50.775603
v   -32.436418    72.899241    50.775603
v   -36.702223    72.597192    50.161237
v   -37.317062    57.872165    60.799130
v   -44.031957    77.844971    42.621554
v   -50.440221    76.388598    40.521748
v   -70.956620    62.679983    40.521748
v   -68.823165    60.546527    43.166569
v   -66.606457    34.430855    57.782277
v   -72.647429    63.202091    39.005975
v   -83.001598    47.705986    39.005975
v   -73.297023    34.151397    52.948868
v   -73.398285    32.720458    53.154867
v   -77.982567     9.673928    53.154867
v   -78.345279     4.823615    53.649014
v   -66.064286    -8.891161    65.966657
v   -64.384851   -10.209306    67.560153
v   -57.959209   -42.513025    67.560153
v   -57.693495   -46.265568    67.019562
v   -57.931090   -46.597474    66.678177
v   -57.718771   -47.532056    66.372021
v   -50.102312   -58.930599    66.372021
v   -49.668354   -58.496641    66.910085
v   -45.577428   -58.149412    69.199620
v   -51.432464   -63.237635    62.510633
v   -45.190863   -67.408181    62.510633
v   -45.076173   -67.663943    62.346181
v   -29.046586   -61.875889    69.713197
v   -44.307308   -71.232603    59.543069
v   -43.526436   -72.215524    58.863933
v   -29.046586   -75.095728    58.863933
v   -25.648065   -79.425355    54.755788
v   -20.481644   -84.051817    50.115582
v   -15.307956   -83.664936    49.588577
v    20.154004   -76.611027    49.588577
v    23.935614   -76.343259    49.043878
v    26.502553   -73.982319    50.266291
v    26.754366   -73.420401    50.627580
v    67.004396   -46.526227    50.627580
v    69.031218   -41.945578    53.025170
v    74.344872   -36.632082    53.025170
v    75.289406   -32.730884    54.550420
v    73.024515    -6.048713    69.483185
v    88.769115   -12.557134    54.550420
v    89.388694    -9.830481    55.443770
v    87.007691    -6.504787    58.864881
v    83.216444    -5.623286    62.120118
v    88.750316     2.256518    58.864881
v    88.525517     2.507383    59.090312
v    91.443161     1.647997    55.701112
v    97.923304     1.647997    47.805037
v    95.936450    14.192335    47.805037
v    94.377077    14.999904    49.549399
v    92.505387    14.729293    51.882061
v    82.224518    38.850528    49.549399
v    81.409840    38.891285    50.471026
v    79.334045    37.564768    53.665443
v    57.619879    62.681246    50.471026
v    56.762705    61.340037    52.535131
v    57.564429    63.786915    49.220179
v    34.028966    75.778971    49.220179
v    32.541472    77.851606    47.222424
v    31.878292    78.352387    46.807581
v    30.525866    79.596916    45.552152
v     4.527096    83.714856    45.552152
v     3.442754    83.803322    45.653414
v    -3.247496    88.308617    38.872486
v   -18.322123    87.076726    37.464453
v   -29.894281    85.243898    37.464453
v   -43.411746    84.087677    35.741102
v   -45.197024    85.040584    33.578895
v   -56.958278    82.100981    30.034563
v   -65.535701    77.730597    30.034563
v   -73.859414    75.502989    26.975215
v   -75.004103    74.475834    27.215811
v   -75.550697    66.105359    34.561817
v   -78.030276    73.127831    25.640325
v   -85.336629    65.821320    25.640325
v   -85.353217    65.784038    25.659756
v   -85.264435    65.471089    26.037000
v   -85.389551    65.003798    26.208719
v   -83.893842    48.179438    37.896831
v   -90.451393    55.069211    26.208719
v   -90.928320    53.161186    26.783591
v   -88.048748    47.766649    33.317446
v   -88.535154    42.080331    34.042394
v   -91.503192    23.341153    34.042394
v   -92.082171    16.255965    34.704152
v   -84.961596     5.681578    45.421507
v   -84.202367     4.823615    46.512168
v   -77.052093   -40.321119    46.512168
v   -76.495705   -40.925690    47.073454
v   -74.821168   -43.143504    48.460318
v   -71.948704   -45.204765    51.228833
v   -61.741926   -65.236653    51.228833
v   -61.507333   -65.248344    51.494232
v   -59.160295   -63.748527    55.106177
v   -52.385686   -64.190858    61.051574
v   -53.039071   -73.716763    51.494232
v   -51.881903   -71.905893    54.280915
v   -52.968457   -75.124954    49.901210
v   -42.718551   -80.347456    49.901210
v   -40.021440   -84.105845    46.278838
v   -39.764256   -84.602519    45.723239
v   -36.254047   -87.832796    42.464369
v   -20.481644   -90.331016    42.464369
v   -16.384241   -93.956547    37.255926
v   -10.904397   -97.646532    31.701992
v    -4.070073   -97.088090    31.063614
v    16.102255   -93.893041    31.063614
v    21.488262   -93.432385    30.376895
v    22.298517   -92.820547    30.883680
v    24.001806   -92.394804    30.370418
v    50.501990   -78.892347    30.370418
v    52.338767   -76.279279    32.317463
v    62.429908   -67.224456    34.439070
v    66.169023   -59.320166    39.399808
v    80.916325   -44.572864    39.399808
v    84.756545   -35.952315    43.888041
v    88.721564   -31.533274    42.958989
v    90.023596   -26.668427    44.747111
v    96.403741   -14.146838    44.747111
v    97.366126   -10.296350    45.907438
v    96.971978    -9.558290    46.801420
v    94.999499    -9.273145    49.260146
v    98.621871     0.858437    46.801420
v   100.550274     1.012937    43.384258
v   105.080055     1.012937    34.909520
v   106.223322     3.124276    32.250639
v   107.210983     5.403542    29.841675
v   106.040229    14.295809    29.841675
v   103.896189    14.143995    33.890264
v    99.882039     0.858437    44.596402
v    98.045577    15.169886    43.843650
v   107.547944    19.550696    23.082864
v   107.106246    21.183370    22.652540
v   100.290405    37.638226    22.652540
v    99.042401    37.075992    25.369239
v    83.987995    40.240394    45.793696
v   100.556277    40.438179    18.746918
v   100.486926    40.583990    18.678041
v    83.695109    62.467506    18.678041
v    81.891822    62.720898    21.280525
v    81.397202    62.226278    22.694877
v    58.464256    64.928760    46.788624
v    61.669889    78.237855    21.280525
v    60.081606    78.993451    22.029643
v    55.597480    78.567550    28.284672
v    54.620403    78.856328    28.602360
v    35.721039    86.684632    28.602360
v    30.666148    88.052223    29.934565
v    29.120835    87.608945    31.921893
v    22.363445    88.259645    32.656162
v     5.241302    90.513793    32.656162
v    -3.247496    91.258804    33.353148
v    -4.841624    91.949472    31.668343
v   -19.340115    90.676982    30.478000
v   -27.984993    89.538928    30.478000
v   -44.011894    87.995510    28.736797
v   -44.751850    87.578772    29.261117
v   -55.384213    84.702201    26.458952
v   -61.198175    82.293869    26.458952
v   -70.550940    79.530093    23.417455
v   -73.468742    77.361567    24.453457
v   -76.877373    75.739951    22.845901
v   -80.689947    72.814408    22.845901
v   -83.269524    71.478096    21.365200
v   -84.857175    69.890445    21.365200
v   -85.881328    69.147014    20.631247
v   -89.059631    65.004904    20.631247
v   -89.838291    64.390696    19.923676
v   -90.815842    63.075395    19.456701
v   -91.056280    62.819791    19.209786
v   -95.323190    52.518543    19.209786
v   -95.359525    52.384264    19.245172
v   -96.499948    50.359496    17.810599
v   -97.017791    44.983126    18.394792
v   -99.733068    24.357724    18.394792
v  -100.294038    17.966521    18.919427
v   -99.552819    16.255965    20.727454
v   -98.800857     7.687074    20.023990
v   -93.912314   -29.445474    20.023990
v   -93.814527   -30.460464    19.913723
v   -90.378250   -36.561151    24.235767
v   -88.923773   -38.239322    26.315511
v   -79.289812   -61.498012    26.315511
v   -77.887308   -62.988508    27.755771
v   -75.769019   -63.973168    30.893790
v   -75.348489   -64.304758    31.275774
v   -63.673331   -66.758903    47.115633
v   -66.218627   -76.203293    31.275774
v   -64.213606   -76.484962    34.169248
v   -62.705101   -74.976299    38.482130
v   -53.688823   -76.038840    47.954797
v   -52.068946   -85.803920    34.169248
v   -51.773848   -85.148955    35.594817
v   -51.593440   -86.826810    32.654108
v   -50.487930   -87.867076    31.585880
v   -35.132739   -94.227316    31.585880
v   -31.270245   -97.574653    26.799231
v   -31.056347   -97.695030    26.647733
v   -26.899387  -100.320420    22.759963
v   -10.904397  -102.426230    22.759963
v    -8.752617  -103.591297    20.050056
v    -8.584689  -103.664124    19.872650
v    -6.767816  -103.504569    19.723521
v    11.614338  -101.084546    19.723521
v    16.731471  -100.591822    19.167606
v    20.348787   -99.929748    19.323528
v    21.761243   -99.910001    18.286737
v    24.457090   -99.180629    17.576164
v    38.610721   -93.317853    17.576164
v    38.872644   -93.071570    17.829240
v    46.245979   -87.591568    20.447206
v    49.555086   -83.397010    24.258831
v    62.917893   -73.143313    24.258831
v    67.661889   -66.607878    28.942165
v    75.967120   -58.302648    28.942165
v    80.279211   -49.978302    33.720599
v    89.474948   -37.994302    33.720599
v    92.974099   -30.639450    37.189418
v    96.016386   -26.545997    35.736047
v    96.840858   -23.755680    36.643456
v   102.210436   -10.792550    36.643456
v   102.586259    -9.403474    37.009485
v   102.495265    -9.396997    37.181520
v   104.004402    -7.158015    34.909520
v   107.428831     5.466416    29.146742
v   109.068298     5.466416    23.741779
v   109.551228     7.430364    21.420649
v   110.322147    11.284643    17.447730
v   110.164488    13.003730    17.328775
v   109.496253    18.934909    17.328775
v   109.423426    18.937121    17.567949
v   109.672079    24.964665     9.738698
v   108.079847    30.580841     8.499698
v   106.446699    35.248535     8.499698
v   105.489843    38.289400     7.670328
v   104.944829    41.601350     2.922067
v   101.927502    47.647535     0.505521
v    97.261704    55.073160     0.505521
v    95.164899    58.857614    -1.352742
v    95.081804    58.956981    -1.337102
v    84.191625    62.964022    16.657854
v    93.483411    61.058683    -2.653036
v    82.746310    71.795784    -2.653036
v    81.556283    72.700824    -1.907867
v    80.452510    73.126093    -0.133805
v    77.644343    74.681991     1.245003
v    66.612776    81.613470     1.245003
v    62.991668    83.420548     2.692372
v    57.779750    84.278196    10.164441
v    52.655508    85.890491    11.562048
v    40.986195    89.973834    11.562048
v    34.985822    91.674911    12.885722
v    29.532834    91.515830    19.749745
v    19.182298    92.578055    20.673110
v     6.745700    93.979295    20.673110
v    -2.099491    94.790182    21.285422
v    -4.841624    94.241692    24.112072
v   -13.654745    93.433807    23.501814
v   -27.456092    91.878699    23.501814
v   -40.809578    90.508422    22.310681
v   -43.516484    89.509387    24.285055
v   -50.279718    87.592200    22.793137
v   -59.027280    84.531272    22.793137
v   -67.513550    81.861017    20.478643
v   -70.208291    80.316651    21.651925
v   -73.018670    78.914147    20.528721
v   -78.724893    75.328584    20.528721
v   -82.021362    73.502232    18.909949
v   -82.748364    72.894502    19.024639
v   -84.125750    71.847126    18.162252
v   -87.375616    68.597260    18.162252
v   -89.260102    66.987809    16.666227
v   -89.555358    66.789866    16.138590
v   -90.591675    65.640912    15.166726
v   -92.857039    62.035602    15.166726
v   -95.006134    59.279724    12.406267
v   -95.071062    59.208319    12.273884
v   -96.256666    57.269806    10.589078
v   -98.955988    49.556034    10.589078
v  -100.590558    46.245663     6.905254
v  -102.175365    41.951107     3.772764
v  -102.242031    41.301355     3.830741
v  -104.652101    19.910248     3.830741
v  -104.830297    17.966521     3.965336
v  -105.319704    15.519801     1.443262
v  -104.481961     6.380303     0.810571
v  -102.110595   -14.665629     0.810571
v  -101.523560   -20.385595     0.300311
v   -98.353787   -28.975339     6.565766
v   -98.347626   -28.996824     6.561026
v   -91.166231   -49.520332     6.561026
v   -89.654566   -51.991696     8.708857
v   -86.955559   -56.700779    10.759060
v   -85.233314   -58.909272    12.971187
v   -78.884922   -69.012735    12.971187
v   -75.915936   -72.304306    15.755500
v   -75.795717   -72.385032    15.970504
v   -75.048968   -73.022620    16.563227
v   -66.268706   -76.253371    31.071828
v   -64.822442   -83.249145    16.563227
v   -63.415989   -84.318795    17.443939
v   -63.340319   -84.212004    17.921024
v   -61.660569   -85.902181    15.958972
v   -47.456227   -94.827306    15.958972
v   -45.773002   -96.140080    14.272744
v   -44.339219   -96.961709    13.648584
v   -40.285101   -99.441446    10.125263
v   -25.493566  -104.617188    10.125263
v   -23.230571  -105.734705     7.606980
v   -19.157022  -107.298185     3.965652
v    -9.271249  -108.412069     3.965652
v    -8.584689  -107.795491     6.253133
v     0.995876  -104.654154    13.050332
v    27.253568  -101.469848     6.725005
v    30.950503  -100.176189     6.725005
v    33.252676   -98.768156     8.725603
v    35.064020   -97.729943     9.514373
v    37.524958   -95.810702    11.979418
v    46.989569   -89.863725    11.979418
v    50.577502   -86.627445    15.014438
v    57.632991   -80.730230    16.127531
v    62.014117   -75.599827    20.199658
v    74.204590   -63.409354    20.199658
v    78.912252   -57.218938    24.075738
v    84.361291   -50.699775    23.047320
v    88.181605   -43.804788    26.433044
v    96.937539   -29.869637    26.433044
v    99.312696   -25.110318    28.335224
v   101.370640   -21.519699    26.771901
v   101.766367   -20.261743    27.115023
v   106.655068    -6.290731    27.115023
v   106.789347    -6.019014    26.812659
v   107.351581    -4.495343    25.701303
v   108.192957    -2.303437    23.741779
v   110.686438    11.284643    13.749057
v   110.686438    16.031640     9.002059
v   110.164488    21.330445     9.002059
v   109.794668    24.849185     8.765729
v   109.693722    25.340488     8.231772
v   108.244773    31.967232     1.998860
v   107.003088    36.060370     1.998860
v   105.358408    41.160599     0.915940
v   105.150828    41.655220     0.276299
v   102.239977    47.991605    -5.088382
v   100.431003    51.375750    -5.088382
v    97.289982    56.894298    -7.245849
v    97.118105    57.167754    -7.245849
v    93.983561    61.369894   -10.512776
v    91.078081    64.910119   -10.512776
v    88.650002    67.662521   -12.274674
v    87.461080    68.851442   -12.274674
v    86.221291    69.945263   -13.068499
v    78.996926    75.874072   -13.068499
v    78.472923    76.264903   -12.661081
v    77.458880    76.902017   -12.661081
v    75.324950    78.116688   -11.826814
v    66.154331    83.018501   -11.826814
v    61.606225    85.107723    -7.976168
v    60.859792    85.421146    -7.010940
v    55.721491    87.078148    -5.919963
v    42.637510    91.047117    -5.919963
v    33.833393    92.972045     2.361098
v    33.747771    92.989739     2.454145
v    24.332448    93.979295     3.086520
v     4.810819    95.902012     3.086520
v    -2.099491    95.902012     9.996829
v   -27.159888    93.433807     9.996829
v   -27.659564    93.381201     9.963181
v   -36.542826    92.380270     9.963181
v   -39.696169    91.690866    12.929323
v   -58.593796    85.958262    12.929323
v   -60.980011    85.188923    12.422697
v   -65.029232    83.772043    12.422697
v   -65.906784    83.368890    13.165654
v   -77.925854    76.944512    13.165654
v   -80.127555    75.691295    12.305005
v   -80.595793    75.376608    11.579899
v   -87.351129    69.832784    11.579899
v   -88.027737    69.235954    11.146731
v   -89.733238    67.530296     7.965110
v   -92.978522    63.575860     7.965110
v   -93.713581    62.590569     7.199088
v   -95.829817    59.440701     2.322868
v   -97.961061    55.453565     2.322868
v   -99.394054    52.334186    -0.318162
v  -100.815989    48.946566    -4.698499
v  -103.243120    40.945753    -4.698499
v  -104.632354    34.592148   -10.674701
v  -104.652101    34.415690   -10.674701
v  -104.912128    31.942904   -10.840733
v  -106.529636    15.519801   -10.840733
v  -106.529636    14.739087   -11.621604
v  -104.834246    -2.474682   -11.621604
v  -104.481961    -5.826758   -11.396490
v  -103.686556   -12.886038   -11.396490
v  -102.182316   -19.765385    -4.925667
v   -99.063885   -30.045147    -4.925667
v   -96.702472   -37.368246    -3.370875
v   -95.014033   -42.193757    -3.370875
v   -92.110765   -48.513714     1.979903
v   -88.411775   -55.433976     1.979903
v   -85.197611   -61.080642     4.187449
v   -82.925612   -64.696536     4.187449
v   -81.200049   -67.009767     5.985839
v   -74.235553   -75.496038     5.985839
v   -73.164166   -76.710551     6.763393
v   -69.624573   -80.250144     6.763393
v   -67.779422   -81.878078     5.582212
v   -58.685105   -89.341459     5.582212
v   -55.938075   -91.390556     3.446387
v   -52.988519   -93.243921     3.446387
v   -46.972823   -96.668033     1.094610
v   -38.301090  -101.303184     1.094610
v   -32.932776  -103.769335    -3.450337
v   -32.550476  -103.903140    -3.450337
v   -26.452633  -105.869458    -4.745101
v   -18.123074  -108.396113    -4.745101
v   -16.289140  -108.797212    -6.470191
v    -8.355783  -108.797212     1.463008
v   -14.731030  -109.117428    -8.163053
v   -12.333757  -109.369398    -8.324030
v    -6.701308  -109.924049    -8.324030
v    -6.701308  -109.389303    -2.894106
v    -6.746489  -109.318372    -2.219868
v    -4.038478  -109.924049   -10.986860
v     1.391604  -109.389303   -10.986860
v     2.879730  -109.232908   -11.086700
v     7.499557  -108.712380   -11.086700
v     7.875854  -108.630074   -10.732836
v    16.885970  -106.239120    -6.931794
v    17.816602  -105.956818    -6.931794
v    22.871651  -104.326672    -5.858511
v    25.988186  -103.018479    -1.828721
v    24.098487  -103.389879     0.413263
v    29.775800  -101.278540     1.378018
v    34.481723   -98.763101     1.378018
v    39.245466   -96.051614     3.240388
v    41.228055   -94.805822     3.240388
v    45.417715   -91.680598     6.497520
v    57.320042   -81.912675     6.497520
v    61.150309   -78.533585     8.949612
v    68.311641   -71.372095     8.949612
v    71.461193   -67.802171    11.235039
v    85.402979   -50.813991    11.235039
v    87.538646   -47.951006    13.460752
v    92.064952   -40.747494    13.460752
v    93.783090   -37.728904    14.640985
v   103.211999   -20.088602    14.640985
v   103.690032   -19.048019    15.522012
v   104.815763   -15.831012    15.522012
v   104.931717   -15.471302    15.598314
v   109.219322    -1.336786    15.598314
v   109.551228     0.180724    14.171008
v   109.603044     0.433010    13.896921
v   109.834319     2.633131    13.749057
v   110.053905    16.031640     2.579893
v   109.752014    17.540936     1.023995
v   109.693722    18.176786     1.068070
v   108.127397    32.077657     1.068070
v   107.655841    33.306388    -0.030331
v   105.806899    38.316414    -3.684772
v   104.890801    40.171675    -5.749192
v   102.103645    48.136785    -5.749192
v   100.574444    50.637058    -7.922141
v    97.995025    55.137614    -9.881507
v    95.785742    57.970426   -12.719216
v    93.252293    62.002585   -12.719216
v    90.355660    65.213905   -15.435600
v    89.657567    66.048962   -15.567351
v    86.484003    68.759185   -18.086424
v    83.762407    71.480782   -18.086424
v    80.942075    73.625611   -19.852271
v    80.458355    73.811864   -20.629983
v    77.872617    75.244541   -21.899630
v    71.301638    79.373381   -21.899630
v    68.965974    80.538922   -22.833105
v    68.530911    80.788365   -22.643693
v    65.754970    81.661810   -23.400868
v    48.728718    87.619529   -23.400868
v    48.664896    87.650966   -23.329779
v    44.328318    89.251255   -20.166642
v    39.515288    89.745244   -20.596018
v    10.876277    92.972045   -20.596018
v    10.264597    93.028127   -20.638356
v     4.810819    94.118945   -15.016650
v    -3.236754    93.381201   -14.459629
v   -26.463849    90.764184   -14.459629
v   -36.824970    89.700853   -13.535316
v   -39.005975    89.764517   -10.789865
v   -41.964693    88.925826   -10.137111
v   -67.322400    80.052675   -10.137111
v   -68.165672    79.787434    -9.907099
v   -68.932326    79.661212    -8.808066
v   -69.133586    79.920449    -6.258188
v   -80.578732    75.326688    10.914349
v   -84.521161    69.866117    -8.808066
v   -84.923366    70.304656    -4.238001
v   -89.591850    67.389066     5.289326
v   -85.466643    68.457136   -11.326981
v   -93.021808    60.901972   -11.326981
v   -93.416904    61.264525    -7.209515
v   -95.611811    59.365505    -0.587036
v   -94.379605    57.376913   -16.992762
v   -98.791536    50.355389   -16.992762
v   -99.124390    50.613836   -13.718251
v  -100.681236    48.954780    -6.167036
v   -99.474463    46.205538   -22.942108
v  -103.113264    35.806188   -22.942108
v  -103.247701    35.896075   -21.660139
v  -103.058763    33.935129   -25.297360
v  -104.875004    17.816128   -25.297360
v  -104.912128    17.664946   -25.118691
v  -105.497268    14.739087   -22.102628
v  -104.834246     7.505718   -21.602004
v  -103.993660     0.045655   -21.602004
v  -103.188144    -7.803502   -20.901700
v  -103.345646   -13.206886   -14.100078
v  -100.174925   -24.392005   -11.632663
v   -98.535932   -29.075970   -11.632663
v   -94.365229   -42.331038    -8.017400
v   -94.254646   -43.003064    -7.054067
v   -89.894214   -51.740357    -3.561867
v   -84.983871   -59.555233    -3.561867
v   -81.407628   -66.009784    -0.392568
v   -76.472640   -71.914108    -1.323990
v   -76.434094   -71.946967    -1.354479
v   -64.380270   -84.000791    -1.354479
v   -61.869728   -85.910080    -2.926491
v   -57.571064   -89.503068    -2.248461
v   -49.920009   -93.742175    -6.005270
v   -42.240834   -98.567369    -6.005270
v   -34.200212  -102.579940    -9.218959
v   -34.055032  -102.603952    -9.427013
v   -26.552474  -104.964576   -11.473266
v   -20.781639  -106.983973   -11.473266
v   -15.268304  -108.546821   -12.689517
v   -14.320453  -108.519176   -13.882704
v   -12.062829  -108.750925   -14.084122
v    -6.573665  -109.369398   -14.084122
v    -4.038478  -109.601780   -14.259632
v    -3.654125  -109.524846   -14.655834
v    -0.468870  -109.232908   -14.435301
v     4.541945  -108.668304   -14.435301
v     6.686301  -108.448245   -14.244151
v     7.719933  -108.478418   -12.943067
v    13.898659  -106.726789   -11.579899
v    18.398741  -105.152092   -11.579899
v    23.145738  -103.658437   -10.285292
v    23.677009  -103.571076    -9.523852
v    28.501098  -101.163692    -7.595764
v    41.736735   -92.847087    -7.595764
v    44.014422   -91.585023    -6.477300
v    49.767089   -86.776732    -7.384709
v    50.849535   -85.953523    -6.706996
v    73.000345   -63.802712    -6.706996
v    73.082966   -63.732256    -6.641436
v    79.052218   -56.590670    -5.514757
v    80.211914   -55.304910    -4.427255
v    96.130286   -29.970899    -4.427255
v    96.665980   -29.284023    -3.739273
v    98.512710   -26.061803    -2.336295
v   100.208574   -23.289338     0.073143
v   106.965806    -3.978132     0.073143
v   107.263589    -3.375140     0.744221
v   107.756314    -2.039776     1.718296
v   108.197380    -0.890506     2.745609
v   109.834319    13.636578     2.745609
v   105.839126    17.540936   -11.874997
v   105.646397    19.736001   -11.694747
v   102.868876    40.833117   -11.694747
v   101.690539    42.698962   -13.439899
v   100.879179    44.139380   -14.460261
v   100.143172    44.988813   -15.512850
v    94.541529    58.512439   -15.512850
v    91.570015    61.670521   -18.564299
v    90.962443    62.487885   -18.854499
v    87.836271    64.954194   -21.695368
v    84.299996    69.562805   -21.695368
v    81.191518    71.819165   -23.922818
v    79.569744    72.046965   -26.263537
v    76.951463    73.403340   -27.766355
v    73.194971    76.285756   -27.766355
v    70.197391    77.711956   -29.180233
v    67.918125    77.495530   -32.359484
v    63.278709    78.866439   -33.868148
v    55.352618    82.149638   -33.868148
v    50.048917    83.584526   -35.266070
v    49.190795    83.338243   -36.369685
v    36.552936    84.555284   -37.742648
v    19.566968    86.791581   -37.742648
v    10.836626    87.557761   -38.459539
v    10.264597    87.805624   -37.854968
v    -0.250233    86.882733   -36.991633
v   -23.005298    83.887049   -36.991633
v   -39.238515    82.323726   -35.227998
v   -40.133287    81.819785   -35.861953
v   -42.333565    81.224535   -35.282026
v   -67.999324    70.593435   -35.282026
v   -71.736859    69.488872   -34.066564
v   -72.297829    70.300391   -31.207213
v   -84.799830    67.517342   -15.526910
v   -72.591979    68.405004   -35.051540
v   -86.949240    57.388287   -35.051540
v   -88.102459    58.541506   -30.358570
v   -93.316905    56.622897   -21.742128
v   -87.166456    55.842342   -37.282624
v   -94.268706    46.586416   -37.282624
v   -95.380062    47.354807   -33.366418
v   -98.605283    45.949934   -26.125467
v   -94.113574    44.952320   -39.562206
v   -98.135781    35.241426   -39.562206
v   -98.472110    34.912680   -39.014032
v   -99.109066    35.203670   -36.938870
v  -102.978827    33.937657   -25.560073
v  -100.028482    23.090447   -39.014032
v  -101.083915    21.141191   -36.559255
v  -102.524648    17.816128   -33.044939
v  -102.092112    12.887618   -32.640364
v  -100.735263     2.581315   -32.640364
v  -100.341589    -1.506926   -32.196138
v  -102.237450    -8.114555   -23.697388
v   -98.948880   -20.269641   -20.493808
v   -94.407566   -31.233437   -20.493808
v   -90.649968   -43.949336   -16.358649
v   -90.396576   -44.290246   -16.479816
v   -86.610384   -52.248248   -12.726483
v   -71.292633   -72.210785   -12.726483
v   -70.250629   -74.222126   -11.572000
v   -63.794814   -80.678098   -11.572000
v   -60.162806   -82.559583   -13.656799
v   -43.819322   -95.100287   -13.656799
v   -36.853879   -98.414133   -16.942052
v   -35.413777   -99.484416   -16.430686
v   -31.337543  -100.688977   -17.756256
v   -20.308503  -105.257304   -17.756256
v   -14.909700  -106.717942   -19.179139
v   -14.403232  -106.572605   -19.830628
v    -5.377476  -107.760895   -19.830628
v    -3.654125  -107.912235   -19.972174
v    -3.338964  -107.775744   -20.305186
v    -2.175635  -107.673535   -20.209611
v     7.350113  -106.419527   -20.209611
v     8.409652  -105.750186   -21.200589
v     8.989579  -105.593317   -21.047827
v    25.233696   -98.864837   -21.047827
v    27.535237   -96.699313   -23.271486
v    28.862545   -95.712915   -23.742884
v    30.522549   -93.608685   -25.654858
v    53.835424   -75.720046   -25.654858
v    56.904883   -71.491524   -28.685139
v    59.699622   -68.696785   -28.685139
v    59.817946   -68.468352   -28.816258
v    82.729881   -38.608984   -28.816258
v    83.104440   -38.313412   -28.475822
v    83.122607   -38.305039   -28.448966
v    87.376879   -33.783631   -24.080319
v    96.034869   -12.881457   -24.080319
v    97.879229   -10.753057   -21.442765
v    99.295635    -9.368404   -19.133958
v   101.588803    -5.737344   -15.738122
v   104.213877    14.201814   -15.738122
v   105.107069    15.851707   -13.660432
v    94.429209    14.201814   -34.043816
v    93.820214    14.061058   -35.148537
v    89.073217    44.031957   -35.148537
v    90.307951    46.344872   -32.347004
v    90.884719    46.612324   -31.263610
v    80.069262    66.439477   -32.347004
v    80.216811    66.555746   -32.032792
v    77.911005    66.547690   -34.788511
v    70.267690    74.191004   -34.788511
v    68.441813    75.004419   -35.739206
v    65.043292    74.040296   -39.835345
v    62.319167    74.769352   -40.836592
v    55.015815    78.490458   -40.836592
v    49.812902    79.790910   -42.404496
v    47.414680    78.510837   -45.309186
v    34.264981    79.635462   -46.985619
v    23.769266    81.297835   -46.985619
v    10.836626    82.354689   -48.193656
v     8.509809    80.787891   -50.551910
v    -6.143340    79.590439   -49.183212
v   -25.035912    76.598073   -49.183212
v   -41.292825    75.207575   -47.110736
v   -46.977721    70.914914   -50.665810
v   -51.303556    69.833574   -49.362356
v   -70.776686    59.911467   -49.362356
v   -74.591945    58.890473   -47.960010
v   -76.979267    56.748329   -48.461898
v   -86.902954    55.578997   -38.035850
v   -77.442292    55.769515   -49.076263
v   -87.770238    45.441570   -49.076263
v   -88.069759    45.677585   -48.438517
v   -93.288470    44.580605   -41.358068
v   -87.729480    45.297812   -49.249404
v   -87.799937    45.034309   -49.346243
v   -92.302230    36.198282   -49.346243
v   -92.672208    36.006658   -48.932506
v   -92.903168    36.113765   -48.498548
v   -97.951740    35.228472   -39.909594
v   -94.217522    26.249319   -48.932506
v   -95.340410    24.980304   -47.319263
v   -96.613058    23.090447   -45.403814
v   -96.345132    19.810723   -45.097500
v   -93.770610     3.556338   -45.097500
v   -93.595890     1.513403   -44.836998
v   -95.647514    -2.329976   -40.181943
v   -93.485781   -10.978487   -37.575826
v   -79.139578   -39.134567   -37.575826
v   -77.006597   -47.104891   -34.646176
v   -75.274556   -49.035190   -35.052014
v   -73.573795   -52.852977   -33.064212
v   -41.690448   -84.736324   -33.064212
v   -41.440847   -84.847538   -33.194225
v   -40.660292   -85.548000   -33.030089
v   -39.088281   -87.784297   -31.363767
v   -15.322490   -99.893571   -31.363767
v   -15.354085   -99.961659   -31.235965
v   -14.343201  -105.725858   -21.429495
v    -3.338964  -102.921956   -29.385759
v   -14.839875   -99.635914   -31.948275
v    -3.150342  -101.487383   -31.948275
v    -3.150342  -102.106172   -30.865513
v     8.359258  -105.038982   -22.543853
v    -0.603149   -99.233551   -35.186293
v     9.662396   -97.607670   -35.186293
v    11.444988   -95.967255   -36.841083
v    14.569738   -89.932444   -43.591364
v    15.220438   -89.025825   -44.465283
v    33.436875   -79.743991   -44.465283
v    37.642175   -73.761470   -48.923027
v    37.762553   -71.363248   -51.635936
v    39.175325   -68.376569   -53.510311
v    62.587725   -44.964168   -53.510311
v    63.151855   -43.697997   -54.169542
v    65.127967   -42.308921   -52.697055
v    76.335518   -20.312611   -52.697055
v    78.140227   -19.017372   -50.957590
v    82.132418   -16.950424   -46.492263
v    83.922119   -15.005433   -44.686606
v    87.259188     6.063247   -44.686606
v    92.177746    11.622078   -37.620375
v    75.375976     6.063247   -59.166298
v    87.674031    43.829749   -36.892583
v    73.810284     5.709540   -61.005919
v    68.353820    33.140514   -61.005919
v    68.191896    35.427995   -60.676383
v    74.597475    44.374763   -51.473221
v    75.794295    45.009981   -49.985727
v    77.696790    66.410883   -35.118205
v    62.272723    62.819949   -51.473221
v    62.796094    64.514707   -49.953974
v    65.489256    67.207868   -45.831294
v    49.195219    73.602547   -49.953974
v    47.872334    73.903174   -50.387458
v    45.352472    72.099097   -52.979515
v    36.473001    72.727838   -54.258482
v    21.933436    75.619890   -54.258482
v     8.509809    76.623665   -55.625916
v     5.058366    73.533196   -58.725705
v   -11.761412    72.275397   -57.012148
v   -33.043359    68.042135   -57.012148
v   -47.363812    67.028092   -54.949624
v   -54.892121    60.104355   -58.534397
v   -59.968022    58.950662   -56.871234
v   -74.967137    48.928556   -56.871234
v   -77.935965    48.209769   -55.710590
v   -80.185216    45.960518   -55.710590
v   -80.636077    45.760995   -55.474575
v   -86.820965    36.504596   -55.474575
v   -87.052556    36.627659   -55.186586
v   -91.924354    36.143623   -49.817325
v   -88.702449    26.249319   -55.652771
v   -86.331557    35.821195   -56.177565
v   -88.255695    26.148373   -56.177565
v   -86.905007    24.640026   -57.532202
v   -86.029351    23.952675   -58.363152
v   -81.323269     0.293992   -58.363152
v   -79.659316    -1.027945   -59.512896
v   -76.282912    -4.698973   -61.261049
v   -76.135837    -5.346197   -61.049047
v   -46.956710   -49.015759   -61.049047
v   -46.497160   -50.914147   -60.306879
v   -45.109664   -52.301643   -60.306879
v   -43.298636   -56.394465   -58.164577
v   -13.426155   -76.354633   -58.164577
v   -12.838329   -79.082075   -56.022117
v   -15.062462   -83.272367   -50.813201
v   -14.008452   -93.882615   -39.119244
v    -0.603149   -89.517443   -47.025271
v     0.349441   -81.705253   -56.022117
v     0.349441   -85.301875   -51.978268
v     5.278742   -75.425107   -61.980784
v    16.799242   -73.133518   -61.980784
v    19.495721   -69.739421   -64.326084
v    20.911337   -63.170180   -69.486187
v    22.481610   -59.665500   -71.739387
v    40.531542   -47.604882   -71.739387
v    42.255368   -43.709213   -73.778531
v    61.230718   -42.470214   -57.125890
v    42.170219   -43.433705   -74.025604
v    55.048516   -24.159939   -74.025604
v    57.025418   -23.274172   -72.754694
v    59.477351   -22.745903   -70.828660
v    60.568328   -21.879093   -70.074802
v    64.407916    -2.576260   -70.074802
v    71.080946     2.661566   -63.743314
v    56.478034    -2.576260   -76.582749
v    56.312318    -0.207106   -76.332042
v    51.243999    18.708056   -76.332042
v    50.931998    24.340663   -75.457176
v    59.483828    35.791496   -66.967430
v    59.316216    36.531926   -66.724306
v    61.480319    62.027545   -52.455669
v    42.674318    53.173824   -66.724306
v    42.547622    53.687402   -66.524783
v    42.662312    55.979622   -65.283098
v    45.828451    60.698973   -61.215236
v    12.484623    64.065741   -65.283098
v     5.058366    64.585322   -66.069025
v     2.694583    62.053927   -67.760623
v   -13.350643    60.931355   -66.062548
v   -45.659259    52.274313   -66.062548
v   -55.241246    51.743517   -64.574579
v   -57.892544    49.033136   -65.272356
v   -62.885508    47.902981   -63.632731
v   -76.717028    34.071462   -63.632731
v   -79.324567    35.820721   -61.385376
v   -85.263171    35.572700   -57.094927
v   -76.603444    33.919332   -63.745525
v   -79.386967    23.531198   -63.745525
v   -81.067349    23.952675   -62.435437
v   -72.958640    17.528614   -68.041187
v   -66.771225    13.949211   -71.861186
v   -61.610175    -5.311601   -71.861186
v   -53.147916   -10.308830   -75.668705
v   -44.397669   -18.867769   -77.921431
v   -42.146523   -19.423368   -78.796140
v   -12.924110   -48.645781   -78.796140
v   -12.970555   -49.573569   -78.293463
v   -12.878139   -49.730281   -78.223006
v   -12.019228   -70.304024   -63.359750
v     6.781560   -54.997964   -78.223006
v     6.781560   -58.068054   -75.980074
v     5.278742   -64.057842   -71.309695
v    10.078503   -49.298692   -81.741588
v    23.059642   -45.820394   -81.741588
v    25.216951   -42.167375   -83.385162
v    26.002246   -41.364545   -83.591951
v    41.408778   -42.672264   -74.969506
v    26.370012   -39.873891   -84.171088
v    38.988598   -27.255305   -84.171088
v    40.077363   -26.986589   -83.748031
v    41.285716   -25.804619   -83.436978
v    43.235762   -24.653138   -82.559583
v    47.223688    -9.770135   -82.559583
v    51.298027    -7.413145   -80.044144
v    43.209064    -9.770135   -84.705519
v    42.845405    -4.987751   -84.214848
v    36.259102    10.913086   -84.214848
v    36.093070    13.914299   -83.748663
v    39.159211    21.504850   -81.060872
v    41.679390    24.024870   -79.518402
v     4.018731    36.060528   -81.060872
v     2.625390    39.342621   -79.890118
v     2.694583    39.562364   -79.782537
v    -7.089770    38.604244   -78.893453
v   -43.954865    23.334203   -78.893453
v   -52.476522    26.776640   -75.875810
v   -57.297293    31.597412   -72.925149
v   -71.949652    32.097561   -66.493978
v   -58.682578    11.793639   -75.875810
v   -65.517375    13.949211   -72.531317
v   -48.436464     2.984310   -80.090905
v   -37.213747    -1.780223   -84.093996
v   -30.076269   -19.011369   -84.093996
v   -18.071100   -23.876531   -87.124435
v   -11.966306   -29.981326   -87.124435
v   -12.572773   -47.748008   -79.326305
v    -9.304424   -30.128716   -87.537856
v    10.514356   -38.337898   -87.537856
v    10.078503   -39.719707   -86.861564
v    11.424609   -37.278990   -87.973394
v    11.854934   -36.265579   -88.334841
v    26.046321   -30.387322   -88.334841
v    26.059275   -30.355253   -88.343056
v    28.654334   -27.760036   -88.343056
v    30.606117   -26.969212   -87.850331
v    35.285975   -15.670983   -87.850331
v    37.379147   -14.782372   -87.103740
v    28.841060   -15.670983   -89.805274
v    27.218655   -16.448063   -90.199896
v     7.387395     3.383197   -90.199896
v     6.796568     5.739397   -89.909538
v     4.018731     8.778840   -89.336720
v     3.252236     8.677262   -89.271160
v   -41.895974    21.275312   -79.776692
v   -16.356121   -10.931253   -89.271160
v   -35.462591    -1.780223   -84.625109
v   -14.844299   -12.313062   -89.556147
v    -6.753914   -14.341780   -90.552813
v     5.032458   -26.128152   -90.552813
v    11.202338   -26.946148   -91.079976
v    11.854934   -27.660196   -90.945223
v    14.936714   -27.251672   -90.682037
v    24.031663   -18.156565   -90.682037
v    25.847588   -17.701280   -90.458344
v    11.202338   -18.156565   -91.945680
v     7.387395   -14.341780   -91.945680
f      1      2      3
f      1      3      4
f      1      4      5
f      1      5      6
f      7      8      9
f      7      9      1
f      7      1      6
f      7      6     10
f      7     11     12
f      7     12     13
f      7     13      8
f      9     14      2
f      9      2      1
f     15     16     17
f     15     17     18
f     15     18     19
f      3     20     15
f      3     15     19
f      3     19     21
f      3     21      4
f      4     21     22
f      4     22     23
f      4     23     24
f      4     24      5
f      6      5     24
f      6     24     25
f      6     25     26
f      6     26     10
f     10     26     27
f     10     27     11
f     10     11      7
f     27     28     29
f     27     29     30
f     27     30     12
f     27     12     11
f     29     31     32
f     29     32     33
f     29     33     34
f     29     34     35
f     29     35     30
f     12     30     35
f     12     35     36
f     12     36     13
f     36     35     34
f     36     34     37
f     36     37     38
f     36     38     39
f     36     39     40
f      8     13     36
f      8     36     40
f      8     40     41
f      8     41     14
f      8     14      9
f     41     42     43
f     41     43     20
f     41     20      3
f     41      3      2
f     41      2     14
f     43     44     45
f     43     45     16
f     43     16     15
f     43     15     20
f     46     47     48
f     46     48     49
f     46     49     50
f     45     49     48
f     45     48     51
f     45     51     52
f     45     52     17
f     45     17     16
f     17     52     53
f     17     53     18
f     19     18     53
f     19     53     54
f     19     54     55
f     19     55     22
f     19     22     21
f     22     55     56
f     22     56     57
f     22     57     23
f     24     23     57
f     24     57     58
f     24     58     59
f     24     59     60
f     24     60     61
f     24     61     25
f     26     25     61
f     26     61     62
f     26     62     63
f     26     63     28
f     26     28     27
f     62     64     65
f     62     65     66
f     62     66     67
f     62     67     63
f     63     67     31
f     63     31     29
f     63     29     28
f     66     68     69
f     66     69     70
f     66     70     32
f     66     32     31
f     66     31     67
f     32     70     71
f     32     71     72
f     32     72     33
f     34     33     72
f     34     72     73
f     34     73     74
f     34     74     37
f     73     75     76
f     73     76     77
f     73     77     78
f     73     78     74
f     37     74     78
f     37     78     79
f     37     79     38
f     78     77     80
f     78     80     81
f     78     81     79
f     38     79     81
f     38     81     82
f     38     82     83
f     38     83     84
f     38     84     39
f     40     39     84
f     40     84     85
f     40     85     86
f     40     86     42
f     40     42     41
f     86     87     88
f     86     88     89
f     86     89     44
f     86     44     43
f     86     43     42
f     89     50     49
f     89     49     45
f     89     45     44
f     88     90     91
f     88     91     92
f     88     92     46
f     88     46     50
f     88     50     89
f     91     93     94
f     91     94     95
f     91     95     96
f     91     96     97
f     91     97     92
f     92     97     98
f     92     98     47
f     92     47     46
f     48     47     98
f     48     98     99
f     48     99    100
f     48    100    101
f     48    101     51
f     53     52     51
f     53     51    101
f     53    101     54
f     54    101    100
f     54    100    102
f     54    102    103
f     54    103     56
f     54     56     55
f     57     56    103
f     57    103    104
f     57    104     58
f     58    104    105
f     58    105    106
f     58    106    107
f     58    107     59
f     59    107    108
f     59    108    109
f     59    109    110
f     59    110    111
f     59    111     60
f     61     60    111
f     61    111    112
f     61    112    113
f     61    113     64
f     61     64     62
f    112    114    115
f    112    115    116
f    112    116    117
f    112    117    113
f    113    117    118
f    113    118     65
f    113     65     64
f    116    119    120
f    116    120    121
f    116    121    118
f    116    118    117
f     65    118    121
f     65    121    122
f     65    122     68
f     65     68     66
f    122    123    124
f    122    124    125
f    122    125    126
f    122    126     69
f    122     69     68
f     69    126    127
f     69    127     71
f     69     71     70
f     72     71    127
f     72    127    128
f     72    128     75
f     72     75     73
f    128    129    130
f    128    130    131
f    128    131    132
f    128    132     76
f    128     76     75
f     76    132    133
f     76    133     80
f     76     80     77
f    133    132    131
f    133    131    134
f    133    134    135
f     81     80    133
f     81    133    135
f     81    135    136
f     81    136    137
f     81    137     82
f    136    138    139
f    136    139    140
f    136    140    137
f     82    137    140
f     82    140    141
f     82    141    142
f     82    142    143
f     82    143    144
f     82    144     83
f     84     83    144
f     84    144    145
f     84    145    146
f     84    146    147
f     84    147     85
f     85    147    148
f     85    148    149
f     85    149     87
f     85     87     86
f    149    150    151
f    149    151    152
f    149    152     90
f    149     90     88
f    149     88     87
f    151    153    154
f    151    154    155
f    151    155    156
f    151    156    152
f    152    156     93
f    152     93     91
f    152     91     90
f    155    157    158
f    155    158     94
f    155     94     93
f    155     93    156
f    159    160    161
f    159    161    162
f    159    162    163
f    159    163    158
f    159    158    157
f     94    158    163
f     94    163     95
f     95    163    162
f     95    162    164
f     95    164    165
f     95    165    166
f     95    166     96
f     96    166     99
f     96     99     98
f     96     98     97
f    100     99    166
f    100    166    165
f    100    165    167
f    100    167    168
f    100    168    102
f    103    102    168
f    103    168    105
f    103    105    104
f    105    168    167
f    105    167    169
f    105    169    170
f    105    170    106
f    106    170    171
f    106    171    172
f    106    172    108
f    106    108    107
f    108    172    173
f    108    173    174
f    108    174    175
f    108    175    109
f    109    175    176
f    109    176    177
f    109    177    178
f    109    178    110
f    111    110    178
f    111    178    179
f    111    179    114
f    111    114    112
f    179    180    181
f    179    181    182
f    179    182    115
f    179    115    114
f    115    182    183
f    115    183    184
f    115    184    185
f    115    185    119
f    115    119    116
f    184    186    187
f    184    187    188
f    184    188    189
f    184    189    185
f    185    189    190
f    185    190    191
f    185    191    120
f    185    120    119
f    191    190    192
f    191    192    193
f    191    193    194
f    121    120    191
f    121    191    194
f    121    194    195
f    121    195    123
f    121    123    122
f    195    196    197
f    195    197    198
f    195    198    199
f    195    199    124
f    195    124    123
f    124    199    200
f    124    200    201
f    124    201    125
f    127    126    125
f    127    125    201
f    127    201    202
f    127    202    203
f    127    203    129
f    127    129    128
f    203    204    205
f    203    205    206
f    203    206    130
f    203    130    129
f    130    206    207
f    130    207    134
f    130    134    131
f    207    206    205
f    207    205    208
f    207    208    209
f    135    134    207
f    135    207    209
f    135    209    138
f    135    138    136
f    209    208    210
f    209    210    211
f    209    211    139
f    209    139    138
f    140    139    211
f    140    211    212
f    140    212    141
f    141    212    213
f    141    213    214
f    141    214    215
f    141    215    142
f    142    215    216
f    142    216    217
f    142    217    218
f    142    218    219
f    142    219    143
f    144    143    219
f    144    219    220
f    144    220    221
f    144    221    145
f    145    221    222
f    145    222    223
f    145    223    224
f    145    224    146
f    146    224    225
f    146    225    226
f    146    226    148
f    146    148    147
f    148    226    227
f    148    227    228
f    148    228    150
f    148    150    149
f    228    229    230
f    228    230    153
f    228    153    151
f    228    151    150
f    230    231    232
f    230    232    233
f    230    233    234
f    230    234    154
f    230    154    153
f    154    234    159
f    154    159    157
f    154    157    155
f    233    235    160
f    233    160    159
f    233    159    234
f    236    237    238
f    236    238    239
f    236    239    240
f    236    240    241
f    161    160    235
f    161    235    242
f    161    242    236
f    161    236    241
f    161    241    243
f    243    241    240
f    243    240    244
f    243    244    245
f    243    245    246
f    243    246    247
f    164    162    161
f    164    161    243
f    164    243    247
f    164    247    248
f    248    247    246
f    248    246    249
f    248    249    250
f    248    250    251
f    248    251    252
f    248    252    253
f    167    165    164
f    167    164    248
f    167    248    253
f    167    253    254
f    167    254    169
f    253    252    255
f    253    255    256
f    253    256    257
f    253    257    254
f    169    254    257
f    169    257    258
f    169    258    171
f    169    171    170
f    171    258    259
f    171    259    260
f    171    260    261
f    171    261    173
f    171    173    172
f    173    261    262
f    173    262    174
f    174    262    263
f    174    263    264
f    174    264    176
f    174    176    175
f    176    264    265
f    176    265    266
f    176    266    267
f    176    267    177
f    178    177    267
f    178    267    268
f    178    268    269
f    178    269    180
f    178    180    179
f    269    270    271
f    269    271    181
f    269    181    180
f    181    271    272
f    181    272    273
f    181    273    183
f    181    183    182
f    183    273    274
f    183    274    275
f    183    275    186
f    183    186    184
f    275    276    277
f    275    277    187
f    275    187    186
f    187    277    278
f    187    278    279
f    187    279    188
f    188    279    280
f    188    280    281
f    188    281    192
f    188    192    190
f    188    190    189
f    192    281    282
f    192    282    283
f    192    283    284
f    192    284    193
f    194    193    284
f    194    284    285
f    194    285    286
f    194    286    196
f    194    196    195
f    286    287    288
f    286    288    289
f    286    289    197
f    286    197    196
f    197    289    290
f    197    290    291
f    197    291    198
f    198    291    292
f    198    292    293
f    198    293    294
f    198    294    200
f    198    200    199
f    201    200    294
f    201    294    295
f    201    295    296
f    201    296    297
f    201    297    202
f    202    297    298
f    202    298    299
f    202    299    204
f    202    204    203
f    298    300    301
f    298    301    302
f    298    302    299
f    299    302    303
f    299    303    210
f    299    210    208
f    299    208    205
f    299    205    204
f    303    302    301
f    303    301    304
f    303    304    305
f    211    210    303
f    211    303    305
f    211    305    213
f    211    213    212
f    213    305    304
f    213    304    306
f    213    306    307
f    213    307    308
f    213    308    214
f    214    308    309
f    214    309    310
f    214    310    216
f    214    216    215
f    216    310    311
f    216    311    312
f    216    312    217
f    217    312    313
f    217    313    314
f    217    314    315
f    217    315    316
f    217    316    218
f    219    218    316
f    219    316    317
f    219    317    318
f    219    318    220
f    220    318    319
f    220    319    320
f    220    320    321
f    220    321    322
f    220    322    222
f    220    222    221
f    222    322    323
f    222    323    324
f    222    324    223
f    223    324    325
f    223    325    326
f    223    326    225
f    223    225    224
f    225    326    327
f    225    327    328
f    225    328    227
f    225    227    226
f    227    328    329
f    227    329    330
f    227    330    229
f    227    229    228
f    330    331    332
f    330    332    231
f    330    231    230
f    330    230    229
f    332    333    334
f    332    334    335
f    332    335    232
f    332    232    231
f    232    335    242
f    232    242    235
f    232    235    233
f    334    336    237
f    334    237    236
f    334    236    242
f    334    242    335
f    337    338    339
f    337    339    340
f    337    340    341
f    337    341    342
f    337    342    343
f    240    239    337
f    240    337    343
f    240    343    244
f    244    343    342
f    244    342    344
f    244    344    345
f    244    345    346
f    244    346    245
f    246    245    346
f    246    346    347
f    246    347    249
f    249    347    348
f    249    348    349
f    249    349    350
f    249    350    250
f    250    350    351
f    250    351    352
f    250    352    353
f    250    353    251
f    352    354    355
f    352    355    356
f    352    356    357
f    352    357    353
f    251    353    357
f    251    357    358
f    251    358    255
f    251    255    252
f    255    358    359
f    255    359    360
f    255    360    361
f    255    361    256
f    257    256    361
f    257    361    362
f    257    362    259
f    257    259    258
f    259    362    363
f    259    363    364
f    259    364    365
f    259    365    260
f    260    365    366
f    260    366    263
f    260    263    262
f    260    262    261
f    263    366    367
f    263    367    368
f    263    368    369
f    263    369    265
f    263    265    264
f    265    369    370
f    265    370    371
f    265    371    266
f    267    266    371
f    267    371    372
f    267    372    373
f    267    373    268
f    268    373    374
f    268    374    375
f    268    375    270
f    268    270    269
f    375    376    377
f    375    377    272
f    375    272    271
f    375    271    270
f    272    377    378
f    272    378    379
f    272    379    274
f    272    274    273
f    274    379    380
f    274    380    381
f    274    381    276
f    274    276    275
f    381    382    383
f    381    383    278
f    381    278    277
f    381    277    276
f    278    383    384
f    278    384    280
f    278    280    279
f    280    384    385
f    280    385    386
f    280    386    387
f    280    387    282
f    280    282    281
f    282    387    388
f    282    388    283
f    284    283    388
f    284    388    389
f    284    389    390
f    284    390    391
f    284    391    285
f    285    391    392
f    285    392    393
f    285    393    394
f    285    394    287
f    285    287    286
f    394    395    396
f    394    396    288
f    394    288    287
f    288    396    397
f    288    397    398
f    288    398    399
f    288    399    290
f    288    290    289
f    290    399    400
f    290    400    401
f    290    401    292
f    290    292    291
f    292    401    402
f    292    402    403
f    292    403    404
f    292    404    293
f    294    293    404
f    294    404    405
f    294    405    406
f    294    406    295
f    295    406    407
f    295    407    408
f    295    408    409
f    295    409    296
f    296    409    410
f    296    410    411
f    296    411    300
f    296    300    298
f    296    298    297
f    410    412    413
f    410    413    414
f    410    414    411
f    304    301    300
f    304    300    411
f    304    411    414
f    304    414    306
f    306    414    413
f    306    413    415
f    306    415    416
f    306    416    307
f    307    416    417
f    307    417    418
f    307    418    309
f    307    309    308
f    309    418    419
f    309    419    420
f    309    420    311
f    309    311    310
f    311    420    421
f    311    421    313
f    311    313    312
f    313    421    422
f    313    422    423
f    313    423    424
f    313    424    314
f    314    424    425
f    314    425    315
f    316    315    425
f    316    425    317
f    319    426    427
f    319    427    428
f    319    428    320
f    320    428    429
f    320    429    430
f    320    430    321
f    321    430    431
f    321    431    432
f    321    432    323
f    321    323    322
f    323    432    433
f    323    433    434
f    323    434    325
f    323    325    324
f    325    434    435
f    325    435    436
f    325    436    327
f    325    327    326
f    327    436    437
f    327    437    438
f    327    438    329
f    327    329    328
f    329    438    439
f    329    439    440
f    329    440    331
f    329    331    330
f    440    441    442
f    440    442    333
f    440    333    332
f    440    332    331
f    442    443    336
f    442    336    334
f    442    334    333
f    444    445    238
f    444    238    237
f    444    237    336
f    444    336    443
f    238    445    446
f    238    446    338
f    238    338    337
f    238    337    239
f    340    447    448
f    340    448    449
f    340    449    341
f    342    341    449
f    342    449    450
f    342    450    344
f    344    450    451
f    344    451    452
f    344    452    453
f    344    453    345
f    346    345    453
f    346    453    454
f    346    454    348
f    346    348    347
f    348    454    455
f    348    455    456
f    348    456    457
f    348    457    349
f    349    457    458
f    349    458    459
f    349    459    351
f    349    351    350
f    351    459    460
f    351    460    461
f    351    461    354
f    351    354    352
f    461    462    463
f    461    463    355
f    461    355    354
f    355    463    464
f    355    464    465
f    355    465    466
f    355    466    356
f    357    356    466
f    357    466    467
f    357    467    468
f    357    468    359
f    357    359    358
f    359    468    469
f    359    469    470
f    359    470    471
f    359    471    360
f    361    360    471
f    361    471    472
f    361    472    363
f    361    363    362
f    363    472    473
f    363    473    474
f    363    474    475
f    363    475    364
f    364    475    476
f    364    476    367
f    364    367    366
f    364    366    365
f    367    476    477
f    367    477    478
f    367    478    368
f    368    478    479
f    368    479    370
f    368    370    369
f    371    370    479
f    371    479    480
f    371    480    481
f    371    481    482
f    371    482    372
f    372    482    483
f    372    483    374
f    372    374    373
f    374    483    484
f    374    484    485
f    374    485    486
f    374    486    376
f    374    376    375
f    486    487    378
f    486    378    377
f    486    377    376
f    378    487    488
f    378    488    380
f    378    380    379
f    380    488    489
f    380    489    490
f    380    490    382
f    380    382    381
f    490    491    385
f    490    385    384
f    490    384    383
f    490    383    382
f    385    491    492
f    385    492    493
f    385    493    386
f    388    387    386
f    388    386    493
f    388    493    494
f    388    494    389
f    389    494    495
f    389    495    496
f    389    496    390
f    390    496    497
f    390    497    392
f    390    392    391
f    392    497    498
f    392    498    499
f    392    499    393
f    393    499    500
f    393    500    501
f    393    501    395
f    393    395    394
f    501    502    503
f    501    503    397
f    501    397    396
f    501    396    395
f    397    503    504
f    397    504    505
f    397    505    506
f    397    506    398
f    398    506    507
f    398    507    508
f    398    508    400
f    398    400    399
f    400    508    509
f    400    509    510
f    400    510    402
f    400    402    401
f    402    510    511
f    402    511    512
f    402    512    403
f    404    403    512
f    404    512    513
f    404    513    514
f    404    514    405
f    405    514    515
f    405    515    516
f    405    516    407
f    405    407    406
f    407    516    517
f    407    517    518
f    407    518    408
f    408    518    519
f    408    519    412
f    408    412    410
f    408    410    409
f    413    412    519
f    413    519    520
f    413    520    521
f    413    521    415
f    415    521    522
f    415    522    523
f    415    523    417
f    415    417    416
f    417    523    524
f    417    524    525
f    417    525    419
f    417    419    418
f    419    525    526
f    419    526    527
f    419    527    421
f    419    421    420
f    421    527    528
f    421    528    529
f    421    529    422
f    423    422    529
f    423    529    530
f    423    530    531
f    531    530    532
f    531    532    533
f    531    533    534
f    531    534    535
f    531    535    536
f    534    537    538
f    534    538    535
f    536    535    538
f    536    538    539
f    536    539    540
f    536    540    541
f    542    543    544
f    542    544    545
f    542    545    546
f    546    545    547
f    546    547    427
f    546    427    426
f    427    547    548
f    427    548    549
f    427    549    429
f    427    429    428
f    429    549    550
f    429    550    551
f    429    551    431
f    429    431    430
f    431    551    552
f    431    552    553
f    431    553    433
f    431    433    432
f    433    553    554
f    433    554    555
f    433    555    435
f    433    435    434
f    435    555    556
f    435    556    557
f    435    557    437
f    435    437    436
f    437    557    558
f    437    558    559
f    437    559    439
f    437    439    438
f    439    559    560
f    439    560    561
f    439    561    441
f    439    441    440
f    561    562    563
f    561    563    444
f    561    444    443
f    561    443    442
f    561    442    441
f    563    564    446
f    563    446    445
f    563    445    444
f    565    339    338
f    565    338    446
f    565    446    564
f    566    567    447
f    566    447    340
f    566    340    339
f    566    339    565
f    449    448    568
f    449    568    569
f    449    569    570
f    449    570    451
f    449    451    450
f    451    570    571
f    451    571    452
f    453    452    571
f    453    571    572
f    453    572    573
f    453    573    455
f    453    455    454
f    455    573    574
f    455    574    575
f    455    575    456
f    456    575    576
f    456    576    577
f    456    577    458
f    456    458    457
f    458    577    578
f    458    578    579
f    458    579    460
f    458    460    459
f    460    579    580
f    460    580    581
f    460    581    462
f    460    462    461
f    581    582    583
f    581    583    464
f    581    464    463
f    581    463    462
f    464    583    584
f    464    584    465
f    466    465    584
f    466    584    585
f    466    585    586
f    466    586    587
f    466    587    467
f    467    587    588
f    467    588    589
f    467    589    469
f    467    469    468
f    469    589    590
f    469    590    591
f    469    591    592
f    469    592    470
f    471    470    592
f    471    592    593
f    471    593    473
f    471    473    472
f    473    593    594
f    473    594    595
f    473    595    474
f    474    595    596
f    474    596    597
f    474    597    477
f    474    477    476
f    474    476    475
f    479    478    477
f    479    477    597
f    479    597    598
f    479    598    480
f    480    598    599
f    480    599    600
f    480    600    601
f    480    601    481
f    481    601    602
f    481    602    484
f    481    484    483
f    481    483    482
f    484    602    603
f    484    603    604
f    484    604    605
f    484    605    606
f    484    606    485
f    485    606    607
f    485    607    489
f    485    489    488
f    485    488    487
f    485    487    486
f    605    608    609
f    605    609    607
f    605    607    606
f    607    609    610
f    607    610    492
f    607    492    491
f    607    491    490
f    607    490    489
f    611    612    613
f    611    613    610
f    611    610    609
f    611    609    608
f    493    492    610
f    493    610    613
f    493    613    614
f    493    614    495
f    493    495    494
f    613    612    615
f    613    615    616
f    613    616    617
f    613    617    614
f    495    614    617
f    495    617    618
f    495    618    498
f    495    498    497
f    495    497    496
f    617    616    619
f    617    619    620
f    617    620    621
f    617    621    618
f    498    618    621
f    498    621    500
f    498    500    499
f    500    621    620
f    500    620    622
f    500    622    623
f    500    623    624
f    500    624    502
f    500    502    501
f    624    625    504
f    624    504    503
f    624    503    502
f    504    625    626
f    504    626    505
f    505    626    627
f    505    627    628
f    505    628    629
f    505    629    507
f    505    507    506
f    507    629    630
f    507    630    509
f    507    509    508
f    509    630    631
f    509    631    632
f    509    632    633
f    509    633    511
f    509    511    510
f    512    511    633
f    512    633    634
f    512    634    513
f    513    634    635
f    513    635    636
f    513    636    515
f    513    515    514
f    515    636    637
f    515    637    517
f    515    517    516
f    517    637    638
f    517    638    639
f    517    639    520
f    517    520    519
f    517    519    518
f    520    639    640
f    520    640    641
f    520    641    522
f    520    522    521
f    522    641    642
f    522    642    643
f    522    643    524
f    522    524    523
f    524    643    644
f    524    644    526
f    524    526    525
f    526    644    645
f    526    645    646
f    526    646    647
f    526    647    528
f    526    528    527
f    529    528    647
f    529    647    648
f    529    648    532
f    529    532    530
f    532    648    649
f    532    649    650
f    532    650    651
f    532    651    533
f    533    651    652
f    533    652    537
f    533    537    534
f    538    537    652
f    538    652    653
f    538    653    654
f    538    654    539
f    539    654    655
f    539    655    656
f    539    656    657
f    539    657    540
f    541    540    657
f    541    657    658
f    541    658    543
f    541    543    542
f    658    659    660
f    658    660    661
f    658    661    544
f    658    544    543
f    544    661    662
f    544    662    548
f    544    548    547
f    544    547    545
f    548    662    663
f    548    663    664
f    548    664    550
f    548    550    549
f    550    664    665
f    550    665    666
f    550    666    552
f    550    552    551
f    552    666    667
f    552    667    668
f    552    668    554
f    552    554    553
f    554    668    669
f    554    669    670
f    554    670    556
f    554    556    555
f    556    670    671
f    556    671    672
f    556    672    558
f    556    558    557
f    558    672    673
f    558    673    674
f    558    674    560
f    558    560    559
f    560    674    675
f    560    675    676
f    560    676    562
f    560    562    561
f    676    677    678
f    676    678    566
f    676    566    565
f    676    565    564
f    676    564    563
f    676    563    562
f    678    679    567
f    678    567    566
f    568    448    447
f    568    447    567
f    568    567    679
f    571    570    569
f    571    569    680
f    571    680    681
f    571    681    572
f    572    681    682
f    572    682    574
f    572    574    573
f    574    682    683
f    574    683    684
f    574    684    576
f    574    576    575
f    576    684    685
f    576    685    686
f    576    686    578
f    576    578    577
f    578    686    687
f    578    687    688
f    578    688    580
f    578    580    579
f    580    688    689
f    580    689    690
f    580    690    582
f    580    582    581
f    584    583    582
f    584    582    690
f    584    690    691
f    584    691    585
f    585    691    692
f    585    692    693
f    585    693    694
f    585    694    586
f    586    694    695
f    586    695    588
f    586    588    587
f    588    695    696
f    588    696    697
f    588    697    698
f    588    698    590
f    588    590    589
f    590    698    699
f    590    699    591
f    592    591    699
f    592    699    700
f    592    700    701
f    592    701    702
f    592    702    594
f    592    594    593
f    594    702    703
f    594    703    704
f    594    704    596
f    594    596    595
f    597    596    704
f    597    704    705
f    597    705    599
f    597    599    598
f    599    705    706
f    599    706    707
f    599    707    600
f    600    707    708
f    600    708    709
f    600    709    603
f    600    603    602
f    600    602    601
f    603    709    710
f    603    710    711
f    603    711    712
f    603    712    604
f    604    712    713
f    604    713    611
f    604    611    608
f    604    608    605
f    711    714    715
f    711    715    716
f    711    716    713
f    711    713    712
f    713    716    717
f    713    717    615
f    713    615    612
f    713    612    611
f    715    718    719
f    715    719    720
f    715    720    717
f    715    717    716
f    717    720    721
f    717    721    619
f    717    619    616
f    717    616    615
f    721    720    719
f    721    719    722
f    721    722    723
f    721    723    724
f    721    724    725
f    620    619    721
f    620    721    725
f    620    725    726
f    620    726    622
f    725    724    727
f    725    727    728
f    725    728    726
f    622    726    728
f    622    728    729
f    622    729    623
f    623    729    730
f    623    730    627
f    623    627    626
f    623    626    625
f    623    625    624
f    730    731    732
f    730    732    733
f    730    733    628
f    730    628    627
f    628    733    734
f    628    734    631
f    628    631    630
f    628    630    629
f    631    734    735
f    631    735    736
f    631    736    632
f    633    632    736
f    633    736    737
f    633    737    738
f    633    738    635
f    633    635    634
f    635    738    739
f    635    739    740
f    635    740    638
f    635    638    637
f    635    637    636
f    638    740    741
f    638    741    640
f    638    640    639
f    640    741    742
f    640    742    743
f    640    743    642
f    640    642    641
f    642    743    744
f    642    744    745
f    642    745    645
f    642    645    644
f    642    644    643
f    645    745    746
f    645    746    747
f    645    747    646
f    647    646    747
f    647    747    748
f    647    748    649
f    647    649    648
f    649    748    749
f    649    749    750
f    649    750    650
f    650    750    751
f    650    751    653
f    650    653    652
f    650    652    651
f    653    751    752
f    653    752    753
f    653    753    655
f    653    655    654
f    655    753    754
f    655    754    656
f    657    656    754
f    657    754    755
f    657    755    756
f    657    756    659
f    657    659    658
f    756    757    660
f    756    660    659
f    660    757    758
f    660    758    759
f    660    759    663
f    660    663    662
f    660    662    661
f    663    759    760
f    663    760    761
f    663    761    665
f    663    665    664
f    665    761    762
f    665    762    763
f    665    763    667
f    665    667    666
f    667    763    764
f    667    764    765
f    667    765    766
f    667    766    767
f    667    767    669
f    667    669    668
f    669    767    768
f    669    768    671
f    669    671    670
f    671    768    769
f    671    769    770
f    671    770    771
f    671    771    673
f    671    673    672
f    673    771    772
f    673    772    675
f    673    675    674
f    675    772    773
f    675    773    774
f    675    774    677
f    675    677    676
f    774    680    569
f    774    569    568
f    774    568    679
f    774    679    678
f    774    678    677
f    773    775    683
f    773    683    682
f    773    682    681
f    773    681    680
f    773    680    774
f    776    777    778
f    776    778    779
f    776    779    685
f    776    685    684
f    776    684    683
f    776    683    775
f    685    779    687
f    685    687    686
f    687    779    778
f    687    778    780
f    687    780    781
f    687    781    689
f    687    689    688
f    689    781    692
f    689    692    691
f    689    691    690
f    692    781    780
f    692    780    782
f    692    782    783
f    692    783    693
f    693    783    784
f    693    784    696
f    693    696    695
f    693    695    694
f    696    784    785
f    696    785    786
f    696    786    787
f    696    787    697
f    699    698    697
f    699    697    787
f    699    787    788
f    699    788    700
f    700    788    789
f    700    789    790
f    700    790    791
f    700    791    701
f    701    791    792
f    701    792    703
f    701    703    702
f    704    703    792
f    704    792    793
f    704    793    794
f    704    794    706
f    704    706    705
f    706    794    795
f    706    795    796
f    706    796    708
f    706    708    707
f    708    796    797
f    708    797    798
f    708    798    710
f    708    710    709
f    710    798    799
f    710    799    800
f    710    800    714
f    710    714    711
f    800    801    802
f    800    802    718
f    800    718    715
f    800    715    714
f    803    804    805
f    803    805    802
f    803    802    801
f    802    805    806
f    802    806    722
f    802    722    719
f    802    719    718
f    807    808    809
f    807    809    810
f    807    810    811
f    807    811    806
f    807    806    805
f    807    805    804
f    722    806    811
f    722    811    812
f    722    812    723
f    811    810    813
f    811    813    814
f    811    814    812
f    723    812    814
f    723    814    815
f    723    815    727
f    723    727    724
f    728    727    815
f    728    815    816
f    728    816    731
f    728    731    730
f    728    730    729
f    816    817    818
f    816    818    819
f    816    819    732
f    816    732    731
f    732    819    820
f    732    820    735
f    732    735    734
f    732    734    733
f    736    735    820
f    736    820    821
f    736    821    822
f    736    822    737
f    737    822    823
f    737    823    824
f    737    824    739
f    737    739    738
f    739    824    825
f    739    825    742
f    739    742    741
f    739    741    740
f    742    825    826
f    742    826    827
f    742    827    828
f    742    828    744
f    742    744    743
f    744    828    829
f    744    829    830
f    744    830    746
f    744    746    745
f    747    746    830
f    747    830    831
f    747    831    749
f    747    749    748
f    832    831    830
f    832    830    829
f    832    829    833
f    832    833    834
f    832    834    835
f    749    831    832
f    749    832    752
f    749    752    751
f    749    751    750
f    754    753    752
f    754    752    832
f    754    832    835
f    754    835    836
f    754    836    755
f    835    834    837
f    835    837    838
f    835    838    836
f    755    836    838
f    755    838    839
f    755    839    758
f    755    758    757
f    755    757    756
f    839    840    841
f    839    841    842
f    839    842    760
f    839    760    759
f    839    759    758
f    760    842    843
f    760    843    762
f    760    762    761
f    762    843    844
f    762    844    845
f    762    845    846
f    762    846    764
f    762    764    763
f    764    846    847
f    764    847    848
f    764    848    765
f    765    848    849
f    765    849    850
f    765    850    851
f    765    851    766
f    766    851    852
f    766    852    769
f    766    769    768
f    766    768    767
f    769    852    853
f    769    853    854
f    769    854    770
f    770    854    776
f    770    776    775
f    770    775    773
f    770    773    772
f    770    772    771
f    853    855    856
f    853    856    777
f    853    777    776
f    853    776    854
f    857    858    859
f    857    859    860
f    857    860    861
f    857    861    856
f    857    856    855
f    856    861    862
f    856    862    782
f    856    782    780
f    856    780    778
f    856    778    777
f    860    863    864
f    860    864    865
f    860    865    862
f    860    862    861
f    782    862    865
f    782    865    785
f    782    785    784
f    782    784    783
f    785    865    864
f    785    864    866
f    785    866    786
f    787    786    866
f    787    866    867
f    787    867    789
f    787    789    788
f    789    867    868
f    789    868    869
f    789    869    870
f    789    870    790
f    792    791    790
f    792    790    870
f    792    870    871
f    792    871    793
f    793    871    872
f    793    872    873
f    793    873    795
f    793    795    794
f    795    873    874
f    795    874    875
f    795    875    797
f    795    797    796
f    797    875    876
f    797    876    877
f    797    877    799
f    797    799    798
f    799    877    878
f    799    878    879
f    799    879    803
f    799    803    801
f    799    801    800
f    879    880    881
f    879    881    807
f    879    807    804
f    879    804    803
f    881    882    883
f    881    883    808
f    881    808    807
f    883    884    809
f    883    809    808
f    885    884    883
f    885    883    882
f    885    882    886
f    885    886    887
f    813    810    809
f    813    809    884
f    813    884    885
f    815    814    813
f    815    813    885
f    815    885    887
f    815    887    888
f    815    888    817
f    815    817    816
f    888    889    890
f    888    890    818
f    888    818    817
f    820    819    818
f    820    818    890
f    820    890    891
f    820    891    892
f    820    892    893
f    820    893    821
f    821    893    894
f    821    894    895
f    821    895    823
f    821    823    822
f    823    895    896
f    823    896    897
f    823    897    826
f    823    826    825
f    823    825    824
f    826    897    898
f    826    898    899
f    826    899    900
f    826    900    827
f    829    828    827
f    829    827    900
f    829    900    901
f    829    901    833
f    902    901    900
f    902    900    899
f    902    899    903
f    902    903    904
f    833    901    902
f    833    902    837
f    833    837    834
f    838    837    902
f    838    902    904
f    838    904    840
f    838    840    839
f    904    903    905
f    904    905    906
f    904    906    841
f    904    841    840
f    841    906    907
f    841    907    844
f    841    844    843
f    841    843    842
f    844    907    908
f    844    908    909
f    844    909    910
f    844    910    845
f    845    910    911
f    845    911    912
f    845    912    847
f    845    847    846
f    911    913    914
f    911    914    915
f    911    915    916
f    911    916    912
f    847    912    916
f    847    916    917
f    847    917    849
f    847    849    848
f    849    917    918
f    849    918    919
f    849    919    850
f    850    919    857
f    850    857    855
f    850    855    853
f    850    853    852
f    850    852    851
f    918    920    921
f    918    921    858
f    918    858    857
f    918    857    919
f    921    922    923
f    921    923    924
f    921    924    859
f    921    859    858
f    859    924    925
f    859    925    926
f    859    926    863
f    859    863    860
f    926    925    927
f    926    927    928
f    926    928    929
f    926    929    930
f    866    864    863
f    866    863    926
f    866    926    930
f    866    930    868
f    866    868    867
f    868    930    929
f    868    929    931
f    868    931    869
f    870    869    931
f    870    931    932
f    870    932    872
f    870    872    871
f    872    932    933
f    872    933    934
f    872    934    874
f    872    874    873
f    874    934    935
f    874    935    936
f    874    936    876
f    874    876    875
f    876    936    937
f    876    937    938
f    876    938    878
f    876    878    877
f    878    938    939
f    878    939    940
f    878    940    880
f    878    880    879
f    940    941    886
f    940    886    882
f    940    882    881
f    940    881    880
f    939    942    943
f    939    943    944
f    939    944    941
f    939    941    940
f    887    886    941
f    887    941    944
f    887    944    889
f    887    889    888
f    890    889    944
f    890    944    943
f    890    943    945
f    890    945    891
f    891    945    946
f    891    946    947
f    891    947    892
f    892    947    948
f    892    948    949
f    892    949    894
f    892    894    893
f    894    949    950
f    894    950    951
f    894    951    952
f    894    952    896
f    894    896    895
f    896    952    953
f    896    953    954
f    896    954    898
f    896    898    897
f    954    953    955
f    954    955    956
f    954    956    957
f    899    898    954
f    899    954    957
f    899    957    905
f    899    905    903
f    905    957    956
f    905    956    908
f    905    908    907
f    905    907    906
f    908    956    955
f    908    955    958
f    908    958    959
f    908    959    909
f    909    959    960
f    909    960    961
f    909    961    962
f    909    962    913
f    909    913    911
f    909    911    910
f    961    963    964
f    961    964    965
f    961    965    962
f    962    965    966
f    962    966    967
f    962    967    914
f    962    914    913
f    914    967    968
f    914    968    969
f    914    969    915
f    916    915    969
f    916    969    920
f    916    920    918
f    916    918    917
f    969    968    970
f    969    970    971
f    969    971    922
f    969    922    921
f    969    921    920
f    971    972    973
f    971    973    974
f    971    974    975
f    971    975    923
f    971    923    922
f    923    975    927
f    923    927    925
f    923    925    924
f    928    927    975
f    928    975    974
f    928    974    976
f    928    976    977
f    928    977    978
f    931    929    928
f    931    928    978
f    931    978    933
f    931    933    932
f    933    978    977
f    933    977    979
f    933    979    935
f    933    935    934
f    935    979    980
f    935    980    981
f    935    981    982
f    935    982    937
f    935    937    936
f    937    982    983
f    937    983    942
f    937    942    939
f    937    939    938
f    981    984    985
f    981    985    983
f    981    983    982
f    983    985    946
f    983    946    945
f    983    945    943
f    983    943    942
f    946    985    984
f    946    984    986
f    946    986    948
f    946    948    947
f    948    986    987
f    948    987    988
f    948    988    950
f    948    950    949
f    950    988    989
f    950    989    990
f    950    990    991
f    950    991    951
f    991    990    992
f    991    992    993
f    991    993    994
f    955    953    952
f    955    952    951
f    955    951    991
f    955    991    994
f    955    994    958
f    958    994    993
f    958    993    995
f    958    995    960
f    958    960    959
f    960    995    996
f    960    996    997
f    960    997    963
f    960    963    961
f    997    998    999
f    997    999   1000
f    997   1000    964
f    997    964    963
f    964   1000   1001
f    964   1001   1002
f    964   1002    966
f    964    966    965
f    966   1002    970
f    966    970    968
f    966    968    967
f    970   1002   1001
f    970   1001   1003
f    970   1003    972
f    970    972    971
f   1003   1004   1005
f   1003   1005   1006
f   1003   1006    973
f   1003    973    972
f    974    973   1006
f    974   1006   1007
f    974   1007    976
f    977    976   1007
f    977   1007   1008
f    977   1008   1009
f    977   1009    980
f    977    980    979
f   1008   1010   1011
f   1008   1011   1009
f    980   1009   1011
f    980   1011    987
f    980    987    986
f    980    986    984
f    980    984    981
f   1011   1010   1012
f   1011   1012    989
f   1011    989    988
f   1011    988    987
f    989   1012   1013
f    989   1013   1014
f    989   1014    992
f    989    992    990
f    993    992   1014
f    993   1014   1015
f    993   1015   1016
f    993   1016    996
f    993    996    995
f    996   1016   1017
f    996   1017    998
f    996    998    997
f   1017   1018   1019
f   1017   1019    999
f   1017    999    998
f    999   1019   1004
f    999   1004   1003
f    999   1003   1001
f    999   1001   1000
f   1005   1004   1019
f   1005   1019   1018
f   1005   1018   1020
f   1005   1020   1021
f   1007   1006   1005
f   1007   1005   1021
f   1007   1021   1013
f   1007   1013   1012
f   1007   1012   1010
f   1007   1010   1008
f   1014   1013   1021
f   1014   1021   1020
f   1014   1020   1015
f   1015   1020   1018
f   1015   1018   1017
f   1015   1017   1016
f    317    425    424
f    317    424    423
f    317    423    531
f    317    531    536
f    317    536    541
f    317    541    542
f    317    542    546
f    317    546    426
f    317    426    319
f    317    319    318
