v 0.000000 0.000000 0.203030
v 0.076902 0.000000 0.195047
v 0.037605 0.055932 0.198540
v -0.037879 0.058203 0.206654
v -0.078718 0.000000 0.221919
v -0.037891 -0.058298 0.206994
v 0.037346 -0.053778 0.190841
v 0.167269 0.000000 0.198086
v 0.140431 0.074782 0.205735
v 0.074885 0.121016 0.192233
v 0.000000 0.132759 0.182618
v -0.075946 0.129808 0.206285
v -0.145058 0.087528 0.241016
v -0.176371 0.000000 0.258075
v -0.144920 -0.087149 0.239966
v -0.074494 -0.117777 0.187057
v 0.000000 -0.116843 0.160588
v 0.072604 -0.102116 0.162029
v 0.137609 -0.067009 0.184219
v 0.297389 0.000000 0.218687
v 0.249840 0.098004 0.185993
v 0.163284 0.149018 0.153011
v 0.076812 0.150627 0.118260
v 0.000000 0.164745 0.119541
v -0.079675 0.183714 0.144426
v -0.170720 0.184480 0.189650
v -0.251026 0.100328 0.190430
v -0.298404 0.000000 0.222173
v -0.260253 -0.118414 0.224956
v -0.170471 -0.183295 0.188426
v -0.079869 -0.185966 0.146206
v 0.000000 -0.177561 0.128905
v 0.078087 -0.165366 0.129916
v 0.161737 -0.141641 0.145388
v 0.248211 -0.094810 0.179895
v 0.450711 0.000000 0.130191
v 0.399789 0.154301 0.154522
v 0.256848 0.204362 0.108124
v 0.141238 0.180920 0.070121
v 0.057011 0.184672 0.061801
v -0.019127 0.205314 0.066881
v -0.102023 0.234814 0.083319
v -0.202754 0.239522 0.105841
v -0.328269 0.195456 0.133518
v -0.453089 0.082086 0.162128
v -0.432974 -0.066895 0.131983
v -0.314864 -0.161413 0.110150
v -0.199917 -0.224845 0.099323
v -0.102246 -0.237252 0.084189
v -0.019360 -0.218773 0.071293
v 0.058239 -0.207923 0.069638
v 0.144301 -0.203320 0.078864
v 0.251675 -0.185291 0.097980
v 0.377015 -0.118167 0.118170
v 0.541782 0.000000 0.000000
v 0.462416 0.147298 -0.000000
v 0.288051 0.186696 0.000000
v 0.163663 0.174538 0.000000
v 0.075933 0.180925 0.000000
v 0.000000 0.198107 0.000000
v -0.079282 0.230317 0.000000
v -0.176963 0.261895 0.000000
v -0.306815 0.250955 0.000000
v -0.458764 0.141987 0.000000
v -0.562269 0.000000 0.000000
v -0.472026 -0.161276 0.000000
v -0.300872 -0.230603 0.000000
v -0.177843 -0.267673 0.000000
v -0.081202 -0.258637 0.000000
v 0.000000 -0.240882 0.000000
v 0.079573 -0.234613 0.000000
v 0.173891 -0.241720 0.000000
v 0.298034 -0.220883 0.000000
v 0.448961 -0.127728 -0.000000
v 0.458715 0.000000 -0.141879
v 0.390399 0.139403 -0.139534
v 0.244577 0.159123 -0.084061
v 0.139913 0.171229 -0.066339
v 0.057074 0.185872 -0.062206
v -0.019197 0.209358 -0.068206
v -0.101338 0.227338 -0.080651
v -0.198647 0.218275 -0.096406
v -0.329678 0.199035 -0.135975
v -0.459714 0.087089 -0.172056
v -0.437962 -0.070661 -0.139457
v -0.318967 -0.171831 -0.117302
v -0.200582 -0.228284 -0.100850
v -0.103785 -0.254051 -0.090182
v -0.019641 -0.235056 -0.076632
v 0.059071 -0.223661 -0.074943
v 0.146682 -0.220731 -0.085659
v 0.256041 -0.201387 -0.106542
v 0.376617 -0.117536 -0.117535
v 0.293384 0.000000 -0.204921
v 0.253469 0.105118 -0.199572
v 0.161781 0.141850 -0.145605
v 0.077588 0.159598 -0.125355
v 0.000000 0.175895 -0.127688
v -0.079768 0.184798 -0.145283
v -0.165308 0.158673 -0.162987
v -0.257880 0.113763 -0.216076
v -0.301881 0.000000 -0.234125
v -0.249390 -0.097121 -0.184306
v -0.165029 -0.157341 -0.161610
v -0.080144 -0.189137 -0.148714
v 0.000000 -0.182386 -0.132430
v 0.078748 -0.173004 -0.135956
v 0.163284 -0.149018 -0.153010
v 0.252825 -0.103854 -0.197161
v 0.170495 0.000000 -0.219347
v 0.142137 0.079482 -0.218745
v 0.074181 0.115186 -0.182917
v 0.000000 0.128512 -0.176739
v -0.073966 0.113404 -0.180068
v -0.140889 0.076044 -0.209227
v -0.170281 0.000000 -0.217933
v -0.142405 -0.080221 -0.220789
v -0.075403 -0.125312 -0.199099
v 0.000000 -0.137733 -0.189503
v 0.074767 -0.120037 -0.190669
v 0.142268 -0.079843 -0.219743
v 0.078962 0.000000 -0.225520
v 0.038022 0.059386 -0.210885
v -0.038116 0.060166 -0.213671
v -0.078683 0.000000 -0.221388
v -0.038744 -0.065373 -0.232280
v 0.038917 -0.066803 -0.237390
v 0.000000 0.000000 -0.223726
v 0.478406 -0.061600 -0.061612
v 0.366774 -0.057887 -0.193340
v -0.506562 -0.034654 -0.068383
v -0.519917 0.039364 -0.077735
v -0.496897 -0.031245 0.061615
v -0.511958 0.036557 0.072162
v 0.468845 0.078863 -0.078884
v 0.469684 -0.079591 0.079617
v 0.480932 0.089357 0.089446
v -0.347212 0.088725 0.171206
v -0.354386 -0.097522 0.188277
v -0.374321 0.121965 -0.235708
v -0.343737 -0.084464 -0.162939
v 0.503906 0.061560 0.000000
v -0.514847 0.069041 0.000000
v -0.535347 -0.083060 0.000000
v 0.525627 -0.076413 0.000000
v 0.517814 0.000000 -0.071049
v 0.525775 0.000000 0.076519
v -0.397727 -0.173011 -0.063040
v -0.395114 0.167794 -0.061129
v -0.392967 -0.163508 0.059559
v -0.394240 0.166048 0.060490
v 0.383708 0.000000 0.190054
v 0.377026 0.174799 0.000000
v -0.384909 0.192768 0.000000
v -0.389168 -0.202475 0.000000
v 0.376177 -0.172864 0.000000
v 0.376530 0.000000 -0.173633
v 0.346113 0.186262 0.071035
v 0.339952 -0.170671 0.065057
v 0.339015 0.168302 -0.064148
v 0.339634 -0.169867 -0.064749
v 0.347338 0.072131 0.189476
v 0.342234 -0.067218 0.176502
v 0.341056 0.066085 -0.173509
v -0.373501 0.038921 0.190516
v -0.396982 0.050170 -0.245868
v -0.372369 -0.038379 -0.187846
v -0.372573 -0.038477 0.188329
v -0.457302 0.117001 -0.075789
v -0.460101 -0.120412 -0.078010
v -0.455999 0.115414 0.074755
v -0.453258 -0.112074 0.072579
v -0.241362 -0.163730 -0.139495
v -0.244633 0.174710 -0.148904
v -0.243684 -0.171526 0.146175
v -0.248731 0.188468 0.160694
v -0.393308 0.142785 -0.152752
v -0.378007 -0.119102 -0.127295
v -0.390001 0.137666 0.147251
v -0.380219 -0.122525 0.130974
v 0.543549 -0.044840 0.044883
v 0.516160 0.034753 0.034735
v 0.509998 0.032484 -0.032452
v 0.436968 0.160125 0.074923
v 0.415663 -0.125966 0.058860
v 0.411692 -0.119598 -0.055866
v 0.432812 0.153461 -0.071790
v 0.424744 0.065666 0.140564
v 0.417544 -0.060278 0.128965
v 0.424383 0.065396 -0.139983
v 0.417084 -0.059934 -0.128224
v 0.316944 -0.113809 0.159007
v 0.324265 -0.126786 -0.177242
v 0.322219 0.123159 -0.172145
v 0.324029 0.126368 0.176656
v 0.105051 -0.031982 -0.226578
v -0.104016 0.030389 -0.215222
v -0.478120 0.018566 0.109957
v -0.483613 0.019632 -0.116308
v 0.314056 0.149261 -0.107062
v 0.319200 -0.161944 -0.116216
v 0.316169 -0.154472 0.110823
v 0.327148 0.181538 0.130357
v -0.445333 0.000000 0.150831
v -0.448003 0.000000 -0.155099
v -0.490984 -0.095951 0.037171
v -0.487504 0.092585 -0.035859
v -0.498505 -0.103227 -0.040006
v -0.487626 0.092702 0.035905
v 0.385512 0.162175 -0.068127
v 0.376074 -0.143015 -0.060033
v 0.378481 -0.147900 0.062097
v 0.390876 0.173065 0.072728
v 0.380378 -0.063699 0.151768
v 0.382753 0.065720 -0.156612
v 0.390543 0.072348 0.172499
v 0.217708 -0.235305 -0.056572
v 0.205422 0.174144 -0.041789
v 0.215422 -0.223923 0.053821
v 0.207289 0.183439 0.044036
v 0.211508 0.050201 0.209432
v -0.214868 0.054223 0.226311
v -0.219085 -0.059272 0.247499
v 0.208582 -0.046699 0.194731
v 0.212815 0.051766 -0.215998
v -0.212922 0.051893 -0.216532
v -0.214241 -0.053473 -0.223163
v 0.211644 -0.050364 -0.210115
v 0.077297 0.061695 -0.213698
v -0.078267 -0.065728 -0.227755
v -0.417446 -0.021046 -0.186207
v -0.408168 -0.018996 0.167981
v -0.256713 0.255199 0.056371
v -0.249710 -0.225693 0.049823
v -0.252576 0.237770 -0.052503
v -0.250228 -0.227876 -0.050307
v 0.528725 -0.031441 -0.031452
v 0.426164 -0.088755 -0.088752
v 0.018454 -0.095977 -0.216323
v -0.018133 0.087639 -0.197419
v -0.416101 -0.116432 0.101057
v -0.425469 0.129417 -0.112394
v -0.417758 -0.118728 -0.103062
v -0.422950 0.125925 0.109346
v 0.255230 0.154404 0.154780
v 0.251912 -0.144702 0.144999
v 0.254610 -0.152592 -0.152953
v 0.250073 0.139326 -0.139579
v -0.138535 0.199245 -0.120603
v -0.141889 0.223060 0.135102
v -0.264927 0.216296 0.118819
v -0.257874 -0.191024 0.104866
v -0.260237 -0.199491 -0.109541
v -0.262704 0.208331 -0.114421
v -0.135245 -0.205540 -0.130832
v -0.136796 -0.216791 0.138033
f 1 2 3
f 1 3 4
f 1 4 5
f 1 5 6
f 1 6 7
f 1 7 2
f 2 8 9
f 2 9 3
f 3 9 10
f 3 10 11
f 3 11 4
f 4 11 12
f 4 12 13
f 4 13 5
f 5 13 14
f 5 14 15
f 5 15 6
f 6 15 16
f 6 16 17
f 6 17 7
f 7 17 18
f 7 18 19
f 7 19 2
f 2 19 8
f 8 20 221
f 8 221 9
f 9 21 22
f 9 22 10
f 10 22 23
f 10 23 11
f 11 23 24
f 11 24 25
f 11 25 12
f 12 25 26
f 12 26 13
f 13 26 27
f 13 222 14
f 14 222 28
f 14 28 223
f 14 223 15
f 15 29 30
f 15 30 16
f 16 30 31
f 16 31 17
f 17 31 32
f 17 32 33
f 17 33 18
f 18 33 34
f 18 34 19
f 19 34 35
f 19 224 8
f 8 224 20
f 216 188 37
f 162 37 195
f 195 37 203
f 21 245 22
f 22 38 39
f 22 39 23
f 23 39 40
f 23 40 24
f 24 40 41
f 24 41 25
f 25 41 42
f 250 42 43
f 250 43 26
f 176 251 44
f 176 44 27
f 27 44 138
f 27 138 28
f 232 204 46
f 28 139 29
f 29 139 47
f 29 47 175
f 175 252 48
f 256 48 49
f 256 49 31
f 31 49 50
f 31 50 32
f 32 50 51
f 32 51 33
f 33 51 52
f 33 52 34
f 34 52 53
f 34 53 246
f 192 53 202
f 35 163 20
f 152 189 36
f 137 142 56
f 137 184 37
f 37 213 158
f 37 158 203
f 220 57 58
f 220 58 39
f 39 58 59
f 39 59 40
f 40 59 60
f 40 60 41
f 41 60 61
f 41 61 42
f 42 61 62
f 42 62 43
f 43 62 233
f 251 233 44
f 151 154 64
f 151 64 171
f 134 143 65
f 134 65 133
f 133 144 206
f 46 172 241
f 150 155 67
f 252 234 48
f 48 234 68
f 48 68 49
f 49 68 69
f 49 69 50
f 50 69 70
f 50 70 51
f 51 70 71
f 51 71 52
f 52 71 72
f 52 72 219
f 219 72 73
f 53 159 202
f 54 212 185
f 54 185 136
f 136 145 181
f 146 75 135
f 135 190 76
f 153 160 57
f 57 160 77
f 57 77 218
f 218 77 78
f 58 78 59
f 59 78 79
f 59 79 60
f 60 79 80
f 60 80 61
f 61 80 81
f 61 81 62
f 62 81 82
f 62 235 63
f 63 235 83
f 63 83 149
f 149 177 242
f 64 169 207
f 131 199 85
f 131 85 170
f 148 178 86
f 148 86 67
f 67 86 236
f 67 236 68
f 68 87 88
f 68 88 69
f 69 88 89
f 69 89 70
f 70 89 90
f 70 90 71
f 71 90 91
f 71 91 72
f 217 91 92
f 217 92 73
f 73 92 161
f 156 186 74
f 145 237 55
f 146 129 75
f 215 164 76
f 194 164 95
f 194 95 248
f 248 95 96
f 77 96 78
f 78 96 97
f 78 97 79
f 79 97 98
f 79 98 80
f 80 98 99
f 80 99 81
f 81 99 249
f 249 99 100
f 82 100 174
f 174 100 101
f 177 140 84
f 84 140 166
f 84 166 205
f 167 102 141
f 178 141 86
f 173 103 104
f 173 104 87
f 87 104 255
f 255 104 105
f 88 105 89
f 89 105 106
f 89 106 90
f 90 106 107
f 90 107 91
f 91 107 108
f 91 108 92
f 247 108 109
f 247 109 193
f 193 109 130
f 130 109 94
f 94 225 95
f 95 225 111
f 95 111 96
f 96 111 112
f 96 112 97
f 97 112 113
f 97 113 98
f 98 113 99
f 99 113 114
f 99 114 100
f 100 114 115
f 100 115 101
f 101 115 226
f 101 226 102
f 102 227 103
f 103 227 117
f 103 117 104
f 104 117 118
f 104 118 105
f 105 118 119
f 105 119 106
f 106 119 107
f 107 119 120
f 107 120 108
f 108 120 121
f 108 121 109
f 109 121 228
f 109 228 94
f 110 122 111
f 111 229 112
f 112 229 123
f 112 123 113
f 113 123 240
f 240 123 124
f 114 124 115
f 115 124 197
f 197 124 125
f 116 125 117
f 117 230 118
f 118 230 126
f 118 126 119
f 119 126 239
f 239 126 127
f 120 127 121
f 121 127 196
f 196 127 122
f 122 128 123
f 123 128 124
f 124 128 125
f 125 128 126
f 126 128 127
f 127 128 122
f 74 186 129
f 129 191 75
f 157 130 94
f 191 130 75
f 144 208 66
f 132 199 131
f 65 132 131
f 143 132 65
f 46 133 172
f 204 198 46
f 45 134 198
f 171 209 134
f 56 135 187
f 142 135 56
f 36 136 147
f 189 136 36
f 188 137 37
f 36 147 137
f 138 179 45
f 138 45 165
f 168 46 139
f 139 180 47
f 83 101 140
f 140 101 102
f 141 102 103
f 141 103 86
f 182 55 142
f 183 135 142
f 134 209 143
f 64 207 143
f 133 65 144
f 65 131 144
f 136 74 145
f 74 129 145
f 183 146 135
f 55 237 146
f 147 136 181
f 147 55 182
f 155 148 67
f 170 243 148
f 64 149 169
f 154 149 64
f 47 150 67
f 180 150 47
f 179 244 45
f 44 63 151
f 162 216 37
f 20 163 152
f 37 184 213
f 56 187 153
f 151 63 154
f 63 149 154
f 150 66 155
f 66 148 155
f 54 159 212
f 73 161 156
f 190 215 76
f 75 130 157
f 158 153 57
f 158 57 38
f 53 73 159
f 159 73 156
f 153 210 160
f 160 76 200
f 161 92 201
f 161 93 211
f 20 162 21
f 20 152 162
f 192 54 163
f 163 54 214
f 157 94 164
f 164 94 95
f 168 232 46
f 138 165 28
f 166 140 102
f 166 102 167
f 85 167 141
f 231 167 85
f 28 168 139
f 28 165 168
f 169 149 242
f 169 84 132
f 66 170 148
f 208 170 66
f 45 171 134
f 244 171 45
f 172 133 206
f 172 66 150
f 86 173 253
f 86 103 173
f 83 174 101
f 82 174 254
f 30 175 48
f 29 175 30
f 26 176 27
f 26 43 176
f 149 83 177
f 83 140 177
f 148 243 178
f 85 141 178
f 138 44 179
f 44 151 179
f 139 46 180
f 46 241 180
f 181 145 55
f 147 181 55
f 137 182 142
f 147 182 137
f 55 183 142
f 55 146 183
f 137 56 184
f 184 56 153
f 185 156 74
f 185 74 136
f 211 93 186
f 186 238 129
f 187 135 76
f 187 210 153
f 152 36 188
f 36 137 188
f 214 54 189
f 54 136 189
f 135 75 190
f 75 157 190
f 129 238 191
f 93 130 191
f 35 192 163
f 246 53 192
f 93 193 130
f 92 193 201
f 76 194 200
f 76 164 194
f 21 195 245
f 162 195 21
f 110 196 122
f 121 196 110
f 116 197 125
f 115 197 116
f 198 134 133
f 198 133 46
f 132 84 199
f 199 84 205
f 200 194 77
f 160 200 77
f 201 193 93
f 161 201 93
f 202 159 54
f 192 202 54
f 203 158 38
f 195 203 38
f 165 45 204
f 45 198 204
f 205 231 85
f 199 205 85
f 206 144 66
f 172 206 66
f 207 169 132
f 207 132 143
f 144 131 208
f 131 170 208
f 171 64 209
f 209 64 143
f 187 76 210
f 210 76 160
f 156 211 186
f 161 211 156
f 212 159 156
f 212 156 185
f 213 184 153
f 213 153 158
f 152 214 189
f 163 214 152
f 190 157 215
f 157 164 215
f 162 152 216
f 152 188 216
f 72 217 73
f 72 91 217
f 58 218 78
f 57 218 58
f 53 219 73
f 52 219 53
f 38 220 39
f 38 57 220
f 221 20 21
f 221 21 9
f 13 27 222
f 222 27 28
f 223 28 29
f 223 29 15
f 19 35 224
f 224 35 20
f 94 110 225
f 225 110 111
f 226 115 116
f 226 116 102
f 102 116 227
f 227 116 117
f 228 121 110
f 228 110 94
f 111 122 229
f 229 122 123
f 117 125 230
f 230 125 126
f 205 166 231
f 166 167 231
f 168 165 232
f 165 204 232
f 233 62 63
f 233 63 44
f 47 67 234
f 234 67 68
f 62 82 235
f 235 82 254
f 236 86 253
f 236 87 68
f 145 129 237
f 237 129 146
f 186 93 238
f 238 93 191
f 120 239 127
f 119 239 120
f 114 240 124
f 113 240 114
f 241 172 150
f 241 150 180
f 242 177 84
f 169 242 84
f 170 85 243
f 243 85 178
f 179 151 244
f 151 171 244
f 245 195 38
f 245 38 22
f 35 246 192
f 34 246 35
f 92 247 193
f 92 108 247
f 77 248 96
f 194 248 77
f 82 249 100
f 81 249 82
f 25 250 26
f 25 42 250
f 176 43 251
f 43 233 251
f 175 47 252
f 47 234 252
f 253 173 87
f 236 253 87
f 254 174 83
f 235 254 83
f 88 255 105
f 87 255 88
f 30 256 31
f 30 48 256
