v 0.000000 0.000000 2.077743
v 0.218048 0.000000 2.074785
v 0.109209 0.189191 2.080093
v -0.108642 0.188193 2.068444
v -0.216379 0.000000 2.059631
v -0.108602 -0.188248 2.074913
v 0.108799 -0.188532 2.075385
v 0.439088 0.000000 2.070965
v 0.381004 0.219973 2.069811
v 0.220124 0.381095 2.066336
v 0.000000 0.439280 2.065098
v -0.217654 0.376896 2.045352
v -0.375136 0.216742 2.045707
v -0.432239 0.000000 2.038111
v -0.375205 -0.216640 2.039065
v -0.217437 -0.376770 2.050476
v 0.000000 -0.436107 2.058468
v 0.217925 -0.377577 2.053937
v 0.379504 -0.219318 2.072085
v 0.661730 0.000000 2.043652
v 0.628499 0.215898 2.051798
v 0.526987 0.410359 2.060249
v 0.366521 0.560965 2.061720
v 0.164739 0.650466 2.064105
v -0.055003 0.663306 2.042208
v -0.264396 0.602349 2.018442
v -0.441349 0.479587 2.008980
v -0.567366 0.307001 1.984004
v -0.636216 0.106164 1.984974
v -0.640045 -0.106817 1.998296
v -0.576502 -0.312304 2.028270
v -0.445306 -0.484050 2.030562
v -0.263502 -0.600672 2.017971
v -0.054218 -0.654758 2.027826
v 0.160612 -0.634204 2.012987
v 0.357690 -0.547275 2.008660
v 0.517908 -0.403128 2.020496
v 0.622480 -0.213711 2.026166
v 0.886394 0.000000 2.009610
v 0.858394 0.230258 2.007533
v 0.779510 0.451225 2.049349
v 0.640566 0.641615 2.052054
v 0.456186 0.790891 2.059356
v 0.236374 0.882023 2.049622
v 0.000000 0.904145 2.017812
v -0.231276 0.861800 1.990876
v -0.440091 0.761943 1.972592
v -0.612149 0.612131 1.944112
v -0.741539 0.428063 1.921626
v -0.826505 0.221434 1.920551
v -0.863728 0.000000 1.944266
v -0.845132 -0.226609 1.972350
v -0.767782 -0.443835 2.004409
v -0.632586 -0.633903 2.031302
v -0.444928 -0.771096 2.004869
v -0.229377 -0.856633 1.997695
v 0.000000 -0.882026 1.986003
v 0.227128 -0.847861 1.973590
v 0.437874 -0.758440 1.967237
v 0.619386 -0.619414 1.967874
v 0.761030 -0.439673 1.980692
v 0.851720 -0.228474 1.992231
v 1.105994 0.000000 1.938150
v 1.081602 0.230097 1.923868
v 1.019564 0.454492 1.945519
v 0.915087 0.665995 1.976863
v 0.764397 0.849358 1.983617
v 0.577919 1.000823 2.000311
v 0.359068 1.103539 1.998037
v 0.121417 1.152999 1.992223
v -0.119758 1.135683 1.950896
v -0.348737 1.070782 1.930839
v -0.552350 0.955027 1.895803
v -0.725711 0.805458 1.871979
v -0.865954 0.629098 1.853090
v -0.974462 0.434048 1.851928
v -1.049339 0.223232 1.866576
v -1.088400 0.000000 1.901404
v -1.082217 -0.230402 1.932720
v -1.027392 -0.458117 1.963442
v -0.923853 -0.672810 2.002433
v -0.767178 -0.853849 2.007840
v -0.569132 -0.986596 1.980177
v -0.349586 -1.077299 1.972593
v -0.117199 -1.116479 1.954833
v 0.116157 -1.106004 1.932460
v 0.342335 -1.054902 1.931319
v 0.550018 -0.952641 1.905126
v 0.734827 -0.816090 1.901878
v 0.888627 -0.645872 1.906350
v 1.006568 -0.448843 1.924080
v 1.082895 -0.230859 1.947867
v 1.311609 0.000000 1.808178
v 1.291980 0.234392 1.804512
v 1.238169 0.464483 1.815867
v 1.145991 0.683796 1.824553
v 1.025627 0.895876 1.872471
v 0.863326 1.081731 1.898121
v 0.667703 1.239692 1.930511
v 0.439541 1.350096 1.938103
v 0.191386 1.409092 1.935860
v -0.063503 1.409663 1.917823
v -0.310163 1.355243 1.891936
v -0.535731 1.250860 1.856337
v -0.732333 1.107915 1.816402
v -0.901108 0.942419 1.794048
v -1.040158 0.755925 1.772246
v -1.153614 0.555867 1.767809
v -1.243302 0.343646 1.789825
v -1.305173 0.117785 1.830088
v -1.327053 -0.119710 1.856405
v -1.308982 -0.361814 1.884318
v -1.248439 -0.602068 1.921337
v -1.142782 -0.832435 1.970368
v -0.986463 -1.035689 2.003262
v -0.778314 -1.181196 1.962401
v -0.550220 -1.289929 1.947169
v -0.307489 -1.349893 1.921731
v -0.061148 -1.363584 1.890456
v 0.181566 -1.342855 1.879832
v 0.414544 -1.277239 1.857134
v 0.630266 -1.170789 1.827002
v 0.827138 -1.036833 1.822521
v 0.996729 -0.870614 1.819454
v 1.135209 -0.678585 1.824857
v 1.237398 -0.465066 1.833087
v 1.298335 -0.236053 1.834468
v 1.519235 0.000000 1.679756
v 1.497252 0.236727 1.667536
v 1.449803 0.470136 1.674824
v 1.372284 0.697582 1.689016
v 1.266601 0.918260 1.718883
v 1.135152 1.134658 1.778846
v 0.965358 1.328768 1.824505
v 0.759775 1.490625 1.855376
v 0.522849 1.606427 1.863017
v 0.265414 1.670468 1.854476
v 0.000000 1.679189 1.832813
v -0.260736 1.639737 1.814229
v -0.506098 1.553594 1.794905
v -0.726175 1.423393 1.764730
v -0.918448 1.264415 1.737436
v -1.083238 1.084530 1.712350
v -1.223447 0.890242 1.693547
v -1.339814 0.683472 1.680830
v -1.437591 0.467895 1.694452
v -1.515434 0.240772 1.733247
v -1.561765 0.000000 1.767267
v -1.569822 -0.249156 1.784948
v -1.545005 -0.502553 1.814611
v -1.483167 -0.756690 1.861124
v -1.376093 -1.002343 1.913796
v -1.222217 -1.228327 1.968470
v -1.007545 -1.391741 1.938431
v -0.766682 -1.508715 1.901089
v -0.512549 -1.580836 1.862327
v -0.254733 -1.610814 1.822976
v 0.000000 -1.610523 1.801603
v 0.248761 -1.572394 1.776582
v 0.488247 -1.503750 1.761408
v 0.713244 -1.399531 1.742923
v 0.920987 -1.266987 1.735520
v 1.105112 -1.104423 1.729977
v 1.261556 -0.916414 1.730233
v 1.387511 -0.707787 1.740228
v 1.471506 -0.478796 1.731524
v 1.516587 -0.240492 1.716488
v 1.739821 0.000000 1.558788
v 1.714240 0.240456 1.542044
v 1.669427 0.477593 1.543808
v 1.600355 0.710647 1.554656
v 1.508281 0.940405 1.582398
v 1.390801 1.165713 1.625001
v 1.239369 1.375032 1.658689
v 1.053886 1.559127 1.678380
v 0.844523 1.728654 1.720024
v 0.603309 1.851989 1.735119
v 0.341537 1.930498 1.741597
v 0.068936 1.969068 1.756156
v -0.204850 1.944335 1.743404
v -0.465522 1.862416 1.710641
v -0.701623 1.731386 1.660540
v -0.909826 1.571133 1.612645
v -1.095073 1.399224 1.586849
v -1.259744 1.216307 1.575329
v -1.403729 1.020500 1.567619
v -1.529696 0.814397 1.571013
v -1.630932 0.594248 1.572049
v -1.714948 0.365220 1.595315
v -1.768198 0.123810 1.607690
v -1.807189 -0.126635 1.649630
v -1.809606 -0.384951 1.672879
v -1.787190 -0.650933 1.718653
v -1.726921 -0.919484 1.773522
v -1.621901 -1.182163 1.834460
v -1.470660 -1.429414 1.900855
v -1.252666 -1.613163 1.888345
v -0.996149 -1.732010 1.828590
v -0.729700 -1.810887 1.777648
v -0.462833 -1.862190 1.750526
v -0.196163 -1.871374 1.713158
v 0.064858 -1.863874 1.704296
v 0.319183 -1.814725 1.676821
v 0.563111 -1.734438 1.647534
v 0.797721 -1.636023 1.640887
v 1.017081 -1.507403 1.634931
v 1.214056 -1.346545 1.622117
v 1.391899 -1.167283 1.631117
v 1.535694 -0.959422 1.628808
v 1.650704 -0.736176 1.641734
v 1.709966 -0.490474 1.604373
v 1.748315 -0.246033 1.601169
v 1.973205 0.000000 1.423251
v 1.941952 0.249767 1.402907
v 1.899927 0.497018 1.407889
v 1.829323 0.738044 1.406445
v 1.737274 0.974652 1.418253
v 1.622470 1.206796 1.444226
v 1.475304 1.423275 1.461866
v 1.301950 1.625686 1.483748
v 1.106018 1.817991 1.521859
v 0.887874 2.003758 1.585771
v 0.635101 2.138997 1.618455
v 0.360312 2.228717 1.640452
v 0.072329 2.253918 1.633912
v -0.214953 2.225674 1.617227
v -0.488612 2.135942 1.577428
v -0.738713 2.000941 1.528905
v -0.960664 1.834566 1.479842
v -1.159861 1.658238 1.451716
v -1.341093 1.475636 1.443673
v -1.499854 1.276802 1.430842
v -1.639887 1.067439 1.421558
v -1.755396 0.844434 1.406941
v -1.855218 0.615400 1.412828
v -1.935101 0.376793 1.430903
v -1.988574 0.127628 1.445124
v -2.027346 -0.130148 1.475238
v -2.036493 -0.395981 1.494589
v -2.027058 -0.671747 1.536242
v -1.982168 -0.952967 1.584692
v -1.903721 -1.240618 1.659978
v -1.777356 -1.521381 1.742291
v -1.587903 -1.763737 1.790545
v -1.335385 -1.930676 1.767783
v -1.051046 -2.027355 1.703186
v -0.766811 -2.096304 1.662738
v -0.482523 -2.125964 1.620927
v -0.203333 -2.116440 1.571325
v 0.067047 -2.099547 1.553180
v 0.333580 -2.075040 1.563829
v 0.590492 -1.996924 1.537157
v 0.837685 -1.895601 1.517157
v 1.072379 -1.768626 1.501298
v 1.296280 -1.624454 1.505500
v 1.497570 -1.448607 1.505249
v 1.670077 -1.244584 1.502301
v 1.814359 -1.021606 1.511137
v 1.915657 -0.776133 1.507489
v 1.963914 -0.514870 1.473093
v 1.986887 -0.256211 1.456443
v 2.227534 0.000000 1.281500
v 2.187942 0.265080 1.256723
v 2.143101 0.526985 1.257550
v 2.065558 0.779978 1.244829
v 1.971991 1.030048 1.252211
v 1.857802 1.277460 1.276455
v 1.701712 1.499926 1.277069
v 1.525252 1.712250 1.289939
v 1.328767 1.915601 1.316300
v 1.116057 2.122243 1.372558
v 0.868151 2.286971 1.406829
v 0.597594 2.427021 1.449017
v 0.306828 2.537372 1.499422
v 0.000000 2.566661 1.509327
v -0.301468 2.485031 1.450341
v -0.587841 2.385009 1.418310
v -0.847796 2.232445 1.370905
v -1.076441 2.045283 1.318011
v -1.282509 1.853504 1.286566
v -1.475747 1.665643 1.284314
v -1.638777 1.450872 1.259429
v -1.791546 1.236110 1.253951
v -1.921883 1.007731 1.246474
v -2.033364 0.770613 1.250575
v -2.116250 0.521164 1.252287
v -2.176592 0.264020 1.258657
v -2.230186 0.000000 1.287911
v -2.262406 -0.274611 1.313308
v -2.273721 -0.559676 1.342347
v -2.256423 -0.853961 1.378073
v -2.204562 -1.155592 1.428266
v -2.111522 -1.460240 1.495351
v -1.956788 -1.742613 1.548388
v -1.742822 -1.983353 1.578895
v -1.473455 -2.153722 1.564028
v -1.172333 -2.250454 1.511355
v -0.873566 -2.321588 1.479417
v -0.573836 -2.344660 1.434994
v -0.281948 -2.335309 1.390671
v 0.000000 -2.313563 1.363875
v 0.276452 -2.289520 1.363275
v 0.549782 -2.243290 1.366401
v 0.818485 -2.169009 1.367966
v 1.077164 -2.058609 1.359642
v 1.321585 -1.915364 1.345831
v 1.560914 -1.762234 1.360332
v 1.772720 -1.569410 1.362426
v 1.948780 -1.342897 1.355136
v 2.083557 -1.091131 1.342746
v 2.188825 -0.830011 1.350667
v 2.225335 -0.547772 1.313716
v 2.244787 -0.272553 1.305185
v 2.484974 0.000000 1.105845
v 2.448441 0.280775 1.093786
v 2.398929 0.557210 1.089509
v 2.315584 0.823158 1.072158
v 2.227985 1.092016 1.086450
v 2.104295 1.348159 1.094980
v 1.947505 1.587028 1.099604
v 1.763959 1.808203 1.104400
v 1.566772 2.026787 1.127631
v 1.352788 2.243804 1.167566
v 1.100287 2.408675 1.177726
v 0.826757 2.542471 1.186472
v 0.539476 2.664402 1.213910
v 0.238607 2.795234 1.279044
v -0.078542 2.756170 1.239529
v -0.385104 2.678020 1.203821
v -0.677801 2.577470 1.184433
v -0.945949 2.427442 1.155484
v -1.182090 2.235892 1.116222
v -1.388888 2.025069 1.077935
v -1.587221 1.829619 1.072248
v -1.765526 1.619706 1.064447
v -1.930014 1.402360 1.062675
v -2.077650 1.173888 1.065377
v -2.204032 0.932559 1.072768
v -2.291604 0.673107 1.065481
v -2.352875 0.406903 1.058922
v -2.407479 0.137603 1.070819
v -2.447936 -0.139824 1.084835
v -2.483864 -0.429284 1.114149
v -2.499279 -0.732652 1.149549
v -2.493930 -1.054101 1.206381
v -2.424318 -1.370541 1.246304
v -2.287792 -1.665418 1.271253
v -2.082709 -1.915629 1.272090
v -1.844670 -2.138910 1.283503
v -1.561719 -2.297028 1.267185
v -1.252608 -2.384965 1.223148
v -0.954018 -2.466314 1.209917
v -0.653308 -2.503142 1.186702
v -0.356695 -2.495239 1.150069
v -0.070340 -2.473823 1.124242
v 0.209349 -2.448158 1.114944
v 0.484314 -2.397120 1.102688
v 0.762510 -2.355412 1.120255
v 1.041418 -2.289579 1.140049
v 1.311213 -2.179620 1.144792
v 1.574319 -2.043817 1.154321
v 1.834671 -1.891240 1.183036
v 2.063620 -1.689959 1.196104
v 2.243511 -1.441814 1.187355
v 2.376138 -1.167163 1.173029
v 2.465169 -0.879117 1.162136
v 2.488386 -0.577422 1.124313
v 2.502861 -0.287054 1.118985
v 2.736993 0.000000 0.897000
v 2.688216 0.297611 0.880123
v 2.643206 0.592715 0.883153
v 2.557507 0.876515 0.870308
v 2.464853 1.161700 0.879319
v 2.323793 1.424762 0.873929
v 2.157514 1.674603 0.875134
v 1.974070 1.917856 0.888569
v 1.763114 2.139938 0.899166
v 1.539536 2.361096 0.923889
v 1.287527 2.552238 0.941303
v 1.003058 2.682711 0.935848
v 0.709028 2.804213 0.945631
v 0.403646 2.923543 0.975260
v 0.081115 2.954130 0.974697
v -0.239136 2.885531 0.940253
v -0.549388 2.809968 0.926886
v -0.840407 2.682084 0.906468
v -1.114191 2.539801 0.900694
v -1.353935 2.345103 0.879879
v -1.567102 2.132411 0.860401
v -1.760690 1.913079 0.845806
v -1.937433 1.686848 0.833467
v -2.105277 1.459480 0.831452
v -2.267894 1.229417 0.846233
v -2.391551 0.972996 0.847031
v -2.474615 0.699876 0.836445
v -2.540884 0.423853 0.835276
v -2.595915 0.143125 0.841382
v -2.636215 -0.145103 0.846210
v -2.673163 -0.444442 0.862542
v -2.705181 -0.762547 0.897976
v -2.719788 -1.104718 0.953983
v -2.649651 -1.435162 0.983187
v -2.493590 -1.729637 0.987689
v -2.268868 -1.975200 0.975726
v -2.012646 -2.188971 0.971383
v -1.726405 -2.356479 0.962657
v -1.427113 -2.486287 0.955201
v -1.114696 -2.557671 0.932048
v -0.810124 -2.610497 0.918614
v -0.508344 -2.622082 0.896565
v -0.213258 -2.584698 0.858712
v 0.070088 -2.547921 0.835856
v 0.347792 -2.509589 0.825408
v 0.624860 -2.466719 0.825595
v 0.912159 -2.440154 0.852558
v 1.204021 -2.385420 0.878512
v 1.488378 -2.280781 0.889612
v 1.774408 -2.156319 0.910796
v 2.055779 -2.003128 0.939658
v 2.293448 -1.785368 0.945130
v 2.481457 -1.522765 0.938211
v 2.627430 -1.237795 0.935628
v 2.731905 -0.938248 0.940534
v 2.757582 -0.617906 0.917550
v 2.753319 -0.304800 0.901103
v 2.961882 0.000000 0.643284
v 2.888958 0.309063 0.620275
v 2.834607 0.613386 0.618435
v 2.761926 0.913974 0.619433
v 2.659527 1.206824 0.620859
v 2.521523 1.485551 0.621542
v 2.342201 1.738286 0.616698
v 2.140783 1.974204 0.615829
v 1.919102 2.191522 0.616932
v 1.687657 2.404683 0.626835
v 1.433206 2.591426 0.633741
v 1.162288 2.761139 0.643686
v 0.867272 2.881551 0.644449
v 0.560920 2.980856 0.649891
v 0.245134 3.076503 0.667651
v -0.081444 3.066862 0.659171
v -0.401989 3.003869 0.645821
v -0.714092 2.926130 0.643035
v -0.998827 2.767503 0.623301
v -1.261734 2.592651 0.610735
v -1.500129 2.397442 0.601005
v -1.720429 2.194760 0.597276
v -1.914606 1.968784 0.587573
v -2.101303 1.744810 0.585373
v -2.278653 1.514856 0.588594
v -2.437881 1.270394 0.593885
v -2.557455 1.001860 0.590282
v -2.651335 0.724028 0.588968
v -2.706363 0.435486 0.578195
v -2.758598 0.146597 0.576818
v -2.811674 -0.149231 0.583851
v -2.848429 -0.455957 0.591006
v -2.882612 -0.781142 0.613563
v -2.891017 -1.125900 0.646268
v -2.848438 -1.480155 0.682380
v -2.675789 -1.773276 0.679152
v -2.428731 -2.008373 0.662024
v -2.157628 -2.213134 0.653364
v -1.897047 -2.431033 0.673270
v -1.581705 -2.547926 0.659980
v -1.281938 -2.670162 0.665782
v -0.964903 -2.709797 0.646509
v -0.655371 -2.712005 0.622517
v -0.356560 -2.683021 0.595390
v -0.069796 -2.628757 0.566631
v 0.206526 -2.578794 0.548448
v 0.478626 -2.530213 0.539112
v 0.756473 -2.500857 0.547180
v 1.045518 -2.473040 0.566102
v 1.344985 -2.427218 0.588829
v 1.638597 -2.328766 0.600394
v 1.945479 -2.221776 0.625639
v 2.247514 -2.076556 0.652961
v 2.501745 -1.858512 0.662209
v 2.702808 -1.590468 0.662270
v 2.867289 -1.301195 0.669601
v 2.992288 -0.993977 0.684372
v 2.984049 -0.645928 0.652022
v 2.976935 -0.318762 0.642268
v 3.129023 0.000000 0.338841
v 3.051611 0.321700 0.328069
v 2.977824 0.634077 0.323227
v 2.895058 0.941984 0.322490
v 2.778149 1.237523 0.320509
v 2.645565 1.530368 0.324481
v 2.449435 1.779942 0.318535
v 2.234092 2.010545 0.315094
v 1.996121 2.213311 0.310830
v 1.755438 2.413908 0.312365
v 1.495133 2.586514 0.312318
v 1.223251 2.744685 0.314461
v 0.948734 2.928298 0.327374
v 0.638039 3.004013 0.323765
v 0.323332 3.079785 0.326939
v 0.000000 3.134476 0.332927
v -0.325285 3.098270 0.328842
v -0.644843 3.037422 0.327941
v -0.951367 2.933816 0.326810
v -1.235326 2.782250 0.323743
v -1.480842 2.568144 0.313369
v -1.708415 2.354760 0.307845
v -1.919376 2.135449 0.304482
v -2.117058 1.909527 0.302426
v -2.306409 1.678889 0.302989
v -2.466207 1.424053 0.299543
v -2.600816 1.156012 0.296187
v -2.718834 0.881711 0.296952
v -2.829508 0.601396 0.303930
v -2.896930 0.303973 0.303059
v -2.951896 0.000000 0.302799
v -2.976703 -0.310040 0.298557
v -2.994150 -0.628560 0.300397
v -2.993039 -0.959805 0.308644
v -3.007120 -1.330861 0.335714
v -2.871151 -1.648584 0.339125
v -2.610488 -1.878267 0.323070
v -2.347049 -2.096155 0.318570
v -2.083415 -2.310582 0.324887
v -1.796246 -2.485845 0.330421
v -1.489358 -2.605686 0.330178
v -1.184912 -2.698757 0.330082
v -0.865806 -2.693037 0.312227
v -0.565552 -2.680521 0.298116
v -0.279322 -2.672124 0.289761
v 0.000000 -2.639226 0.280321
v 0.273903 -2.605112 0.274859
v 0.544800 -2.553511 0.269494
v 0.820781 -2.512902 0.270885
v 1.106774 -2.471757 0.276962
v 1.407646 -2.425866 0.287807
v 1.713033 -2.344824 0.297381
v 2.041070 -2.260067 0.315651
v 2.368934 -2.132875 0.334946
v 2.647305 -1.923515 0.344049
v 2.872570 -1.658494 0.348643
v 3.072096 -1.372923 0.360132
v 3.139839 -1.022355 0.350777
v 3.139861 -0.667417 0.337436
v 3.144038 -0.331256 0.336725
v 3.217525 0.000000 0.000000
v 3.160141 0.334212 0.000000
v 3.095520 0.662903 0.000000
v 2.972391 0.970263 0.000000
v 2.844567 1.271786 0.000000
v 2.689990 1.560383 0.000000
v 2.458310 1.786258 0.000000
v 2.226707 2.001431 0.000000
v 1.987500 2.201984 0.000000
v 1.739984 2.388788 0.000000
v 1.484764 2.566607 0.000000
v 1.218330 2.734060 0.000000
v 0.940796 2.900427 0.000000
v 0.634421 2.984734 0.000000
v 0.323045 3.077334 0.000000
v 0.000000 3.135655 0.000000
v -0.326556 3.110418 0.000000
v -0.650611 3.066299 0.000000
v -0.964362 2.976805 0.000000
v -1.255564 2.830267 0.000000
v -1.508463 2.617727 0.000000
v -1.749069 2.413835 0.000000
v -1.963431 2.184797 0.000000
v -2.166891 1.953434 0.000000
v -2.368452 1.723449 0.000000
v -2.545631 1.470594 0.000000
v -2.701596 1.202757 0.000000
v -2.844899 0.925351 0.000000
v -2.932241 0.622392 0.000000
v -3.003852 0.314508 0.000000
v -3.075955 0.000000 0.000000
v -3.106173 -0.323270 0.000000
v -3.102185 -0.649723 0.000000
v -3.118730 -1.000699 0.000000
v -3.097733 -1.369434 0.000000
v -2.903423 -1.660475 0.000000
v -2.638853 -1.895743 0.000000
v -2.378481 -2.128278 0.000000
v -2.072460 -2.296893 0.000000
v -1.754380 -2.419111 0.000000
v -1.434501 -2.494146 0.000000
v -1.121598 -2.526741 0.000000
v -0.825585 -2.544105 0.000000
v -0.544950 -2.564673 0.000000
v -0.272221 -2.592289 0.000000
v 0.000000 -2.583385 0.000000
v 0.270769 -2.569778 0.000000
v 0.540552 -2.528808 0.000000
v 0.815648 -2.491406 0.000000
v 1.099167 -2.446111 0.000000
v 1.404786 -2.413447 0.000000
v 1.713749 -2.337437 0.000000
v 2.057012 -2.271825 0.000000
v 2.407119 -2.164140 0.000000
v 2.704013 -1.962633 0.000000
v 2.955330 -1.706332 0.000000
v 3.123457 -1.390508 0.000000
v 3.207914 -1.041487 0.000000
v 3.226448 -0.684926 0.000000
v 3.245281 -0.342034 0.000000
v 3.205081 0.000000 -0.341028
v 3.164156 0.334547 -0.345447
v 3.061541 0.654042 -0.338300
v 2.960256 0.967740 -0.338404
v 2.845683 1.278083 -0.343452
v 2.633620 1.527035 -0.327256
v 2.416966 1.759920 -0.317866
v 2.191692 1.976663 -0.312804
v 1.950248 2.167421 -0.307465
v 1.704631 2.347155 -0.305471
v 1.453704 2.519971 -0.306939
v 1.188568 2.671389 -0.308245
v 0.911799 2.808981 -0.311707
v 0.617707 2.906025 -0.312235
v 0.315722 3.008596 -0.319978
v 0.000000 3.064264 -0.324880
v -0.321165 3.060325 -0.325381
v -0.643503 3.036000 -0.329896
v -0.959706 2.967725 -0.334233
v -1.257117 2.840771 -0.334980
v -1.520950 2.648570 -0.328712
v -1.770382 2.452030 -0.327194
v -1.992154 2.224301 -0.322029
v -2.198704 1.987252 -0.317540
v -2.386098 1.735571 -0.311970
v -2.563616 1.479037 -0.309863
v -2.734566 1.216737 -0.313487
v -2.898494 0.943217 -0.323094
v -2.972886 0.629794 -0.313436
v -3.041024 0.317434 -0.309199
v -3.132560 0.000000 -0.317502
v -3.189456 -0.332507 -0.322912
v -3.206572 -0.674808 -0.327471
v -3.238665 -1.046738 -0.348730
v -3.139434 -1.390883 -0.352698
v -2.956303 -1.700177 -0.352105
v -2.690957 -1.949436 -0.344672
v -2.368669 -2.128326 -0.331503
v -2.022816 -2.243170 -0.315217
v -1.668009 -2.287087 -0.292036
v -1.335934 -2.296466 -0.268713
v -1.042137 -2.319010 -0.254588
v -0.773748 -2.360167 -0.249102
v -0.516117 -2.410222 -0.249250
v -0.260141 -2.462674 -0.253635
v 0.000000 -2.475606 -0.252673
v 0.262231 -2.479353 -0.253828
v 0.526192 -2.453953 -0.252353
v 0.798607 -2.434062 -0.256460
v 1.080877 -2.401239 -0.262211
v 1.388370 -2.382603 -0.277225
v 1.698882 -2.314581 -0.287552
v 2.037937 -2.245947 -0.307560
v 2.399959 -2.155362 -0.335093
v 2.709402 -1.965794 -0.349645
v 2.979178 -1.721212 -0.362766
v 3.167820 -1.412795 -0.367455
v 3.253808 -1.058032 -0.360942
v 3.264277 -0.693514 -0.349907
v 3.219898 -0.337765 -0.336800
v 3.144460 0.000000 -0.674760
v 3.040383 0.325165 -0.651563
v 2.952883 0.640203 -0.650903
v 2.867512 0.955301 -0.667013
v 2.714683 1.241000 -0.659903
v 2.510582 1.486958 -0.637184
v 2.287245 1.704538 -0.616133
v 2.053458 1.898560 -0.599113
v 1.816116 2.076833 -0.588277
v 1.579489 2.250640 -0.586947
v 1.331522 2.404532 -0.585059
v 1.071521 2.536359 -0.582548
v 0.806882 2.675678 -0.593762
v 0.524561 2.781427 -0.601085
v 0.230998 2.892383 -0.622393
v -0.077596 2.915436 -0.621281
v -0.391391 2.926109 -0.630387
v -0.707753 2.905857 -0.643653
v -1.022050 2.852293 -0.661194
v -1.316486 2.729687 -0.667017
v -1.582848 2.551506 -0.662771
v -1.834711 2.359552 -0.664047
v -2.044913 2.113904 -0.645137
v -2.235187 1.857736 -0.625511
v -2.409116 1.595278 -0.608481
v -2.584348 1.338298 -0.607495
v -2.765330 1.079498 -0.625508
v -2.935656 0.801771 -0.651953
v -3.014750 0.484539 -0.640643
v -3.086971 0.163707 -0.639905
v -3.168527 -0.168080 -0.658265
v -3.253939 -0.523543 -0.695838
v -3.323643 -0.910761 -0.749323
v -3.224232 -1.265538 -0.749323
v -3.095698 -1.621827 -0.770642
v -2.804062 -1.872433 -0.738191
v -2.450358 -2.040578 -0.691699
v -2.074609 -2.134549 -0.638244
v -1.693246 -2.147502 -0.569158
v -1.351460 -2.137115 -0.508730
v -1.058138 -2.145227 -0.471114
v -0.796363 -2.174106 -0.452238
v -0.550968 -2.222174 -0.449376
v -0.309893 -2.287551 -0.461532
v -0.063279 -2.359849 -0.484246
v 0.191644 -2.377226 -0.488804
v 0.454262 -2.393814 -0.501575
v 0.724638 -2.385975 -0.511557
v 1.009383 -2.374381 -0.529428
v 1.315406 -2.360198 -0.557918
v 1.617421 -2.281726 -0.569648
v 1.947675 -2.207787 -0.602800
v 2.306154 -2.121463 -0.655589
v 2.681381 -1.999826 -0.723296
v 2.976799 -1.766205 -0.758699
v 3.167907 -1.447559 -0.764253
v 3.250955 -1.080983 -0.745943
v 3.245279 -0.703415 -0.713545
v 3.184478 -0.340215 -0.678666
v 2.992232 0.000000 -0.971806
v 2.901506 0.321306 -0.951121
v 2.816609 0.633868 -0.959101
v 2.704655 0.935751 -0.968740
v 2.506339 1.188272 -0.923630
v 2.292559 1.412119 -0.884372
v 2.074138 1.615966 -0.858761
v 1.854966 1.807195 -0.847853
v 1.620319 1.967876 -0.829173
v 1.380297 2.109076 -0.812094
v 1.142807 2.253763 -0.813318
v 0.894979 2.384565 -0.818352
v 0.634804 2.499868 -0.827819
v 0.361504 2.600821 -0.844545
v 0.074199 2.690467 -0.872706
v -0.224629 2.706282 -0.876170
v -0.528990 2.706983 -0.894614
v -0.836151 2.680537 -0.922629
v -1.131113 2.590854 -0.937096
v -1.417444 2.475172 -0.960228
v -1.673200 2.296378 -0.960164
v -1.905178 2.085799 -0.952040
v -2.111349 1.847916 -0.933860
v -2.297774 1.595402 -0.915093
v -2.466773 1.332319 -0.901777
v -2.639731 1.070136 -0.916465
v -2.818108 0.798073 -0.959018
v -2.961724 0.495997 -0.993824
v -3.033711 0.167557 -0.992689
v -3.115030 -0.172215 -1.024133
v -3.208288 -0.539320 -1.095131
v -3.244790 -0.929339 -1.163719
v -3.121855 -1.283936 -1.161018
v -2.938230 -1.614282 -1.165571
v -2.580726 -1.806189 -1.067768
v -2.209416 -1.934563 -0.978372
v -1.797031 -1.941558 -0.837092
v -1.447561 -1.945033 -0.738742
v -1.154805 -1.970662 -0.685729
v -0.892938 -2.003178 -0.653132
v -0.651124 -2.048756 -0.640587
v -0.417191 -2.104932 -0.645084
v -0.182451 -2.178928 -0.672815
v 0.062565 -2.258355 -0.715675
v 0.318948 -2.291233 -0.737475
v 0.589169 -2.322282 -0.771562
v 0.873648 -2.330834 -0.804576
v 1.178426 -2.328681 -0.848080
v 1.472911 -2.243505 -0.852734
v 1.790611 -2.161201 -0.887411
v 2.157606 -2.098563 -0.977156
v 2.549095 -2.000774 -1.092241
v 2.850197 -1.771150 -1.143642
v 3.039609 -1.448345 -1.142527
v 3.112623 -1.074860 -1.099586
v 3.117131 -0.700620 -1.052908
v 3.076453 -0.340996 -1.013049
v 2.785069 0.000000 -1.237537
v 2.710243 0.311568 -1.226795
v 2.603832 0.607889 -1.215340
v 2.444466 0.874688 -1.173542
v 2.262612 1.114463 -1.133723
v 2.054711 1.320154 -1.085937
v 1.843901 1.506485 -1.055458
v 1.627383 1.672505 -1.032474
v 1.410620 1.827471 -1.022578
v 1.186162 1.963212 -1.011486
v 0.959959 2.098193 -1.018407
v 0.723500 2.223188 -1.033368
v 0.472873 2.330175 -1.051460
v 0.207541 2.412589 -1.070838
v -0.070100 2.445989 -1.074681
v -0.354029 2.453777 -1.087620
v -0.640087 2.428874 -1.106117
v -0.920018 2.359611 -1.120534
v -1.191283 2.259453 -1.141066
v -1.460215 2.146575 -1.183173
v -1.695824 1.967403 -1.185088
v -1.908549 1.757960 -1.175402
v -2.104386 1.531051 -1.166635
v -2.279949 1.286043 -1.158608
v -2.444668 1.030959 -1.168672
v -2.609911 0.766431 -1.211817
v -2.756110 0.478416 -1.264829
v -2.864361 0.164584 -1.308791
v -2.933707 -0.168781 -1.348284
v -3.009342 -0.527062 -1.440527
v -2.992261 -0.892257 -1.493948
v -2.832891 -1.213910 -1.462892
v -2.582424 -1.474960 -1.394982
v -2.259932 -1.653695 -1.289049
v -1.867743 -1.706478 -1.101892
v -1.534402 -1.752520 -0.984047
v -1.239763 -1.788554 -0.902338
v -0.980653 -1.832238 -0.857748
v -0.742628 -1.880727 -0.835066
v -0.515446 -1.935048 -0.831042
v -0.290646 -1.999494 -0.850058
v -0.059697 -2.076314 -0.895576
v 0.185641 -2.160794 -0.964322
v 0.446358 -2.208341 -1.014935
v 0.722084 -2.230357 -1.061291
v 1.012736 -2.225251 -1.105754
v 1.296298 -2.145239 -1.105549
v 1.597612 -2.062891 -1.139269
v 1.931305 -1.985079 -1.227059
v 2.289123 -1.882943 -1.354540
v 2.590777 -1.680920 -1.434021
v 2.776965 -1.376102 -1.429652
v 2.866868 -1.027642 -1.385507
v 2.876026 -0.669443 -1.320932
v 2.855718 -0.327807 -1.282602
v 2.531936 0.000000 -1.467268
v 2.439704 0.296405 -1.423217
v 2.338492 0.578176 -1.413521
v 2.179749 0.828205 -1.359483
v 1.999234 1.050008 -1.308558
v 1.803762 1.244973 -1.264974
v 1.596441 1.412915 -1.224469
v 1.390461 1.568534 -1.206349
v 1.181579 1.711593 -1.200019
v 0.966191 1.840458 -1.198638
v 0.745538 1.966889 -1.217531
v 0.508326 2.060422 -1.219993
v 0.259922 2.136403 -1.231590
v 0.000000 2.207968 -1.272354
v -0.269826 2.219253 -1.283315
v -0.541814 2.195138 -1.297492
v -0.808159 2.128234 -1.307036
v -1.068103 2.036216 -1.330798
v -1.318235 1.915403 -1.360583
v -1.537610 1.738168 -1.349212
v -1.745235 1.546746 -1.348936
v -1.930156 1.329575 -1.339492
v -2.100174 1.098140 -1.342566
v -2.260508 0.854434 -1.371541
v -2.399389 0.590186 -1.411684
v -2.521542 0.306456 -1.473483
v -2.609017 0.000000 -1.535968
v -2.666044 -0.326376 -1.614330
v -2.635894 -0.655945 -1.642474
v -2.513235 -0.961639 -1.620790
v -2.338969 -1.240594 -1.606562
v -2.062457 -1.433865 -1.500586
v -1.709263 -1.507141 -1.285405
v -1.406413 -1.570958 -1.154267
v -1.138480 -1.628929 -1.075634
v -0.896228 -1.686600 -1.033681
v -0.670692 -1.749153 -1.021645
v -0.451065 -1.813384 -1.029594
v -0.229770 -1.880052 -1.058541
v 0.000000 -1.951348 -1.113025
v 0.245979 -2.033118 -1.202485
v 0.507479 -2.070270 -1.262055
v 0.777073 -2.055657 -1.287702
v 1.055362 -2.011193 -1.312407
v 1.333927 -1.924647 -1.327241
v 1.631742 -1.834969 -1.394006
v 1.948511 -1.728125 -1.511068
v 2.214744 -1.532724 -1.573447
v 2.396241 -1.258366 -1.566773
v 2.520119 -0.955630 -1.555124
v 2.590321 -0.639065 -1.547507
v 2.583562 -0.313879 -1.506849
v 2.226797 0.000000 -1.619131
v 2.145949 0.276664 -1.571255
v 2.057335 0.541178 -1.570996
v 1.906960 0.773267 -1.507585
v 1.735952 0.977964 -1.449903
v 1.556491 1.162338 -1.415815
v 1.361080 1.318059 -1.376174
v 1.164126 1.460177 -1.358686
v 0.961479 1.586537 -1.349835
v 0.755000 1.707605 -1.364313
v 0.535564 1.805740 -1.372834
v 0.304421 1.882645 -1.384548
v 0.062354 1.945134 -1.416200
v -0.189719 1.966609 -1.435378
v -0.443493 1.940584 -1.438139
v -0.691952 1.876066 -1.438405
v -0.935926 1.792495 -1.463595
v -1.167611 1.674306 -1.484883
v -1.376242 1.513743 -1.478641
v -1.573791 1.337320 -1.486978
v -1.752924 1.137472 -1.494649
v -1.909260 0.915194 -1.502320
v -2.048616 0.677108 -1.531446
v -2.159975 0.419063 -1.567654
v -2.252804 0.144543 -1.634848
v -2.307873 -0.148629 -1.706599
v -2.279173 -0.445221 -1.712963
v -2.187260 -0.728193 -1.697452
v -2.060512 -0.998372 -1.713589
v -1.844393 -1.206519 -1.640099
v -1.559023 -1.323204 -1.463618
v -1.284830 -1.401527 -1.317502
v -1.038938 -1.472186 -1.233752
v -0.814310 -1.544196 -1.200839
v -0.600229 -1.617411 -1.201783
v -0.386586 -1.682967 -1.215695
v -0.169212 -1.747764 -1.253839
v 0.058139 -1.813753 -1.321009
v 0.300647 -1.867068 -1.399354
v 0.556058 -1.882089 -1.455374
v 0.814640 -1.842055 -1.469705
v 1.076140 -1.769993 -1.485148
v 1.342009 -1.674732 -1.525485
v 1.613995 -1.558360 -1.607816
v 1.851108 -1.377844 -1.656106
v 2.032448 -1.140486 -1.664375
v 2.163375 -0.872865 -1.667122
v 2.253007 -0.590480 -1.687569
v 2.285321 -0.295363 -1.694387
v 1.919071 0.000000 -1.731833
v 1.856569 0.261209 -1.697868
v 1.765931 0.507746 -1.678251
v 1.630575 0.727277 -1.622763
v 1.474718 0.922902 -1.578836
v 1.303210 1.095554 -1.547643
v 1.115090 1.239831 -1.510009
v 0.918963 1.362602 -1.480811
v 0.719392 1.475357 -1.479784
v 0.510044 1.569751 -1.486142
v 0.290280 1.646232 -1.505013
v 0.059262 1.697024 -1.528811
v -0.180225 1.714672 -1.552165
v -0.420071 1.681953 -1.549183
v -0.655482 1.618772 -1.556768
v -0.885075 1.531286 -1.584345
v -1.104185 1.413402 -1.615537
v -1.303562 1.258086 -1.626520
v -1.489672 1.081470 -1.651141
v -1.649107 0.874944 -1.662589
v -1.780868 0.645960 -1.675987
v -1.888167 0.400161 -1.711726
v -1.967961 0.137552 -1.772238
v -1.999191 -0.140056 -1.821523
v -1.947575 -0.414018 -1.793852
v -1.860069 -0.678073 -1.796634
v -1.716885 -0.915736 -1.779125
v -1.507194 -1.095762 -1.683270
v -1.263719 -1.214491 -1.540924
v -1.025923 -1.301412 -1.426965
v -0.804969 -1.380851 -1.371821
v -0.593866 -1.458326 -1.364159
v -0.383955 -1.532446 -1.389578
v -0.167902 -1.593707 -1.427033
v 0.057334 -1.641645 -1.478303
v 0.295322 -1.679435 -1.554335
v 0.545256 -1.684395 -1.620767
v 0.797818 -1.638350 -1.652344
v 1.048621 -1.553185 -1.680267
v 1.297458 -1.439375 -1.736049
v 1.516626 -1.269651 -1.761830
v 1.691427 -1.052747 -1.760307
v 1.828810 -0.811776 -1.775097
v 1.915869 -0.548733 -1.784069
v 1.952906 -0.274835 -1.788045
v 1.624347 0.000000 -1.812228
v 1.573691 0.249724 -1.787606
v 1.479840 0.481572 -1.742551
v 1.356555 0.692275 -1.705275
v 1.209361 0.880601 -1.680494
v 1.042460 1.045875 -1.667121
v 0.851024 1.172831 -1.619454
v 0.653304 1.282896 -1.603163
v 0.446025 1.372996 -1.604786
v 0.228354 1.442473 -1.625568
v 0.000000 1.476556 -1.639232
v -0.233807 1.475397 -1.655024
v -0.466250 1.433060 -1.663696
v -0.692363 1.356886 -1.680692
v -0.908867 1.249779 -1.708727
v -1.112758 1.112499 -1.745589
v -1.297463 0.942522 -1.779747
v -1.453718 0.739925 -1.802030
v -1.580601 0.512937 -1.834033
v -1.674066 0.265161 -1.882953
v -1.711753 0.000000 -1.903761
v -1.688817 -0.267399 -1.895983
v -1.618368 -0.526316 -1.898667
v -1.487787 -0.759007 -1.866396
v -1.304234 -0.947184 -1.786503
v -1.085924 -1.080778 -1.662470
v -0.865143 -1.181373 -1.564762
v -0.652223 -1.270116 -1.527560
v -0.441740 -1.352633 -1.543133
v -0.225714 -1.422603 -1.586975
v 0.000000 -1.465843 -1.627437
v 0.235855 -1.492257 -1.693528
v 0.483218 -1.493734 -1.777437
v 0.732947 -1.444627 -1.833162
v 0.977443 -1.350636 -1.884488
v 1.194390 -1.196345 -1.891668
v 1.371970 -0.995875 -1.874577
v 1.509441 -0.767975 -1.867435
v 1.598633 -0.519018 -1.859247
v 1.642813 -0.260551 -1.860377
v 1.345732 0.000000 -1.849449
v 1.305325 0.237192 -1.838820
v 1.217568 0.457336 -1.797952
v 1.095084 0.654302 -1.756079
v 0.949765 0.830554 -1.744713
v 0.780413 0.980317 -1.739377
v 0.588044 1.093188 -1.711621
v 0.383902 1.181405 -1.708933
v 0.168262 1.242219 -1.725731
v -0.056682 1.260660 -1.728071
v -0.284855 1.246696 -1.751803
v -0.508251 1.186716 -1.760707
v -0.721534 1.090239 -1.777797
v -0.924202 0.965108 -1.825317
v -1.104489 0.801286 -1.864687
v -1.254972 0.603358 -1.900638
v -1.365171 0.375983 -1.928492
v -1.420955 0.127453 -1.929518
v -1.433725 -0.128794 -1.962221
v -1.389776 -0.383682 -1.987759
v -1.283277 -0.618970 -1.976396
v -1.121077 -0.815159 -1.915208
v -0.921227 -0.961324 -1.812629
v -0.710601 -1.071702 -1.732952
v -0.499475 -1.164388 -1.715344
v -0.283384 -1.240521 -1.744712
v -0.057660 -1.284512 -1.773401
v 0.176165 -1.303354 -1.827487
v 0.418530 -1.294367 -1.912052
v 0.662271 -1.239098 -1.992101
v 0.881374 -1.109816 -1.987648
v 1.063098 -0.929151 -1.946797
v 1.204607 -0.718586 -1.915695
v 1.300250 -0.487125 -1.893859
v 1.349904 -0.244865 -1.884006
v 1.095227 0.000000 -1.888749
v 1.058986 0.225245 -1.881964
v 0.972066 0.432655 -1.839855
v 0.849612 0.616745 -1.810403
v 0.699379 0.776821 -1.811404
v 0.521240 0.903079 -1.808516
v 0.322843 0.993805 -1.811499
v 0.109850 1.044783 -1.816710
v -0.110759 1.052395 -1.822203
v -0.330991 1.016410 -1.833081
v -0.543863 0.939694 -1.859564
v -0.742871 0.823430 -1.903165
v -0.918526 0.666361 -1.951346
v -1.055977 0.469171 -1.980535
v -1.137750 0.240695 -1.965894
v -1.171180 0.000000 -1.978116
v -1.154846 -0.245025 -2.026004
v -1.081634 -0.482827 -2.078186
v -0.938421 -0.683556 -2.035897
v -0.753105 -0.836858 -1.954920
v -0.549700 -0.951591 -1.898752
v -0.337005 -1.037697 -1.893800
v -0.114265 -1.088750 -1.908150
v 0.115961 -1.106773 -1.953541
v 0.349794 -1.081442 -2.007317
v 0.578048 -1.007196 -2.064835
v 0.769878 -0.856406 -2.009408
v 0.922068 -0.668958 -1.959316
v 1.029611 -0.457420 -1.930001
v 1.088526 -0.231062 -1.913823
v 0.864276 0.000000 -1.934727
v 0.826260 0.221508 -1.926484
v 0.730212 0.421283 -1.886392
v 0.592458 0.591995 -1.873917
v 0.418588 0.724564 -1.874002
v 0.217400 0.810630 -1.877641
v 0.000000 0.846979 -1.894408
v -0.222015 0.827247 -1.910260
v -0.435877 0.753450 -1.937301
v -0.630745 0.629990 -1.990937
v -0.788543 0.454738 -2.032814
v -0.883402 0.235636 -2.006323
v -0.921320 0.000000 -2.021710
v -0.895609 -0.239605 -2.065924
v -0.803255 -0.464903 -2.109784
v -0.646191 -0.648524 -2.091146
v -0.446878 -0.775642 -2.029553
v -0.229079 -0.856597 -2.008307
v 0.000000 -0.890619 -2.023653
v 0.232889 -0.872772 -2.065120
v 0.453281 -0.788020 -2.075636
v 0.634399 -0.634272 -2.012988
v 0.767844 -0.442488 -1.971924
v 0.846417 -0.226500 -1.954510
v 0.641798 0.000000 -1.967937
v 0.602770 0.207034 -1.966634
v 0.498362 0.387762 -1.940162
v 0.345282 0.528402 -1.941111
v 0.155702 0.614712 -1.949668
v -0.052909 0.638281 -1.967931
v -0.261357 0.595589 -1.998114
v -0.449634 0.488476 -2.044157
v -0.589925 0.318595 -2.042375
v -0.665074 0.110547 -2.033272
v -0.668761 -0.111296 -2.057643
v -0.598238 -0.324002 -2.101979
v -0.456693 -0.497231 -2.099966
v -0.267055 -0.609782 -2.062970
v -0.054675 -0.660932 -2.055637
v 0.163520 -0.647584 -2.081055
v 0.363051 -0.556356 -2.055745
v 0.517903 -0.402659 -2.008197
v 0.613656 -0.210373 -1.982029
v 0.424824 0.000000 -1.990310
v 0.366570 0.211760 -1.997430
v 0.211928 0.367441 -2.004865
v 0.000000 0.428466 -2.026270
v -0.217192 0.376514 -2.053011
v -0.380411 0.219451 -2.057721
v -0.441677 0.000000 -2.059838
v -0.382046 -0.220421 -2.067867
v -0.219417 -0.380348 -2.073315
v 0.000000 -0.438115 -2.075971
v 0.217221 -0.376426 -2.049280
v 0.371878 -0.214504 -2.010288
v 0.212429 0.000000 -2.021312
v 0.106224 0.184104 -2.028253
v -0.107232 0.185719 -2.039839
v -0.216130 0.000000 -2.046218
v -0.107998 -0.187071 -2.055828
v 0.107205 -0.185708 -2.041343
v 0.000000 0.000000 -2.039550
f 1 2 3
f 1 3 4
f 1 4 5
f 1 5 6
f 1 6 7
f 1 7 2
f 2 8 9
f 2 9 3
f 3 9 10
f 3 10 11
f 3 11 4
f 4 11 12
f 4 12 13
f 4 13 5
f 5 13 14
f 5 14 15
f 5 15 6
f 6 15 16
f 6 16 17
f 6 17 7
f 7 17 18
f 7 18 19
f 7 19 2
f 2 19 8
f 8 20 21
f 8 21 9
f 9 21 22
f 9 22 23
f 9 23 10
f 10 23 24
f 10 24 11
f 11 24 25
f 11 25 26
f 11 26 12
f 12 26 27
f 12 27 13
f 13 27 28
f 13 28 29
f 13 29 14
f 14 29 30
f 14 30 31
f 14 31 15
f 15 31 32
f 15 32 16
f 16 32 33
f 16 33 34
f 16 34 17
f 17 34 35
f 17 35 18
f 18 35 36
f 18 36 37
f 18 37 19
f 19 37 38
f 19 38 8
f 8 38 20
f 20 39 40
f 20 40 21
f 21 40 41
f 21 41 22
f 22 41 42
f 22 42 23
f 23 42 43
f 23 43 44
f 23 44 24
f 24 44 45
f 24 45 25
f 25 45 46
f 25 46 26
f 26 46 47
f 26 47 27
f 27 47 48
f 27 48 49
f 27 49 28
f 28 49 50
f 28 50 29
f 29 50 51
f 29 51 30
f 30 51 52
f 30 52 31
f 31 52 53
f 31 53 54
f 31 54 32
f 32 54 55
f 32 55 33
f 33 55 56
f 33 56 34
f 34 56 57
f 34 57 35
f 35 57 58
f 35 58 59
f 35 59 36
f 36 59 60
f 36 60 37
f 37 60 61
f 37 61 38
f 38 61 62
f 38 62 20
f 20 62 39
f 39 63 64
f 39 64 40
f 40 64 65
f 40 65 41
f 41 65 66
f 41 66 42
f 42 66 67
f 42 67 43
f 43 67 68
f 43 68 69
f 43 69 44
f 44 69 70
f 44 70 45
f 45 70 71
f 45 71 46
f 46 71 72
f 46 72 47
f 47 72 73
f 47 73 74
f 47 74 48
f 48 74 75
f 48 75 49
f 49 75 76
f 49 76 50
f 50 76 77
f 50 77 51
f 51 77 78
f 51 78 79
f 51 79 52
f 52 79 80
f 52 80 53
f 53 80 81
f 53 81 54
f 54 81 82
f 54 82 55
f 55 82 83
f 55 83 84
f 55 84 56
f 56 84 85
f 56 85 57
f 57 85 86
f 57 86 58
f 58 86 87
f 58 87 59
f 59 87 88
f 59 88 89
f 59 89 60
f 60 89 90
f 60 90 61
f 61 90 91
f 61 91 62
f 62 91 92
f 62 92 39
f 39 92 63
f 63 93 94
f 63 94 64
f 64 94 95
f 64 95 65
f 65 95 96
f 65 96 66
f 66 96 97
f 66 97 67
f 67 97 98
f 67 98 68
f 68 98 99
f 68 99 69
f 69 99 100
f 69 100 101
f 69 101 70
f 70 101 102
f 70 102 71
f 71 102 103
f 71 103 72
f 72 103 104
f 72 104 73
f 73 104 105
f 73 105 74
f 74 105 106
f 74 106 75
f 75 106 107
f 75 107 108
f 75 108 76
f 76 108 109
f 76 109 77
f 77 109 110
f 77 110 78
f 78 110 111
f 78 111 79
f 79 111 112
f 79 112 80
f 80 112 113
f 80 113 81
f 81 113 114
f 81 114 115
f 81 115 82
f 82 115 116
f 82 116 83
f 83 116 117
f 83 117 84
f 84 117 118
f 84 118 85
f 85 118 119
f 85 119 86
f 86 119 120
f 86 120 87
f 87 120 121
f 87 121 122
f 87 122 88
f 88 122 123
f 88 123 89
f 89 123 124
f 89 124 90
f 90 124 125
f 90 125 91
f 91 125 126
f 91 126 92
f 92 126 127
f 92 127 63
f 63 127 93
f 93 128 129
f 93 129 94
f 94 129 130
f 94 130 95
f 95 130 131
f 95 131 96
f 96 131 132
f 96 132 97
f 97 132 133
f 97 133 98
f 98 133 134
f 98 134 99
f 99 134 135
f 99 135 100
f 100 135 136
f 100 136 137
f 100 137 101
f 101 137 138
f 101 138 102
f 102 138 139
f 102 139 103
f 103 139 140
f 103 140 104
f 104 140 141
f 104 141 105
f 105 141 142
f 105 142 106
f 106 142 143
f 106 143 107
f 107 143 144
f 107 144 145
f 107 145 108
f 108 145 146
f 108 146 109
f 109 146 147
f 109 147 110
f 110 147 148
f 110 148 111
f 111 148 149
f 111 149 112
f 112 149 150
f 112 150 113
f 113 150 151
f 113 151 114
f 114 151 152
f 114 152 153
f 114 153 115
f 115 153 154
f 115 154 116
f 116 154 155
f 116 155 117
f 117 155 156
f 117 156 118
f 118 156 157
f 118 157 119
f 119 157 158
f 119 158 120
f 120 158 159
f 120 159 121
f 121 159 160
f 121 160 161
f 121 161 122
f 122 161 162
f 122 162 123
f 123 162 163
f 123 163 124
f 124 163 164
f 124 164 125
f 125 164 165
f 125 165 126
f 126 165 166
f 126 166 127
f 127 166 167
f 127 167 93
f 93 167 128
f 128 168 169
f 128 169 129
f 129 169 170
f 129 170 130
f 130 170 171
f 130 171 131
f 131 171 172
f 131 172 132
f 132 172 173
f 132 173 133
f 133 173 174
f 133 174 134
f 134 174 175
f 134 175 135
f 135 175 176
f 135 176 136
f 136 176 177
f 136 177 178
f 136 178 137
f 137 178 179
f 137 179 138
f 138 179 180
f 138 180 139
f 139 180 181
f 139 181 140
f 140 181 182
f 140 182 141
f 141 182 183
f 141 183 142
f 142 183 184
f 142 184 143
f 143 184 185
f 143 185 144
f 144 185 186
f 144 186 187
f 144 187 145
f 145 187 188
f 145 188 146
f 146 188 189
f 146 189 147
f 147 189 190
f 147 190 148
f 148 190 191
f 148 191 149
f 149 191 192
f 149 192 150
f 150 192 193
f 150 193 151
f 151 193 194
f 151 194 195
f 151 195 152
f 152 195 196
f 152 196 153
f 153 196 197
f 153 197 154
f 154 197 198
f 154 198 155
f 155 198 199
f 155 199 156
f 156 199 200
f 156 200 157
f 157 200 201
f 157 201 158
f 158 201 202
f 158 202 159
f 159 202 203
f 159 203 160
f 160 203 204
f 160 204 205
f 160 205 161
f 161 205 206
f 161 206 162
f 162 206 207
f 162 207 163
f 163 207 208
f 163 208 164
f 164 208 209
f 164 209 165
f 165 209 210
f 165 210 166
f 166 210 211
f 166 211 167
f 167 211 212
f 167 212 168
f 167 168 128
f 168 213 214
f 168 214 169
f 169 214 215
f 169 215 170
f 170 215 216
f 170 216 171
f 171 216 217
f 171 217 172
f 172 217 218
f 172 218 173
f 173 218 219
f 173 219 174
f 174 219 220
f 174 220 175
f 175 220 221
f 175 221 176
f 176 221 222
f 176 222 177
f 177 222 223
f 177 223 178
f 178 223 224
f 178 224 179
f 179 224 225
f 179 225 226
f 179 226 180
f 180 226 227
f 180 227 181
f 181 227 228
f 181 228 182
f 182 228 229
f 182 229 183
f 183 229 230
f 183 230 184
f 184 230 231
f 184 231 185
f 185 231 232
f 185 232 186
f 186 232 233
f 186 233 187
f 187 233 234
f 187 234 188
f 188 234 235
f 188 235 189
f 189 235 236
f 189 236 190
f 190 236 237
f 190 237 238
f 190 238 191
f 191 238 239
f 191 239 192
f 192 239 240
f 192 240 193
f 193 240 241
f 193 241 194
f 194 241 242
f 194 242 195
f 195 242 243
f 195 243 196
f 196 243 244
f 196 244 197
f 197 244 245
f 197 245 198
f 198 245 246
f 198 246 199
f 199 246 247
f 199 247 200
f 200 247 248
f 200 248 201
f 201 248 249
f 201 249 250
f 201 250 202
f 202 250 251
f 202 251 203
f 203 251 252
f 203 252 204
f 204 252 253
f 204 253 205
f 205 253 254
f 205 254 206
f 206 254 255
f 206 255 207
f 207 255 256
f 207 256 208
f 208 256 257
f 208 257 209
f 209 257 258
f 209 258 210
f 210 258 259
f 210 259 211
f 211 259 260
f 211 260 212
f 212 260 261
f 212 261 168
f 168 261 213
f 213 262 263
f 213 263 214
f 214 263 264
f 214 264 215
f 215 264 265
f 215 265 216
f 216 265 266
f 216 266 217
f 217 266 267
f 217 267 218
f 218 267 268
f 218 268 219
f 219 268 269
f 219 269 220
f 220 269 270
f 220 270 221
f 221 270 271
f 221 271 222
f 222 271 272
f 222 272 223
f 223 272 273
f 223 273 224
f 224 273 274
f 224 274 225
f 225 274 275
f 225 275 226
f 226 275 276
f 226 276 227
f 227 276 277
f 227 277 228
f 228 277 278
f 228 278 229
f 229 278 279
f 229 279 280
f 229 280 230
f 230 280 281
f 230 281 231
f 231 281 282
f 231 282 232
f 232 282 283
f 232 283 233
f 233 283 284
f 233 284 234
f 234 284 285
f 234 285 235
f 235 285 286
f 235 286 236
f 236 286 287
f 236 287 237
f 237 287 288
f 237 288 238
f 238 288 289
f 238 289 239
f 239 289 290
f 239 290 240
f 240 290 291
f 240 291 241
f 241 291 292
f 241 292 242
f 242 292 293
f 242 293 243
f 243 293 294
f 243 294 244
f 244 294 295
f 244 295 245
f 245 295 296
f 245 296 297
f 245 297 246
f 246 297 298
f 246 298 247
f 247 298 299
f 247 299 248
f 248 299 300
f 248 300 249
f 249 300 301
f 249 301 250
f 250 301 302
f 250 302 251
f 251 302 303
f 251 303 252
f 252 303 304
f 252 304 253
f 253 304 305
f 253 305 254
f 254 305 306
f 254 306 255
f 255 306 307
f 255 307 256
f 256 307 308
f 256 308 257
f 257 308 309
f 257 309 258
f 258 309 310
f 258 310 259
f 259 310 311
f 259 311 260
f 260 311 312
f 260 312 261
f 261 312 313
f 261 313 213
f 213 313 262
f 262 314 315
f 262 315 263
f 263 315 316
f 263 316 264
f 264 316 317
f 264 317 265
f 265 317 318
f 265 318 266
f 266 318 319
f 266 319 267
f 267 319 320
f 267 320 268
f 268 320 321
f 268 321 269
f 269 321 322
f 269 322 270
f 270 322 323
f 270 323 271
f 271 323 324
f 271 324 272
f 272 324 325
f 272 325 273
f 273 325 326
f 273 326 274
f 274 326 327
f 274 327 275
f 275 327 328
f 275 328 276
f 276 328 329
f 276 329 277
f 277 329 330
f 277 330 278
f 278 330 331
f 278 331 279
f 279 331 332
f 279 332 333
f 279 333 280
f 280 333 334
f 280 334 281
f 281 334 335
f 281 335 282
f 282 335 336
f 282 336 283
f 283 336 337
f 283 337 284
f 284 337 338
f 284 338 285
f 285 338 339
f 285 339 286
f 286 339 340
f 286 340 287
f 287 340 341
f 287 341 288
f 288 341 342
f 288 342 289
f 289 342 343
f 289 343 290
f 290 343 344
f 290 344 291
f 291 344 345
f 291 345 292
f 292 345 346
f 292 346 293
f 293 346 347
f 293 347 294
f 294 347 348
f 294 348 295
f 295 348 349
f 295 349 296
f 296 349 350
f 296 350 351
f 296 351 297
f 297 351 352
f 297 352 298
f 298 352 353
f 298 353 299
f 299 353 354
f 299 354 300
f 300 354 355
f 300 355 301
f 301 355 356
f 301 356 302
f 302 356 357
f 302 357 303
f 303 357 358
f 303 358 304
f 304 358 359
f 304 359 305
f 305 359 360
f 305 360 306
f 306 360 361
f 306 361 307
f 307 361 362
f 307 362 308
f 308 362 363
f 308 363 309
f 309 363 364
f 309 364 310
f 310 364 365
f 310 365 311
f 311 365 366
f 311 366 312
f 312 366 367
f 312 367 313
f 313 367 368
f 313 368 262
f 262 368 314
f 314 369 370
f 314 370 315
f 315 370 371
f 315 371 316
f 316 371 372
f 316 372 317
f 317 372 373
f 317 373 318
f 318 373 374
f 318 374 319
f 319 374 375
f 319 375 320
f 320 375 376
f 320 376 321
f 321 376 377
f 321 377 322
f 322 377 378
f 322 378 323
f 323 378 379
f 323 379 324
f 324 379 380
f 324 380 325
f 325 380 381
f 325 381 326
f 326 381 382
f 326 382 327
f 327 382 383
f 327 383 328
f 328 383 384
f 328 384 329
f 329 384 385
f 329 385 330
f 330 385 386
f 330 386 331
f 331 386 387
f 331 387 332
f 332 387 388
f 332 388 333
f 333 388 389
f 333 389 334
f 334 389 390
f 334 390 335
f 335 390 391
f 335 391 336
f 336 391 392
f 336 392 337
f 337 392 393
f 337 393 338
f 338 393 394
f 338 394 339
f 339 394 395
f 339 395 340
f 340 395 396
f 340 396 341
f 341 396 397
f 341 397 398
f 341 398 342
f 342 398 399
f 342 399 343
f 343 399 400
f 343 400 344
f 344 400 401
f 344 401 345
f 345 401 402
f 345 402 346
f 346 402 403
f 346 403 347
f 347 403 404
f 347 404 348
f 348 404 405
f 348 405 349
f 349 405 406
f 349 406 350
f 350 406 407
f 350 407 351
f 351 407 408
f 351 408 352
f 352 408 409
f 352 409 353
f 353 409 410
f 353 410 354
f 354 410 411
f 354 411 355
f 355 411 412
f 355 412 356
f 356 412 413
f 356 413 357
f 357 413 414
f 357 414 358
f 358 414 415
f 358 415 359
f 359 415 416
f 359 416 360
f 360 416 417
f 360 417 361
f 361 417 418
f 361 418 362
f 362 418 419
f 362 419 363
f 363 419 420
f 363 420 364
f 364 420 421
f 364 421 365
f 365 421 422
f 365 422 366
f 366 422 423
f 366 423 367
f 367 423 424
f 367 424 368
f 368 424 425
f 368 425 314
f 314 425 369
f 369 426 427
f 369 427 370
f 370 427 428
f 370 428 371
f 371 428 429
f 371 429 372
f 372 429 430
f 372 430 373
f 373 430 431
f 373 431 374
f 374 431 432
f 374 432 375
f 375 432 433
f 375 433 376
f 376 433 434
f 376 434 377
f 377 434 435
f 377 435 378
f 378 435 436
f 378 436 379
f 379 436 437
f 379 437 380
f 380 437 438
f 380 438 381
f 381 438 439
f 381 439 382
f 382 439 440
f 382 440 383
f 383 440 441
f 383 441 384
f 384 441 442
f 384 442 385
f 385 442 443
f 385 443 386
f 386 443 444
f 386 444 387
f 387 444 445
f 387 445 388
f 388 445 446
f 388 446 389
f 389 446 447
f 389 447 390
f 390 447 448
f 390 448 391
f 391 448 449
f 391 449 392
f 392 449 450
f 392 450 393
f 393 450 451
f 393 451 394
f 394 451 452
f 394 452 395
f 395 452 453
f 395 453 396
f 396 453 454
f 396 454 397
f 397 454 455
f 397 455 456
f 397 456 398
f 398 456 457
f 398 457 399
f 399 457 458
f 399 458 400
f 400 458 459
f 400 459 401
f 401 459 460
f 401 460 402
f 402 460 461
f 402 461 403
f 403 461 462
f 403 462 404
f 404 462 463
f 404 463 405
f 405 463 464
f 405 464 406
f 406 464 465
f 406 465 407
f 407 465 466
f 407 466 408
f 408 466 467
f 408 467 409
f 409 467 468
f 409 468 410
f 410 468 469
f 410 469 411
f 411 469 470
f 411 470 412
f 412 470 471
f 412 471 413
f 413 471 472
f 413 472 414
f 414 472 473
f 414 473 415
f 415 473 474
f 415 474 416
f 416 474 475
f 416 475 417
f 417 475 476
f 417 476 418
f 418 476 477
f 418 477 419
f 419 477 478
f 419 478 420
f 420 478 479
f 420 479 421
f 421 479 480
f 421 480 422
f 422 480 481
f 422 481 423
f 423 481 482
f 423 482 424
f 424 482 483
f 424 483 425
f 425 483 484
f 425 484 369
f 369 484 426
f 426 485 486
f 426 486 427
f 427 486 487
f 427 487 428
f 428 487 488
f 428 488 429
f 429 488 489
f 429 489 430
f 430 489 490
f 430 490 431
f 431 490 491
f 431 491 432
f 432 491 492
f 432 492 433
f 433 492 493
f 433 493 434
f 434 493 494
f 434 494 435
f 435 494 495
f 435 495 436
f 436 495 496
f 436 496 437
f 437 496 497
f 437 497 438
f 438 497 498
f 438 498 439
f 439 498 499
f 439 499 440
f 440 499 500
f 440 500 441
f 441 500 501
f 441 501 442
f 442 501 502
f 442 502 443
f 443 502 503
f 443 503 444
f 444 503 504
f 444 504 445
f 445 504 505
f 445 505 446
f 446 505 506
f 446 506 447
f 447 506 507
f 447 507 448
f 448 507 508
f 448 508 449
f 449 508 509
f 449 509 450
f 450 509 510
f 450 510 451
f 451 510 511
f 451 511 452
f 452 511 512
f 452 512 453
f 453 512 513
f 453 513 454
f 454 513 514
f 454 514 455
f 455 514 515
f 455 515 456
f 456 515 516
f 456 516 457
f 457 516 517
f 457 517 458
f 458 517 518
f 458 518 459
f 459 518 519
f 459 519 460
f 460 519 520
f 460 520 461
f 461 520 521
f 461 521 462
f 462 521 522
f 462 522 463
f 463 522 523
f 463 523 464
f 464 523 524
f 464 524 465
f 465 524 525
f 465 525 466
f 466 525 526
f 466 526 467
f 467 526 527
f 467 527 468
f 468 527 528
f 468 528 469
f 469 528 529
f 469 529 470
f 470 529 530
f 470 530 471
f 471 530 531
f 471 531 472
f 472 531 532
f 472 532 473
f 473 532 533
f 473 533 474
f 474 533 534
f 474 534 475
f 475 534 535
f 475 535 476
f 476 535 536
f 476 536 477
f 477 536 537
f 477 537 478
f 478 537 538
f 478 538 479
f 479 538 539
f 479 539 480
f 480 539 540
f 480 540 481
f 481 540 541
f 481 541 482
f 482 541 542
f 482 542 483
f 483 542 543
f 483 543 484
f 484 543 544
f 484 544 426
f 426 544 485
f 485 545 486
f 486 545 546
f 486 546 487
f 487 546 547
f 487 547 488
f 488 547 548
f 488 548 489
f 489 548 549
f 489 549 490
f 490 549 550
f 490 550 491
f 491 550 551
f 491 551 492
f 492 551 552
f 492 552 493
f 493 552 553
f 493 553 494
f 494 553 554
f 494 554 495
f 495 554 555
f 495 555 496
f 496 555 556
f 496 556 497
f 497 556 557
f 497 557 498
f 498 557 558
f 498 558 499
f 499 558 559
f 499 559 500
f 500 559 560
f 500 560 501
f 501 560 561
f 501 561 502
f 502 561 562
f 502 562 503
f 503 562 563
f 503 563 504
f 504 563 564
f 504 564 505
f 505 564 565
f 505 565 506
f 506 565 566
f 506 566 507
f 507 566 567
f 507 567 508
f 508 567 568
f 508 568 509
f 509 568 569
f 509 569 510
f 510 569 570
f 510 570 511
f 511 570 571
f 511 571 512
f 512 571 572
f 512 572 513
f 513 572 573
f 513 573 514
f 514 573 574
f 514 574 515
f 515 574 575
f 515 575 516
f 516 575 576
f 516 576 517
f 517 576 577
f 517 577 518
f 518 577 578
f 518 578 519
f 519 578 579
f 519 579 520
f 520 579 580
f 520 580 521
f 521 580 581
f 521 581 522
f 522 581 582
f 522 582 523
f 523 582 583
f 523 583 524
f 524 583 584
f 524 584 525
f 525 584 585
f 525 585 526
f 526 585 586
f 526 586 527
f 527 586 587
f 527 587 528
f 528 587 588
f 528 588 529
f 529 588 589
f 529 589 530
f 530 589 590
f 530 590 531
f 531 590 591
f 531 591 532
f 532 591 592
f 532 592 533
f 533 592 593
f 533 593 534
f 534 593 594
f 534 594 535
f 535 594 595
f 535 595 536
f 536 595 596
f 536 596 537
f 537 596 597
f 537 597 538
f 538 597 598
f 538 598 539
f 539 598 599
f 539 599 540
f 540 599 600
f 540 600 541
f 541 600 601
f 541 601 542
f 542 601 602
f 542 602 543
f 543 602 603
f 543 603 544
f 544 603 604
f 544 604 485
f 485 604 545
f 545 605 546
f 546 605 606
f 546 606 547
f 547 606 607
f 547 607 548
f 548 607 608
f 548 608 549
f 549 608 609
f 549 609 550
f 550 609 610
f 550 610 551
f 551 610 611
f 551 611 552
f 552 611 612
f 552 612 553
f 553 612 613
f 553 613 554
f 554 613 614
f 554 614 555
f 555 614 615
f 555 615 556
f 556 615 616
f 556 616 557
f 557 616 617
f 557 617 558
f 558 617 618
f 558 618 559
f 559 618 619
f 559 619 560
f 560 619 620
f 560 620 561
f 561 620 621
f 561 621 562
f 562 621 622
f 562 622 563
f 563 622 623
f 563 623 564
f 564 623 624
f 564 624 565
f 565 624 625
f 565 625 566
f 566 625 626
f 566 626 567
f 567 626 627
f 567 627 568
f 568 627 628
f 568 628 569
f 569 628 629
f 569 629 570
f 570 629 630
f 570 630 571
f 571 630 631
f 571 631 572
f 572 631 632
f 572 632 573
f 573 632 633
f 573 633 574
f 574 633 634
f 574 634 575
f 575 634 635
f 575 635 576
f 576 635 636
f 576 636 577
f 577 636 637
f 577 637 578
f 578 637 638
f 578 638 579
f 579 638 639
f 579 639 580
f 580 639 640
f 580 640 581
f 581 640 641
f 581 641 582
f 582 641 642
f 582 642 583
f 583 642 643
f 583 643 584
f 584 643 644
f 584 644 585
f 585 644 645
f 585 645 586
f 586 645 646
f 586 646 587
f 587 646 647
f 587 647 588
f 588 647 648
f 588 648 589
f 589 648 649
f 589 649 590
f 590 649 650
f 590 650 591
f 591 650 651
f 591 651 592
f 592 651 652
f 592 652 593
f 593 652 653
f 593 653 594
f 594 653 654
f 594 654 595
f 595 654 655
f 595 655 596
f 596 655 656
f 596 656 597
f 597 656 657
f 597 657 598
f 598 657 658
f 598 658 599
f 599 658 659
f 599 659 600
f 600 659 660
f 600 660 601
f 601 660 661
f 601 661 602
f 602 661 662
f 602 662 603
f 603 662 663
f 603 663 604
f 604 663 664
f 604 664 545
f 545 664 605
f 605 665 606
f 606 665 666
f 606 666 607
f 607 666 667
f 607 667 608
f 608 667 668
f 608 668 609
f 609 668 669
f 609 669 610
f 610 669 670
f 610 670 611
f 611 670 671
f 611 671 612
f 612 671 672
f 612 672 613
f 613 672 673
f 613 673 614
f 614 673 674
f 614 674 615
f 615 674 675
f 615 675 616
f 616 675 676
f 616 676 617
f 617 676 677
f 617 677 618
f 618 677 678
f 618 678 619
f 619 678 679
f 619 679 620
f 620 679 680
f 620 680 621
f 621 680 681
f 621 681 622
f 622 681 682
f 622 682 623
f 623 682 683
f 623 683 624
f 624 683 684
f 624 684 625
f 625 684 685
f 625 685 626
f 626 685 686
f 626 686 627
f 627 686 687
f 627 687 628
f 628 687 688
f 628 688 629
f 629 688 689
f 629 689 630
f 630 689 690
f 630 690 631
f 631 690 691
f 631 691 632
f 632 691 692
f 632 692 633
f 633 692 693
f 633 693 634
f 634 693 694
f 634 694 635
f 635 694 695
f 635 695 636
f 636 695 696
f 636 696 637
f 637 696 697
f 637 697 638
f 638 697 698
f 638 698 639
f 639 698 699
f 639 699 640
f 640 699 700
f 640 700 641
f 641 700 701
f 641 701 642
f 642 701 702
f 642 702 643
f 643 702 703
f 643 703 644
f 644 703 704
f 644 704 645
f 645 704 705
f 645 705 646
f 646 705 706
f 646 706 647
f 647 706 707
f 647 707 648
f 648 707 708
f 648 708 649
f 649 708 709
f 649 709 650
f 650 709 710
f 650 710 651
f 651 710 711
f 651 711 652
f 652 711 712
f 652 712 653
f 653 712 713
f 653 713 654
f 654 713 714
f 654 714 655
f 655 714 715
f 655 715 656
f 656 715 716
f 656 716 657
f 657 716 717
f 657 717 658
f 658 717 718
f 658 718 659
f 659 718 719
f 659 719 660
f 660 719 720
f 660 720 661
f 661 720 721
f 661 721 662
f 662 721 722
f 662 722 663
f 663 722 723
f 663 723 664
f 664 723 605
f 605 723 665
f 665 724 666
f 666 724 725
f 666 725 667
f 667 725 726
f 667 726 668
f 668 726 727
f 668 727 669
f 669 727 728
f 669 728 670
f 670 728 729
f 670 729 671
f 671 729 730
f 671 730 672
f 672 730 731
f 672 731 673
f 673 731 732
f 673 732 674
f 674 732 733
f 674 733 675
f 675 733 734
f 675 734 676
f 676 734 735
f 676 735 677
f 677 735 736
f 677 736 678
f 678 736 737
f 678 737 679
f 679 737 738
f 679 738 680
f 680 738 739
f 680 739 681
f 681 739 740
f 681 740 682
f 682 740 741
f 682 741 683
f 683 741 742
f 683 742 684
f 684 742 743
f 684 743 685
f 685 743 744
f 685 744 686
f 686 744 745
f 686 745 687
f 687 745 746
f 687 746 688
f 688 746 747
f 688 747 689
f 689 747 748
f 689 748 690
f 690 748 749
f 690 749 691
f 691 749 750
f 691 750 692
f 692 750 751
f 692 751 693
f 693 751 752
f 693 752 694
f 694 752 695
f 695 752 753
f 695 753 696
f 696 753 754
f 696 754 697
f 697 754 755
f 697 755 698
f 698 755 756
f 698 756 699
f 699 756 757
f 699 757 700
f 700 757 758
f 700 758 701
f 701 758 759
f 701 759 702
f 702 759 760
f 702 760 703
f 703 760 761
f 703 761 704
f 704 761 762
f 704 762 705
f 705 762 763
f 705 763 706
f 706 763 764
f 706 764 707
f 707 764 765
f 707 765 708
f 708 765 766
f 708 766 709
f 709 766 767
f 709 767 710
f 710 767 768
f 710 768 711
f 711 768 769
f 711 769 712
f 712 769 770
f 712 770 713
f 713 770 771
f 713 771 714
f 714 771 772
f 714 772 715
f 715 772 773
f 715 773 716
f 716 773 774
f 716 774 717
f 717 774 775
f 717 775 718
f 718 775 776
f 718 776 719
f 719 776 777
f 719 777 720
f 720 777 778
f 720 778 721
f 721 778 779
f 721 779 722
f 722 779 780
f 722 780 723
f 723 780 665
f 665 780 724
f 724 781 725
f 725 781 782
f 725 782 726
f 726 782 783
f 726 783 727
f 727 783 784
f 727 784 728
f 728 784 785
f 728 785 729
f 729 785 786
f 729 786 730
f 730 786 787
f 730 787 731
f 731 787 788
f 731 788 732
f 732 788 789
f 732 789 733
f 733 789 790
f 733 790 734
f 734 790 791
f 734 791 735
f 735 791 792
f 735 792 736
f 736 792 793
f 736 793 737
f 737 793 794
f 737 794 738
f 738 794 795
f 738 795 739
f 739 795 796
f 739 796 740
f 740 796 797
f 740 797 741
f 741 797 798
f 741 798 742
f 742 798 799
f 742 799 743
f 743 799 800
f 743 800 744
f 744 800 801
f 744 801 745
f 745 801 802
f 745 802 746
f 746 802 803
f 746 803 747
f 747 803 804
f 747 804 748
f 748 804 805
f 748 805 749
f 749 805 806
f 749 806 750
f 750 806 807
f 750 807 751
f 751 807 808
f 751 808 752
f 752 808 753
f 753 808 809
f 753 809 754
f 754 809 810
f 754 810 755
f 755 810 811
f 755 811 756
f 756 811 812
f 756 812 757
f 757 812 813
f 757 813 758
f 758 813 814
f 758 814 759
f 759 814 815
f 759 815 760
f 760 815 816
f 760 816 761
f 761 816 817
f 761 817 762
f 762 817 818
f 762 818 763
f 763 818 819
f 763 819 764
f 764 819 820
f 764 820 765
f 765 820 821
f 765 821 766
f 766 821 822
f 766 822 767
f 767 822 823
f 767 823 768
f 768 823 824
f 768 824 769
f 769 824 825
f 769 825 770
f 770 825 826
f 770 826 771
f 771 826 827
f 771 827 772
f 772 827 828
f 772 828 773
f 773 828 829
f 773 829 774
f 774 829 830
f 774 830 775
f 775 830 831
f 775 831 776
f 776 831 832
f 776 832 777
f 777 832 833
f 777 833 778
f 778 833 834
f 778 834 779
f 779 834 835
f 779 835 780
f 780 835 724
f 724 835 781
f 781 836 782
f 782 836 837
f 782 837 783
f 783 837 838
f 783 838 784
f 784 838 839
f 784 839 785
f 785 839 840
f 785 840 786
f 786 840 841
f 786 841 787
f 787 841 842
f 787 842 788
f 788 842 843
f 788 843 789
f 789 843 844
f 789 844 790
f 790 844 845
f 790 845 791
f 791 845 846
f 791 846 792
f 792 846 847
f 792 847 793
f 793 847 848
f 793 848 794
f 794 848 849
f 794 849 795
f 795 849 850
f 795 850 796
f 796 850 851
f 796 851 797
f 797 851 852
f 797 852 798
f 798 852 853
f 798 853 799
f 799 853 800
f 800 853 854
f 800 854 801
f 801 854 855
f 801 855 802
f 802 855 856
f 802 856 803
f 803 856 857
f 803 857 804
f 804 857 858
f 804 858 805
f 805 858 859
f 805 859 806
f 806 859 860
f 806 860 807
f 807 860 861
f 807 861 808
f 808 861 862
f 808 862 809
f 809 862 863
f 809 863 810
f 810 863 864
f 810 864 811
f 811 864 865
f 811 865 812
f 812 865 866
f 812 866 813
f 813 866 867
f 813 867 814
f 814 867 868
f 814 868 815
f 815 868 869
f 815 869 816
f 816 869 870
f 816 870 817
f 817 870 818
f 818 870 871
f 818 871 819
f 819 871 872
f 819 872 820
f 820 872 873
f 820 873 821
f 821 873 874
f 821 874 822
f 822 874 875
f 822 875 823
f 823 875 876
f 823 876 824
f 824 876 877
f 824 877 825
f 825 877 878
f 825 878 826
f 826 878 879
f 826 879 827
f 827 879 880
f 827 880 828
f 828 880 881
f 828 881 829
f 829 881 882
f 829 882 830
f 830 882 883
f 830 883 831
f 831 883 884
f 831 884 832
f 832 884 885
f 832 885 833
f 833 885 886
f 833 886 834
f 834 886 887
f 834 887 835
f 835 887 781
f 781 887 836
f 836 888 837
f 837 888 889
f 837 889 838
f 838 889 890
f 838 890 839
f 839 890 891
f 839 891 840
f 840 891 892
f 840 892 841
f 841 892 893
f 841 893 842
f 842 893 894
f 842 894 843
f 843 894 895
f 843 895 844
f 844 895 896
f 844 896 845
f 845 896 897
f 845 897 846
f 846 897 898
f 846 898 847
f 847 898 899
f 847 899 848
f 848 899 900
f 848 900 849
f 849 900 901
f 849 901 850
f 850 901 902
f 850 902 851
f 851 902 903
f 851 903 852
f 852 903 904
f 852 904 853
f 853 904 854
f 854 904 905
f 854 905 855
f 855 905 906
f 855 906 856
f 856 906 907
f 856 907 857
f 857 907 908
f 857 908 858
f 858 908 909
f 858 909 859
f 859 909 910
f 859 910 860
f 860 910 911
f 860 911 861
f 861 911 912
f 861 912 862
f 862 912 913
f 862 913 863
f 863 913 914
f 863 914 864
f 864 914 915
f 864 915 865
f 865 915 916
f 865 916 866
f 866 916 917
f 866 917 867
f 867 917 918
f 867 918 868
f 868 918 919
f 868 919 869
f 869 919 920
f 869 920 870
f 870 920 871
f 871 920 921
f 871 921 872
f 872 921 922
f 872 922 873
f 873 922 923
f 873 923 874
f 874 923 924
f 874 924 875
f 875 924 925
f 875 925 876
f 876 925 926
f 876 926 877
f 877 926 927
f 877 927 878
f 878 927 928
f 878 928 879
f 879 928 929
f 879 929 880
f 880 929 930
f 880 930 881
f 881 930 931
f 881 931 882
f 882 931 932
f 882 932 883
f 883 932 933
f 883 933 884
f 884 933 934
f 884 934 885
f 885 934 935
f 885 935 886
f 886 935 936
f 886 936 887
f 887 936 836
f 836 936 888
f 888 937 889
f 889 937 938
f 889 938 890
f 890 938 939
f 890 939 891
f 891 939 940
f 891 940 892
f 892 940 941
f 892 941 893
f 893 941 942
f 893 942 894
f 894 942 943
f 894 943 895
f 895 943 944
f 895 944 896
f 896 944 945
f 896 945 897
f 897 945 946
f 897 946 898
f 898 946 947
f 898 947 899
f 899 947 948
f 899 948 900
f 900 948 901
f 901 948 949
f 901 949 902
f 902 949 950
f 902 950 903
f 903 950 951
f 903 951 904
f 904 951 952
f 904 952 905
f 905 952 953
f 905 953 906
f 906 953 954
f 906 954 907
f 907 954 955
f 907 955 908
f 908 955 956
f 908 956 909
f 909 956 957
f 909 957 910
f 910 957 958
f 910 958 911
f 911 958 959
f 911 959 912
f 912 959 913
f 913 959 960
f 913 960 914
f 914 960 961
f 914 961 915
f 915 961 962
f 915 962 916
f 916 962 963
f 916 963 917
f 917 963 964
f 917 964 918
f 918 964 965
f 918 965 919
f 919 965 966
f 919 966 920
f 920 966 967
f 920 967 921
f 921 967 968
f 921 968 922
f 922 968 969
f 922 969 923
f 923 969 970
f 923 970 924
f 924 970 925
f 925 970 971
f 925 971 926
f 926 971 972
f 926 972 927
f 927 972 973
f 927 973 928
f 928 973 974
f 928 974 929
f 929 974 975
f 929 975 930
f 930 975 976
f 930 976 931
f 931 976 977
f 931 977 932
f 932 977 978
f 932 978 933
f 933 978 979
f 933 979 934
f 934 979 980
f 934 980 935
f 935 980 981
f 935 981 936
f 936 981 937
f 936 937 888
f 937 982 938
f 938 982 983
f 938 983 939
f 939 983 984
f 939 984 940
f 940 984 985
f 940 985 941
f 941 985 986
f 941 986 942
f 942 986 987
f 942 987 943
f 943 987 988
f 943 988 944
f 944 988 989
f 944 989 945
f 945 989 946
f 946 989 990
f 946 990 947
f 947 990 991
f 947 991 948
f 948 991 992
f 948 992 949
f 949 992 993
f 949 993 950
f 950 993 994
f 950 994 951
f 951 994 995
f 951 995 952
f 952 995 996
f 952 996 953
f 953 996 997
f 953 997 954
f 954 997 955
f 955 997 998
f 955 998 956
f 956 998 999
f 956 999 957
f 957 999 1000
f 957 1000 958
f 958 1000 1001
f 958 1001 959
f 959 1001 1002
f 959 1002 960
f 960 1002 1003
f 960 1003 961
f 961 1003 1004
f 961 1004 962
f 962 1004 1005
f 962 1005 963
f 963 1005 964
f 964 1005 1006
f 964 1006 965
f 965 1006 1007
f 965 1007 966
f 966 1007 1008
f 966 1008 967
f 967 1008 1009
f 967 1009 968
f 968 1009 1010
f 968 1010 969
f 969 1010 1011
f 969 1011 970
f 970 1011 1012
f 970 1012 971
f 971 1012 1013
f 971 1013 972
f 972 1013 973
f 973 1013 1014
f 973 1014 974
f 974 1014 1015
f 974 1015 975
f 975 1015 1016
f 975 1016 976
f 976 1016 1017
f 976 1017 977
f 977 1017 1018
f 977 1018 978
f 978 1018 1019
f 978 1019 979
f 979 1019 1020
f 979 1020 980
f 980 1020 1021
f 980 1021 981
f 981 1021 937
f 937 1021 982
f 982 1022 983
f 983 1022 1023
f 983 1023 984
f 984 1023 1024
f 984 1024 985
f 985 1024 1025
f 985 1025 986
f 986 1025 1026
f 986 1026 987
f 987 1026 1027
f 987 1027 988
f 988 1027 1028
f 988 1028 989
f 989 1028 990
f 990 1028 1029
f 990 1029 991
f 991 1029 1030
f 991 1030 992
f 992 1030 1031
f 992 1031 993
f 993 1031 1032
f 993 1032 994
f 994 1032 1033
f 994 1033 995
f 995 1033 1034
f 995 1034 996
f 996 1034 1035
f 996 1035 997
f 997 1035 998
f 998 1035 1036
f 998 1036 999
f 999 1036 1037
f 999 1037 1000
f 1000 1037 1038
f 1000 1038 1001
f 1001 1038 1039
f 1001 1039 1002
f 1002 1039 1040
f 1002 1040 1003
f 1003 1040 1041
f 1003 1041 1004
f 1004 1041 1042
f 1004 1042 1005
f 1005 1042 1006
f 1006 1042 1043
f 1006 1043 1007
f 1007 1043 1044
f 1007 1044 1008
f 1008 1044 1045
f 1008 1045 1009
f 1009 1045 1046
f 1009 1046 1010
f 1010 1046 1047
f 1010 1047 1011
f 1011 1047 1048
f 1011 1048 1012
f 1012 1048 1049
f 1012 1049 1013
f 1013 1049 1014
f 1014 1049 1050
f 1014 1050 1015
f 1015 1050 1051
f 1015 1051 1016
f 1016 1051 1052
f 1016 1052 1017
f 1017 1052 1053
f 1017 1053 1018
f 1018 1053 1054
f 1018 1054 1019
f 1019 1054 1055
f 1019 1055 1020
f 1020 1055 1056
f 1020 1056 1021
f 1021 1056 982
f 982 1056 1022
f 1022 1057 1023
f 1023 1057 1058
f 1023 1058 1024
f 1024 1058 1059
f 1024 1059 1025
f 1025 1059 1060
f 1025 1060 1026
f 1026 1060 1061
f 1026 1061 1027
f 1027 1061 1062
f 1027 1062 1028
f 1028 1062 1029
f 1029 1062 1063
f 1029 1063 1030
f 1030 1063 1064
f 1030 1064 1031
f 1031 1064 1065
f 1031 1065 1032
f 1032 1065 1066
f 1032 1066 1033
f 1033 1066 1067
f 1033 1067 1034
f 1034 1067 1068
f 1034 1068 1035
f 1035 1068 1036
f 1036 1068 1069
f 1036 1069 1037
f 1037 1069 1070
f 1037 1070 1038
f 1038 1070 1071
f 1038 1071 1039
f 1039 1071 1072
f 1039 1072 1040
f 1040 1072 1073
f 1040 1073 1041
f 1041 1073 1074
f 1041 1074 1042
f 1042 1074 1043
f 1043 1074 1075
f 1043 1075 1044
f 1044 1075 1076
f 1044 1076 1045
f 1045 1076 1077
f 1045 1077 1046
f 1046 1077 1078
f 1046 1078 1047
f 1047 1078 1079
f 1047 1079 1048
f 1048 1079 1080
f 1048 1080 1049
f 1049 1080 1050
f 1050 1080 1081
f 1050 1081 1051
f 1051 1081 1082
f 1051 1082 1052
f 1052 1082 1083
f 1052 1083 1053
f 1053 1083 1084
f 1053 1084 1054
f 1054 1084 1085
f 1054 1085 1055
f 1055 1085 1086
f 1055 1086 1056
f 1056 1086 1022
f 1022 1086 1057
f 1057 1087 1058
f 1058 1087 1088
f 1058 1088 1059
f 1059 1088 1089
f 1059 1089 1060
f 1060 1089 1090
f 1060 1090 1061
f 1061 1090 1062
f 1062 1090 1091
f 1062 1091 1063
f 1063 1091 1092
f 1063 1092 1064
f 1064 1092 1093
f 1064 1093 1065
f 1065 1093 1094
f 1065 1094 1066
f 1066 1094 1067
f 1067 1094 1095
f 1067 1095 1068
f 1068 1095 1096
f 1068 1096 1069
f 1069 1096 1097
f 1069 1097 1070
f 1070 1097 1098
f 1070 1098 1071
f 1071 1098 1072
f 1072 1098 1099
f 1072 1099 1073
f 1073 1099 1100
f 1073 1100 1074
f 1074 1100 1101
f 1074 1101 1075
f 1075 1101 1102
f 1075 1102 1076
f 1076 1102 1077
f 1077 1102 1103
f 1077 1103 1078
f 1078 1103 1104
f 1078 1104 1079
f 1079 1104 1105
f 1079 1105 1080
f 1080 1105 1106
f 1080 1106 1081
f 1081 1106 1082
f 1082 1106 1107
f 1082 1107 1083
f 1083 1107 1108
f 1083 1108 1084
f 1084 1108 1109
f 1084 1109 1085
f 1085 1109 1110
f 1085 1110 1086
f 1086 1110 1057
f 1057 1110 1087
f 1087 1111 1088
f 1088 1111 1112
f 1088 1112 1089
f 1089 1112 1113
f 1089 1113 1090
f 1090 1113 1114
f 1090 1114 1091
f 1091 1114 1092
f 1092 1114 1115
f 1092 1115 1093
f 1093 1115 1116
f 1093 1116 1094
f 1094 1116 1117
f 1094 1117 1095
f 1095 1117 1118
f 1095 1118 1096
f 1096 1118 1097
f 1097 1118 1119
f 1097 1119 1098
f 1098 1119 1120
f 1098 1120 1099
f 1099 1120 1121
f 1099 1121 1100
f 1100 1121 1122
f 1100 1122 1101
f 1101 1122 1102
f 1102 1122 1123
f 1102 1123 1103
f 1103 1123 1124
f 1103 1124 1104
f 1104 1124 1125
f 1104 1125 1105
f 1105 1125 1126
f 1105 1126 1106
f 1106 1126 1107
f 1107 1126 1127
f 1107 1127 1108
f 1108 1127 1128
f 1108 1128 1109
f 1109 1128 1129
f 1109 1129 1110
f 1110 1129 1087
f 1087 1129 1111
f 1111 1130 1112
f 1112 1130 1131
f 1112 1131 1113
f 1113 1131 1114
f 1114 1131 1132
f 1114 1132 1115
f 1115 1132 1133
f 1115 1133 1116
f 1116 1133 1117
f 1117 1133 1134
f 1117 1134 1118
f 1118 1134 1135
f 1118 1135 1119
f 1119 1135 1120
f 1120 1135 1136
f 1120 1136 1121
f 1121 1136 1122
f 1122 1136 1137
f 1122 1137 1123
f 1123 1137 1138
f 1123 1138 1124
f 1124 1138 1125
f 1125 1138 1139
f 1125 1139 1126
f 1126 1139 1140
f 1126 1140 1127
f 1127 1140 1128
f 1128 1140 1141
f 1128 1141 1129
f 1129 1141 1111
f 1111 1141 1130
f 1130 1142 1131
f 1131 1142 1132
f 1132 1142 1143
f 1132 1143 1133
f 1133 1143 1134
f 1134 1143 1144
f 1134 1144 1135
f 1135 1144 1136
f 1136 1144 1145
f 1136 1145 1137
f 1137 1145 1138
f 1138 1145 1146
f 1138 1146 1139
f 1139 1146 1140
f 1140 1146 1147
f 1140 1147 1141
f 1141 1147 1130
f 1130 1147 1142
f 1142 1148 1143
f 1143 1148 1144
f 1144 1148 1145
f 1145 1148 1146
f 1146 1148 1147
f 1147 1148 1142

