v    -0.029790     0.079331     0.634468
v    -0.029790     0.010023     0.641294
v     0.021696    -0.041462     0.641294
v     0.031972    -0.041462     0.640282
v     0.022950     0.026592     0.634468
v    -0.042093     0.128397     0.628424
v    -0.127093     0.043397     0.628424
v    -0.090577     0.010023     0.635307
v    -0.087524    -0.013012     0.633339
v     0.021696    -0.122232     0.633339
v     0.026552    -0.141596     0.630954
v     0.071773    -0.096375     0.630954
v     0.073965    -0.079842     0.632366
v     0.078693    -0.079842     0.630932
v     0.074485    -0.024495     0.625254
v     0.035176     0.070406     0.625254
v     0.031803     0.131355     0.615788
v     0.014696     0.148462     0.615788
v    -0.042093     0.132615     0.627730
v    -0.009938     0.209248     0.600444
v    -0.059987     0.229979     0.600444
v    -0.059987     0.169976     0.618645
v    -0.073894     0.262737     0.588759
v    -0.176770     0.220125     0.588759
v    -0.179682     0.212939     0.590573
v    -0.175328     0.202160     0.594390
v    -0.175402     0.200837     0.594595
v    -0.132145     0.045817     0.627195
v    -0.221892     0.088598     0.594595
v    -0.223242     0.070839     0.596417
v    -0.195870     0.047306     0.607677
v    -0.192362     0.045817     0.608929
v    -0.128178    -0.109138     0.608929
v    -0.115752    -0.114174     0.612065
v    -0.057266    -0.172659     0.612065
v     0.026552    -0.149270     0.629692
v    -0.047976    -0.195584     0.606278
v     0.040104    -0.232068     0.606278
v     0.040104    -0.177565     0.622812
v     0.042354    -0.237368     0.604388
v     0.102956    -0.212266     0.604388
v     0.095143    -0.192923     0.611237
v     0.095734    -0.182243     0.612896
v     0.122536    -0.117536     0.612896
v     0.123048    -0.117698     0.612645
v     0.160596    -0.117698     0.592576
v     0.109301     0.073736     0.592576
v     0.106956     0.116076     0.586000
v     0.089328     0.133319     0.590539
v     0.070337     0.217232     0.562984
v    -0.007024     0.294593     0.562984
v    -0.014625     0.325393     0.551016
v    -0.071002     0.305412     0.569771
v    -0.073894     0.296240     0.574259
v    -0.010975     0.398344     0.511500
v    -0.060730     0.411676     0.511500
v    -0.071002     0.393921     0.522462
v    -0.174287     0.366245     0.522462
v    -0.177952     0.360038     0.525255
v    -0.176581     0.332635     0.540099
v    -0.180121     0.318290     0.545672
v    -0.245230     0.253182     0.545672
v    -0.253765     0.215467     0.558057
v    -0.254779     0.214476     0.557796
v    -0.256364     0.185859     0.562240
v    -0.278375     0.103711     0.562240
v    -0.280411     0.074621     0.565318
v    -0.273873     0.070839     0.569354
v    -0.240494    -0.053736     0.569354
v    -0.233207    -0.058039     0.572633
v    -0.179187    -0.110879     0.586540
v    -0.178225    -0.115130     0.585144
v    -0.049619    -0.243735     0.585144
v    -0.049034    -0.246108     0.584222
v    -0.025231    -0.270443     0.577957
v     0.042354    -0.246489     0.600440
v    -0.014407    -0.288771     0.569711
v     0.045209    -0.304745     0.569711
v     0.045209    -0.255540     0.596011
v     0.049219    -0.311678     0.565431
v     0.113279    -0.294513     0.565431
v     0.106531    -0.277274     0.575611
v     0.104360    -0.213669     0.603529
v     0.116149    -0.296656     0.563303
v     0.180327    -0.232479     0.563303
v     0.171741    -0.220984     0.571826
v     0.157709    -0.215490     0.580113
v     0.192873    -0.142117     0.571826
v     0.176697    -0.127012     0.582636
v     0.239576    -0.153834     0.535411
v     0.322571    -0.153834     0.467298
v     0.272809     0.096339     0.467298
v     0.260794     0.105884     0.475600
v     0.257188     0.109804     0.477467
v     0.244564     0.165349     0.459267
v     0.086067     0.402556     0.459267
v     0.078145     0.435279     0.446474
v     0.009919     0.429488     0.484656
v     0.099567     0.504647     0.384284
v     0.018688     0.558689     0.384284
v     0.006680     0.507052     0.428621
v    -0.050913     0.486255     0.455091
v    -0.060730     0.447125     0.485601
v     0.014243     0.579314     0.368082
v    -0.025946     0.587308     0.368082
v    -0.050913     0.555500     0.398263
v    -0.141964     0.537389     0.398263
v    -0.154213     0.521971     0.408917
v    -0.162428     0.483847     0.438862
v    -0.170091     0.466745     0.449858
v    -0.229541     0.427022     0.449858
v    -0.246710     0.388220     0.470168
v    -0.239624     0.365273     0.490740
v    -0.250819     0.319034     0.508818
v    -0.282642     0.271408     0.508818
v    -0.295972     0.212756     0.528036
v    -0.306909     0.200865     0.522373
v    -0.307983     0.185704     0.524557
v    -0.330164     0.074192     0.524557
v    -0.282119     0.074192     0.563987
v    -0.340337     0.066207     0.514905
v    -0.355123     0.049695     0.500074
v    -0.335745    -0.047725     0.500074
v    -0.326835    -0.049645     0.507073
v    -0.325638    -0.050181     0.507843
v    -0.197401    -0.242102     0.507843
v    -0.189307    -0.245683     0.512079
v    -0.178309    -0.256682     0.512079
v    -0.177087    -0.256977     0.512557
v    -0.012736    -0.366793     0.512557
v    -0.011391    -0.361009     0.517523
v     0.049219    -0.339123     0.545379
v    -0.006337    -0.396490     0.489230
v     0.051496    -0.407993     0.489230
v     0.051496    -0.348198     0.538303
v     0.068572    -0.429749     0.468588
v     0.141008    -0.415341     0.468588
v     0.132169    -0.377329     0.501227
v     0.134401    -0.323862     0.539853
v     0.175279    -0.439878     0.433335
v     0.275028    -0.373228     0.433335
v     0.234126    -0.332327     0.484042
v     0.228388    -0.264723     0.521876
v     0.292797    -0.378715     0.417404
v     0.348196    -0.295806     0.417404
v     0.333536    -0.275330     0.438466
v     0.278856    -0.262615     0.485416
v     0.352959    -0.177686     0.438466
v     0.449532     0.078781     0.272525
v     0.366017    -0.177686     0.423784
v     0.408915    -0.187379     0.373383
v     0.512871    -0.187379     0.246713
v     0.474153     0.057073     0.246713
v     0.453630     0.079374     0.267417
v     0.444815     0.114643     0.256788
v     0.270475     0.456805     0.256788
v     0.262342     0.487192     0.245619
v     0.254752     0.495651     0.247398
v     0.100634     0.505714     0.382651
v     0.240597     0.527425     0.230855
v     0.105829     0.662193     0.230855
v     0.091845     0.640312     0.264529
v     0.044380     0.636092     0.297504
v     0.105069     0.677354     0.213704
v     0.057014     0.701840     0.213704
v     0.047803     0.696923     0.224859
v     0.042193     0.658106     0.273242
v    -0.016903     0.638862     0.308095
v    -0.025946     0.598839     0.355118
v     0.009347     0.703014     0.224859
v     0.004684     0.699874     0.229585
v    -0.016903     0.680773     0.257026
v    -0.084736     0.670030     0.257026
v    -0.108244     0.648396     0.278850
v    -0.118327     0.628922     0.300633
v    -0.135207     0.605401     0.323304
v    -0.179214     0.582978     0.323304
v    -0.202060     0.550477     0.347521
v    -0.203271     0.526332     0.374835
v    -0.226225     0.477809     0.405287
v    -0.249265     0.454769     0.405287
v    -0.275108     0.396757     0.435490
v    -0.272213     0.386555     0.447787
v    -0.287726     0.328590     0.469092
v    -0.336802     0.232273     0.469092
v    -0.345613     0.197019     0.479716
v    -0.371689     0.162487     0.458121
v    -0.394411     0.137797     0.435199
v    -0.409467     0.042738     0.435199
v    -0.385911     0.042738     0.463902
v    -0.453739    -0.007297     0.371597
v    -0.477659    -0.042818     0.335595
v    -0.472887    -0.072944     0.335595
v    -0.421146    -0.065466     0.400086
v    -0.377365    -0.069816     0.448338
v    -0.495876    -0.116011     0.283434
v    -0.431800    -0.241767     0.283434
v    -0.412390    -0.242740     0.305391
v    -0.391554    -0.229425     0.337455
v    -0.194932    -0.460197     0.305391
v    -0.185824    -0.457614     0.316368
v    -0.167102    -0.428318     0.361453
v    -0.016106    -0.414894     0.466352
v    -0.015324    -0.544488     0.316368
v    -0.008157    -0.494900     0.378175
v     0.068572    -0.469914     0.423428
v    -0.012365    -0.550203     0.309976
v     0.072433    -0.563633     0.309976
v     0.072433    -0.487001     0.403353
v     0.098183    -0.586418     0.277243
v     0.202532    -0.569891     0.277243
v     0.196385    -0.527364     0.330249
v     0.200379    -0.487167     0.374551
v     0.242416    -0.591181     0.228936
v     0.359384    -0.531583     0.228936
v     0.338867    -0.499479     0.278341
v     0.343445    -0.429364     0.339874
v     0.370958    -0.534866     0.214986
v     0.450365    -0.455459     0.214986
v     0.447611    -0.445750     0.226688
v     0.414691    -0.424712     0.277349
v     0.405957    -0.326464     0.345603
v     0.502260    -0.338495     0.226688
v     0.496759    -0.328189     0.239170
v     0.452694    -0.321821     0.294092
v     0.518087    -0.193531     0.239170
v     0.517365    -0.192459     0.240257
v     0.527724    -0.195759     0.221688
v     0.586502    -0.195759     0.111722
v     0.595928    -0.174005     0.088730
v     0.589858    -0.104841     0.083051
v     0.572768     0.024971     0.083051
v     0.571317     0.040035     0.081414
v     0.573742     0.048485     0.070545
v     0.553811     0.122154     0.051130
v     0.455911     0.358504     0.051130
v     0.445839     0.392588     0.040045
v     0.397307     0.457890     0.063232
v     0.395696     0.459161     0.064696
v     0.243831     0.657074     0.064696
v     0.224264     0.671278     0.078719
v     0.223635     0.671366     0.079626
v     0.208385     0.679267     0.088380
v     0.115228     0.690244     0.186253
v     0.137519     0.733643     0.088380
v     0.132211     0.736169     0.090884
v     0.113061     0.734350     0.117596
v     0.108217     0.723598     0.141001
v     0.066212     0.721687     0.176426
v     0.078551     0.748644     0.117596
v     0.065300     0.744842     0.134641
v     0.064394     0.732056     0.158785
v     0.013036     0.718970     0.195918
v     0.030158     0.749469     0.134641
v     0.026482     0.747876     0.138525
v     0.013036     0.740596     0.155458
v    -0.036421     0.734085     0.155458
v    -0.053593     0.723239     0.171519
v    -0.060258     0.716422     0.182631
v    -0.079529     0.699722     0.206512
v    -0.122219     0.682039     0.206512
v    -0.138864     0.666377     0.222595
v    -0.146415     0.650132     0.246659
v    -0.171884     0.617848     0.275996
v    -0.204022     0.593188     0.275996
v    -0.216170     0.576452     0.287989
v    -0.220119     0.548349     0.328548
v    -0.243573     0.503072     0.354538
v    -0.307331     0.419982     0.354538
v    -0.323188     0.386651     0.370258
v    -0.339700     0.364433     0.362369
v    -0.342400     0.355298     0.365340
v    -0.435474     0.130596     0.365340
v    -0.466339     0.094979     0.321203
v    -0.475607     0.078525     0.309545
v    -0.524153     0.001660     0.237655
v    -0.531152    -0.051503     0.237655
v    -0.515220    -0.051503     0.267462
v    -0.568931    -0.121274     0.149791
v    -0.577965    -0.142123     0.127755
v    -0.543789    -0.139702     0.192289
v    -0.536449    -0.134816     0.207225
v    -0.581200    -0.146305     0.118642
v    -0.593820    -0.190290     0.062069
v    -0.571554    -0.244045     0.062069
v    -0.548056    -0.233460     0.113219
v    -0.447957    -0.254501     0.249025
v    -0.572024    -0.248994     0.055166
v    -0.570049    -0.253145     0.053208
v    -0.448234    -0.411897     0.053208
v    -0.427648    -0.426840     0.067961
v    -0.409076    -0.445412     0.067961
v    -0.202468    -0.469759     0.285028
v    -0.408110    -0.446743     0.067007
v    -0.217052    -0.593347     0.067007
v    -0.190960    -0.605760     0.079313
v    -0.185180    -0.605211     0.087376
v    -0.177555    -0.588284     0.124223
v    -0.026836    -0.581426     0.251330
v    -0.031333    -0.668937     0.087376
v    -0.019479    -0.665536     0.102623
v    -0.017351    -0.635515     0.159311
v     0.098183    -0.606076     0.242845
v     0.099506    -0.681200     0.102623
v     0.099506    -0.611798     0.232467
v     0.101650    -0.682361     0.099923
v     0.238252    -0.664377     0.099923
v     0.240526    -0.662941     0.102050
v     0.239428    -0.647451     0.131300
v     0.247407    -0.601949     0.208710
v     0.248494    -0.660785     0.099950
v     0.354741    -0.616776     0.099950
v     0.364821    -0.607292     0.109689
v     0.367283    -0.605463     0.110563
v     0.367696    -0.604939     0.111039
v     0.380011    -0.546352     0.190526
v     0.435682    -0.552772     0.111039
v     0.445985    -0.538577     0.121211
v     0.448645    -0.535917     0.121211
v     0.449011    -0.535212     0.121616
v     0.457725    -0.461260     0.199311
v     0.504626    -0.462732     0.121616
v     0.510616    -0.450143     0.127554
v     0.513574    -0.446162     0.126140
v     0.508813    -0.341532     0.214380
v     0.519244    -0.440137     0.120318
v     0.561504    -0.338112     0.120318
v     0.563112    -0.332168     0.121885
v     0.562471    -0.332123     0.123095
v     0.570853    -0.319911     0.110421
v     0.585111    -0.211609     0.110421
v     0.604554    -0.174005     0.060293
v     0.607930    -0.157127     0.042895
v     0.607571    -0.070884     0.012047
v     0.602720    -0.017973     0.008384
v     0.601751    -0.006448     0.006700
v     0.596891     0.040912     0.002475
v     0.598420     0.093365    -0.063553
v     0.578120     0.164976    -0.079350
v     0.547730     0.251824    -0.079350
v     0.526676     0.318738    -0.097601
v     0.497161     0.370235    -0.075180
v     0.490495     0.383593    -0.080519
v     0.384671     0.552011    -0.080519
v     0.373631     0.564249    -0.070166
v     0.340789     0.603543    -0.063968
v     0.304047     0.634918    -0.034804
v     0.257775     0.681190    -0.034804
v     0.225449     0.705774    -0.014563
v     0.209280     0.712002     0.011426
v     0.192182     0.721475     0.019822
v     0.162205     0.740311     0.019822
v     0.147476     0.747662     0.025708
v     0.126733     0.751075     0.055447
v     0.126324     0.749684     0.060540
v     0.080018     0.751856     0.107135
v     0.088234     0.764546     0.055447
v     0.077038     0.764220     0.069540
v     0.077148     0.760628     0.081340
v     0.031423     0.753857     0.120644
v     0.040722     0.768312     0.069540
v     0.031423     0.766026     0.080530
v    -0.009004     0.761471     0.080530
v    -0.014976     0.759178     0.085869
v    -0.022634     0.755149     0.096307
v    -0.030858     0.751088     0.105459
v    -0.081928     0.733218     0.105459
v    -0.087441     0.729846     0.110249
v    -0.096942     0.721206     0.127900
v    -0.109387     0.711501     0.140366
v    -0.170769     0.672932     0.140366
v    -0.180957     0.657750     0.167508
v    -0.180502     0.657109     0.170372
v    -0.281798     0.556909     0.167508
v    -0.277525     0.553877     0.186604
v    -0.281817     0.556896     0.167473
v    -0.426507     0.326623     0.167473
v    -0.453578     0.291911     0.132703
v    -0.457419     0.285210     0.129785
v    -0.476014     0.254807     0.103363
v    -0.569823    -0.013282     0.103363
v    -0.581438    -0.036805     0.077186
v    -0.586931    -0.047245     0.062956
v    -0.601335    -0.084771     0.029412
v    -0.608844    -0.151414     0.029412
v    -0.598927    -0.151414     0.062103
v    -0.616589    -0.182920    -0.007823
v    -0.615360    -0.193831    -0.007823
v    -0.605253    -0.194139     0.025379
v    -0.603502    -0.194712     0.030527
v    -0.615779    -0.208212    -0.025927
v    -0.605595    -0.237316    -0.025927
v    -0.601560    -0.236129    -0.011148
v    -0.605212    -0.239646    -0.029268
v    -0.595918    -0.258269    -0.036711
v    -0.554090    -0.324839    -0.036711
v    -0.546174    -0.339125    -0.043726
v    -0.501832    -0.392176    -0.035357
v    -0.496568    -0.399097    -0.039691
v    -0.384351    -0.511314    -0.039691
v    -0.383939    -0.511797    -0.040074
v    -0.318963    -0.566107    -0.050324
v    -0.305221    -0.573720    -0.043577
v    -0.198877    -0.640541    -0.043577
v    -0.169405    -0.655249    -0.031797
v    -0.157173    -0.662260    -0.037123
v    -0.150445    -0.664376    -0.035288
v    -0.031791    -0.669940     0.084107
v    -0.055579    -0.697572    -0.035288
v    -0.027278    -0.705594    -0.029045
v    -0.020838    -0.705407    -0.020938
v    -0.020905    -0.703215    -0.013738
v     0.100855    -0.685186     0.090921
v     0.101650    -0.682429     0.099714
v     0.061852    -0.714724    -0.020938
v     0.084622    -0.716811    -0.019361
v     0.100855    -0.713564    -0.002628
v     0.106565    -0.713041    -0.003024
v     0.197456    -0.702800    -0.003024
v     0.209083    -0.698337     0.007370
v     0.224345    -0.692705     0.018503
v     0.229878    -0.689973     0.024659
v     0.304584    -0.663832     0.024659
v     0.314636    -0.657684     0.033395
v     0.333920    -0.646631     0.041791
v     0.345759    -0.637398     0.053649
v     0.397788    -0.604706     0.053649
v     0.406670    -0.596695     0.061163
v     0.419416    -0.586042     0.063173
v     0.426487    -0.577761     0.069746
v     0.477369    -0.526879     0.069746
v     0.478986    -0.524754     0.071077
v     0.494982    -0.505616     0.068057
v     0.495146    -0.505319     0.068203
v     0.542456    -0.430026     0.068203
v     0.545149    -0.426573     0.064745
v     0.557621    -0.404811     0.055270
v     0.558508    -0.401993     0.056039
v     0.584743    -0.327018     0.056039
v     0.588384    -0.314175     0.058872
v     0.590884    -0.307401     0.053930
v     0.594327    -0.273847     0.056924
v     0.600092    -0.222679     0.056924
v     0.601751     0.066554    -0.066302
v     0.601106     0.080555    -0.074576
v     0.599906     0.091966    -0.075342
v     0.589319     0.143481    -0.131317
v     0.584406     0.165951    -0.152452
v     0.566011     0.226592    -0.152452
v     0.558187     0.250855    -0.157603
v     0.539047     0.305555    -0.157603
v     0.536162     0.311835    -0.162920
v     0.476950     0.422612    -0.162920
v     0.469771     0.435225    -0.157989
v     0.425915     0.505022    -0.157989
v     0.402132     0.536904    -0.133203
v     0.361996     0.585811    -0.133203
v     0.327305     0.625133    -0.108029
v     0.320119     0.632319    -0.108029
v     0.281561     0.666336    -0.083345
v     0.260439     0.683670    -0.083345
v     0.226757     0.708794    -0.057160
v     0.217392     0.715087    -0.042662
v     0.199077     0.725512    -0.035501
v     0.170228     0.740932    -0.035501
v     0.150930     0.749797    -0.019163
v     0.140563     0.754149    -0.005757
v     0.138030     0.754966    -0.005220
v     0.088356     0.764728     0.053714
v     0.095831     0.767767    -0.005220
v     0.093333     0.768313    -0.002870
v     0.083594     0.770314     0.007712
v     0.083966     0.769389     0.016730
v     0.041325     0.769389     0.059371
v     0.040722     0.768446     0.068352
v     0.048880     0.773733     0.007712
v     0.041325     0.773733     0.015266
v     0.003886     0.770046     0.015266
v    -0.002304     0.768774     0.021992
v    -0.002436     0.768446     0.025194
v    -0.058093     0.751850     0.021992
v    -0.064651     0.749736     0.023384
v    -0.064671     0.749412     0.026911
v    -0.072313     0.746216     0.016897
v    -0.143395     0.708222     0.016897
v    -0.143143     0.707489     0.026672
v    -0.171937     0.674205     0.127094
v    -0.151521     0.702762     0.004319
v    -0.180001     0.681517    -0.017824
v    -0.238111     0.633828    -0.017824
v    -0.237527     0.633244    -0.006758
v    -0.283972     0.558873     0.145014
v    -0.263571     0.608368    -0.065321
v    -0.303285     0.563351    -0.094139
v    -0.363237     0.490299    -0.094139
v    -0.386431     0.459207    -0.118312
v    -0.399463     0.439811    -0.148338
v    -0.433823     0.379445    -0.171938
v    -0.532774     0.194321    -0.171938
v    -0.536960     0.185209    -0.179653
v    -0.546745     0.157246    -0.179653
v    -0.548744     0.151044    -0.180970
v    -0.608486    -0.045899    -0.180970
v    -0.614218    -0.072114    -0.156312
v    -0.620127    -0.100865    -0.125072
v    -0.617160    -0.099672    -0.096137
v    -0.617160    -0.182920    -0.012889
v    -0.625174    -0.152109    -0.125072
v    -0.625174    -0.184590    -0.092590
v    -0.619773    -0.184590    -0.037752
v    -0.624407    -0.192377    -0.092590
v    -0.621583    -0.206120    -0.077657
v    -0.619773    -0.206848    -0.060010
v    -0.617267    -0.209207    -0.040131
v    -0.614146    -0.230635    -0.077657
v    -0.613824    -0.231402    -0.076666
v    -0.612894    -0.231459    -0.066531
v    -0.585230    -0.284898    -0.076666
v    -0.580280    -0.293595    -0.080066
v    -0.558219    -0.328705    -0.080066
v    -0.551806    -0.337301    -0.086749
v    -0.482167    -0.422157    -0.086749
v    -0.474315    -0.431057    -0.092447
v    -0.409603    -0.495770    -0.092447
v    -0.404399    -0.500360    -0.095778
v    -0.305930    -0.581172    -0.095778
v    -0.303346    -0.583099    -0.097787
v    -0.239341    -0.623316    -0.097787
v    -0.233480    -0.626652    -0.095496
v    -0.150698    -0.670900    -0.095496
v    -0.145344    -0.673360    -0.090962
v    -0.107733    -0.686520    -0.090962
v    -0.101367    -0.688573    -0.089611
v    -0.033888    -0.709043    -0.089611
v    -0.021475    -0.711757    -0.077935
v     0.001513    -0.714347    -0.077935
v     0.005095    -0.714724    -0.077695
v     0.065701    -0.720693    -0.077695
v     0.084622    -0.720693    -0.058774
v     0.132333    -0.715994    -0.058774
v     0.160429    -0.713041    -0.056887
v     0.172470    -0.711684    -0.056887
v     0.193399    -0.707108    -0.037201
v     0.239812    -0.693029    -0.037201
v     0.266517    -0.684417    -0.031531
v     0.273820    -0.681862    -0.031531
v     0.296448    -0.671467    -0.012372
v     0.346111    -0.644921    -0.012372
v     0.365077    -0.634126    -0.004958
v     0.371622    -0.630013    -0.004958
v     0.383669    -0.621027     0.004409
v     0.444273    -0.571290     0.004409
v     0.447271    -0.568646     0.006328
v     0.457962    -0.557955     0.006328
v     0.458815    -0.556988     0.005709
v     0.515647    -0.487738     0.005709
v     0.522466    -0.478596    -0.001398
v     0.527455    -0.470656    -0.001398
v     0.528725    -0.468425    -0.002271
v     0.569485    -0.392169    -0.002271
v     0.570477    -0.390009    -0.004099
v     0.575309    -0.375025    -0.000918
v     0.586910    -0.336781    -0.000918
v     0.592927    -0.309263     0.024966
v     0.593892    -0.304569     0.030066
v     0.600092    -0.245574     0.034028
v     0.602469    -0.221448     0.034028
v     0.589319     0.121096    -0.153702
v     0.583815     0.134759    -0.188892
v     0.579813     0.170276    -0.188892
v     0.576359     0.179276    -0.196937
v     0.571143     0.193409    -0.207246
v     0.565710     0.212575    -0.203018
v     0.539261     0.288161    -0.203018
v     0.529618     0.318809    -0.194659
v     0.505044     0.361684    -0.213326
v     0.486451     0.398943    -0.198435
v     0.446665     0.462262    -0.198435
v     0.420264     0.509910    -0.175037
v     0.395999     0.538941    -0.179617
v     0.369530     0.573746    -0.157823
v     0.332500     0.610776    -0.157823
v     0.307230     0.640369    -0.134334
v     0.290025     0.654749    -0.131620
v     0.269240     0.673497    -0.114038
v     0.219678     0.704639    -0.114038
v     0.201191     0.719056    -0.095521
v     0.195360     0.722398    -0.092982
v     0.179907     0.731850    -0.079552
v     0.122400     0.751972    -0.079552
v     0.117044     0.754617    -0.073592
v     0.111464     0.757553    -0.065986
v     0.102043     0.761169    -0.057565
v     0.063805     0.765477    -0.057565
v     0.052271     0.768313    -0.043932
v     0.049242     0.768919    -0.040810
v     0.048880     0.769486    -0.035416
v     0.003661     0.769486     0.009802
v    -0.000089     0.763360    -0.040810
v    -0.002053     0.763418    -0.038338
v    -0.008427     0.761611    -0.036932
v    -0.084140     0.735118    -0.036932
v    -0.085219     0.734457    -0.037870
v    -0.114815     0.717495    -0.050756
v    -0.140918     0.697138    -0.076902
v    -0.196941     0.661936    -0.076902
v    -0.237242     0.625585    -0.110992
v    -0.240908     0.622521    -0.111571
v    -0.307123     0.544983    -0.173116
v    -0.327454     0.524651    -0.173116
v    -0.377573     0.458748    -0.214382
v    -0.381577     0.448353    -0.231090
v    -0.443203     0.337127    -0.285706
v    -0.464256     0.303621    -0.285706
v    -0.502699     0.226588    -0.316494
v    -0.509870     0.214077    -0.311048
v    -0.523800     0.169805    -0.323123
v    -0.567257     0.045611    -0.323123
v    -0.570923     0.038188    -0.314862
v    -0.586001    -0.002671    -0.285058
v    -0.599258    -0.037210    -0.254184
v    -0.604797    -0.086365    -0.254184
v    -0.614218    -0.124691    -0.208889
v    -0.619364    -0.150416    -0.182372
v    -0.622013    -0.152109    -0.157168
v    -0.622013    -0.193340    -0.115937
v    -0.617712    -0.165080    -0.182372
v    -0.618549    -0.193814    -0.146202
v    -0.620281    -0.194971    -0.129681
v    -0.613261    -0.230690    -0.087304
v    -0.601118    -0.243630    -0.146202
v    -0.600123    -0.245256    -0.147616
v    -0.597866    -0.249779    -0.145808
v    -0.532232    -0.354236    -0.145808
v    -0.525222    -0.362007    -0.152382
v    -0.495020    -0.398141    -0.158082
v    -0.494193    -0.399229    -0.157401
v    -0.374203    -0.519218    -0.157401
v    -0.372430    -0.520566    -0.158511
v    -0.320489    -0.563981    -0.150317
v    -0.317742    -0.566459    -0.147993
v    -0.205879    -0.636747    -0.147993
v    -0.203580    -0.637894    -0.148912
v    -0.159877    -0.662942    -0.129885
v    -0.157871    -0.664169    -0.128142
v    -0.076396    -0.692679    -0.128142
v    -0.067763    -0.695126    -0.130046
v    -0.035931    -0.706873    -0.106827
v    -0.025698    -0.707923    -0.107740
v     0.031318    -0.714347    -0.107740
v     0.046112    -0.715703    -0.108764
v     0.065701    -0.719621    -0.088572
v     0.105274    -0.715994    -0.085832
v     0.124297    -0.713850    -0.085832
v     0.175365    -0.708610    -0.081276
v     0.177182    -0.707939    -0.082602
v     0.207108    -0.699455    -0.076000
v     0.251406    -0.683955    -0.076000
v     0.281770    -0.674401    -0.067718
v     0.297862    -0.665178    -0.074724
v     0.306985    -0.660625    -0.071078
v     0.386569    -0.610619    -0.071078
v     0.390086    -0.608671    -0.069351
v     0.406835    -0.594671    -0.071994
v     0.414781    -0.585367    -0.079379
v     0.484853    -0.515294    -0.079379
v     0.491350    -0.506751    -0.084728
v     0.495080    -0.502288    -0.084024
v     0.503073    -0.487862    -0.091108
v     0.552490    -0.409216    -0.091108
v     0.553869    -0.406452    -0.092213
v     0.569227    -0.390086    -0.017724
v     0.576982    -0.350624    -0.064542
v     0.554461    -0.402856    -0.097369
v     0.570737    -0.356342    -0.097369
v     0.582060    -0.341347    -0.039393
v     0.592927    -0.287261     0.002964
v     0.567629     0.082794    -0.261553
v     0.565561     0.106353    -0.259618
v     0.560373     0.145763    -0.259618
v     0.555285     0.198597    -0.253878
v     0.553443     0.201868    -0.256195
v     0.541183     0.247183    -0.244252
v     0.512968     0.315300    -0.244252
v     0.498407     0.364575    -0.228228
v     0.471873     0.400277    -0.240905
v     0.450430     0.445348    -0.219647
v     0.403164     0.506946    -0.219647
v     0.384374     0.543218    -0.198826
v     0.351845     0.575748    -0.198826
v     0.338753     0.593783    -0.185902
v     0.263210     0.651749    -0.185902
v     0.254628     0.662629    -0.176016
v     0.238877     0.674334    -0.170423
v     0.228710     0.683901    -0.160600
v     0.149130     0.716864    -0.160600
v     0.141238     0.724936    -0.147442
v     0.128643     0.732891    -0.135662
v     0.089082     0.738099    -0.135662
v     0.071132     0.747819    -0.113056
v     0.064334     0.750764    -0.105871
v     0.063805     0.752598    -0.100023
v    -0.000129     0.762064    -0.045068
v    -0.006894     0.741387    -0.105871
v    -0.008106     0.740621    -0.107005
v    -0.019498     0.737539    -0.104003
v    -0.146175     0.685068    -0.104003
v    -0.160069     0.671995    -0.117427
v    -0.216217     0.630265    -0.137363
v    -0.260468     0.574172    -0.188335
v    -0.310511     0.535773    -0.188335
v    -0.364227     0.461773    -0.241365
v    -0.375359     0.450640    -0.241365
v    -0.432646     0.340053    -0.304845
v    -0.446600     0.321868    -0.304845
v    -0.488674     0.233433    -0.346554
v    -0.489483     0.232345    -0.346168
v    -0.507316     0.171997    -0.365793
v    -0.525789     0.127399    -0.365793
v    -0.537759     0.083154    -0.377454
v    -0.552931     0.056218    -0.358370
v    -0.557644     0.048757    -0.351392
v    -0.569078    -0.038095    -0.351392
v    -0.578248    -0.055031    -0.330064
v    -0.591239    -0.085012    -0.298377
v    -0.595933    -0.086365    -0.283404
v    -0.607634    -0.165388    -0.215481
v    -0.583491    -0.143863    -0.298377
v    -0.589202    -0.163770    -0.272773
v    -0.598959    -0.168226    -0.240989
v    -0.595412    -0.243870    -0.164872
v    -0.547353    -0.264803    -0.272773
v    -0.546974    -0.265206    -0.273162
v    -0.546591    -0.266011    -0.272782
v    -0.434683    -0.411852    -0.272782
v    -0.429250    -0.422341    -0.266761
v    -0.414106    -0.437484    -0.266761
v    -0.391584    -0.468512    -0.244526
v    -0.284787    -0.550460    -0.244526
v    -0.264242    -0.576502    -0.220862
v    -0.236595    -0.597049    -0.211046
v    -0.210798    -0.621322    -0.186120
v    -0.125176    -0.656788    -0.186120
v    -0.115683    -0.665015    -0.174355
v    -0.078996    -0.685679    -0.148363
v    -0.068733    -0.692161    -0.138766
v     0.010396    -0.702578    -0.138766
v     0.019043    -0.703337    -0.139475
v     0.046112    -0.715066    -0.110865
v     0.100354    -0.710305    -0.106412
v     0.130242    -0.706370    -0.106412
v     0.179238    -0.701652    -0.101089
v     0.197079    -0.691603    -0.113728
v     0.219886    -0.685433    -0.107717
v     0.293971    -0.654746    -0.107717
v     0.303652    -0.651885    -0.104569
v     0.347464    -0.619324    -0.120125
v     0.355819    -0.608733    -0.129749
v     0.425997    -0.554884    -0.129749
v     0.439946    -0.535667    -0.143520
v     0.455771    -0.519842    -0.143520
v     0.472598    -0.487358    -0.162167
v     0.515685    -0.431206    -0.162167
v     0.524402    -0.412883    -0.170809
v     0.550259    -0.401621    -0.112756
v     0.523271    -0.400970    -0.187426
v     0.530128    -0.377767    -0.194972
v     0.554091    -0.319915    -0.194972
v     0.555119    -0.316116    -0.195973
v     0.555809    -0.315890    -0.193944
v     0.538829    -0.259340    -0.268997
v     0.544644    -0.198955    -0.275558
v     0.554366    -0.264617    -0.219119
v     0.547085    -0.158909    -0.282385
v     0.551774    -0.105490    -0.286771
v     0.554238    -0.002325    -0.307570
v     0.551344    -0.002325    -0.312985
v     0.544373     0.082973    -0.305017
v     0.538894     0.117568    -0.305017
v     0.531352     0.205741    -0.293776
v     0.525752     0.213158    -0.298415
v     0.511005     0.272159    -0.280635
v     0.472193     0.348331    -0.280635
v     0.457482     0.403302    -0.260430
v     0.419190     0.445976    -0.269402
v     0.407169     0.472962    -0.255352
v     0.308343     0.571788    -0.255352
v     0.303791     0.581411    -0.249313
v     0.273430     0.608653    -0.242929
v     0.271774     0.611010    -0.241174
v     0.164233     0.665805    -0.241174
v     0.161636     0.670819    -0.235564
v     0.156155     0.675864    -0.230476
v     0.149082     0.716194    -0.161864
v     0.100209     0.684725    -0.230476
v     0.090548     0.693273    -0.218195
v     0.090548     0.701279    -0.204185
v     0.089082     0.707617    -0.192689
v    -0.007511     0.732230    -0.122850
v    -0.017339     0.676186    -0.218195
v    -0.028403     0.666003    -0.228467
v    -0.033538     0.656087    -0.239559
v    -0.268404     0.536416    -0.239559
v    -0.297889     0.494471    -0.270813
v    -0.329810     0.465828    -0.277524
v    -0.363913     0.393738    -0.322767
v    -0.434656     0.322995    -0.322767
v    -0.473094     0.236708    -0.367692
v    -0.470496     0.227550    -0.378729
v    -0.480962     0.188442    -0.393104
v    -0.505842     0.139613    -0.393104
v    -0.519137     0.086420    -0.409134
v    -0.514993     0.078656    -0.418537
v    -0.531727    -0.026999    -0.418537
v    -0.532103    -0.031604    -0.418967
v    -0.535053    -0.035984    -0.414528
v    -0.544184    -0.038095    -0.397966
v    -0.570907    -0.142972    -0.322138
v    -0.518568    -0.140066    -0.414528
v    -0.520637    -0.143942    -0.409834
v    -0.532917    -0.149633    -0.386768
v    -0.537992    -0.261160    -0.292713
v    -0.457786    -0.267293    -0.409834
v    -0.457444    -0.268572    -0.409363
v    -0.459992    -0.277555    -0.398537
v    -0.447098    -0.306501    -0.383466
v    -0.364041    -0.389559    -0.383466
v    -0.337075    -0.446562    -0.347692
v    -0.336480    -0.447096    -0.347567
v    -0.293730    -0.507912    -0.302252
v    -0.221339    -0.544797    -0.302252
v    -0.185509    -0.594724    -0.254129
v    -0.168933    -0.607241    -0.243764
v    -0.127116    -0.645725    -0.204941
v    -0.032912    -0.660645    -0.204941
v    -0.021249    -0.670965    -0.190115
v     0.019043    -0.698098    -0.149278
v     0.078657    -0.693226    -0.143709
v     0.177999    -0.677492    -0.143709
v     0.199881    -0.675620    -0.140920
v     0.229967    -0.652902    -0.159734
v     0.233584    -0.651998    -0.158644
v     0.360296    -0.587435    -0.158644
v     0.371337    -0.571728    -0.170348
v     0.407229    -0.539522    -0.177894
v     0.426509    -0.498766    -0.203472
v     0.477231    -0.448044    -0.203472
v     0.495611    -0.406784    -0.224953
v     0.493062    -0.397799    -0.235783
v     0.507721    -0.343021    -0.255917
v     0.526839    -0.305501    -0.255917
v     0.538356    -0.259423    -0.269803
v     0.523756    -0.232072    -0.302931
v     0.531670    -0.139539    -0.314727
v     0.535687    -0.114177    -0.314727
v     0.543928    -0.013338    -0.324147
v     0.532785    -0.013338    -0.337724
v     0.525965     0.077865    -0.328433
v     0.517052     0.122672    -0.328433
v     0.510538     0.214670    -0.315183
v     0.479557     0.248355    -0.331223
v     0.467875     0.299756    -0.314380
v     0.382308     0.427817    -0.314380
v     0.377248     0.448715    -0.306210
v     0.312127     0.513836    -0.306210
v     0.301330     0.516450    -0.310431
v     0.176265     0.600015    -0.310431
v     0.167714     0.601959    -0.313233
v     0.162537     0.654071    -0.255799
v     0.164721     0.599816    -0.316312
v     0.095640     0.613557    -0.316312
v     0.100209     0.633775    -0.292559
v     0.095070     0.613047    -0.316824
v    -0.033362     0.654868    -0.241078
v     0.058768     0.566797    -0.360706
v    -0.044146     0.546326    -0.360706
v    -0.076608     0.505463    -0.388942
v    -0.107010     0.477502    -0.403419
v    -0.126679     0.433608    -0.431639
v    -0.372013     0.269680    -0.431639
v    -0.388196     0.233108    -0.450782
v    -0.388394     0.232911    -0.450782
v    -0.395605     0.203125    -0.462427
v    -0.472091     0.088655    -0.462427
v    -0.473485     0.082526    -0.464436
v    -0.513952     0.078505    -0.419835
v    -0.457201     0.059783    -0.487830
v    -0.475496    -0.032192    -0.487830
v    -0.478096    -0.031604    -0.484775
v    -0.475228    -0.032492    -0.488100
v    -0.509847    -0.138805    -0.425398
v    -0.466435    -0.039393    -0.496442
v    -0.448647    -0.128821    -0.496442
v    -0.447876    -0.139697    -0.494876
v    -0.451396    -0.144612    -0.489820
v    -0.448150    -0.158894    -0.485140
v    -0.401381    -0.228890    -0.485140
v    -0.391656    -0.269052    -0.469438
v    -0.392811    -0.272792    -0.466085
v    -0.368004    -0.328854    -0.436740
v    -0.312189    -0.366149    -0.436740
v    -0.278238    -0.441918    -0.388028
v    -0.274793    -0.445086    -0.386388
v    -0.225020    -0.507739    -0.343095
v    -0.120195    -0.528590    -0.343095
v    -0.080949    -0.578590    -0.295655
v    -0.032912    -0.621605    -0.252512
v    -0.000963    -0.619216    -0.249257
v     0.222792    -0.574708    -0.249257
v     0.237841    -0.573642    -0.247090
v     0.251506    -0.561075    -0.253596
v     0.254338    -0.554753    -0.257661
v     0.430541    -0.437018    -0.257661
v     0.443538    -0.407646    -0.273036
v     0.450613    -0.400570    -0.273036
v     0.464165    -0.344600    -0.294918
v     0.502731    -0.286883    -0.294918
v     0.514990    -0.232943    -0.312592
v     0.507672    -0.222722    -0.323106
v     0.513568    -0.139461    -0.335098
v     0.520423    -0.105000    -0.335098
v     0.526775    -0.020049    -0.343752
v     0.507159    -0.020049    -0.359851
v     0.500400     0.076555    -0.349628
v     0.467075     0.200923    -0.349628
v     0.464413     0.248987    -0.342163
v     0.374586     0.336853    -0.365289
v     0.371033     0.337729    -0.366669
v     0.200842     0.507920    -0.366669
v     0.174716     0.513833    -0.375248
v     0.165891     0.522856    -0.372925
v     0.162989     0.592365    -0.322709
v     0.162609     0.523038    -0.373435
v     0.057858     0.551106    -0.373435
v     0.058768     0.554732    -0.370608
v    -0.007921     0.480661    -0.420510
v    -0.021066     0.457939    -0.434538
v    -0.024583     0.453509    -0.437085
v    -0.066660     0.421856    -0.451974
v    -0.127854     0.405459    -0.451974
v    -0.179394     0.318179    -0.491244
v    -0.272236     0.223265    -0.515679
v    -0.274402     0.214487    -0.519090
v    -0.278808     0.206398    -0.520990
v    -0.386723     0.098483    -0.520990
v    -0.392587     0.072573    -0.529498
v    -0.403377     0.062019    -0.526721
v    -0.457160     0.059773    -0.487866
v    -0.404819     0.035987    -0.530763
v    -0.423455    -0.033566    -0.530763
v    -0.423763    -0.037965    -0.531229
v    -0.425293    -0.039393    -0.530206
v    -0.423842    -0.060129    -0.528012
v    -0.412336    -0.103072    -0.528012
v    -0.410220    -0.141269    -0.522080
v    -0.406918    -0.144499    -0.522930
v    -0.397681    -0.185309    -0.509530
v    -0.365610    -0.217380    -0.509530
v    -0.353655    -0.265827    -0.490705
v    -0.340569    -0.279205    -0.487261
v    -0.313936    -0.324307    -0.466968
v    -0.206056    -0.353213    -0.466968
v    -0.173970    -0.408680    -0.432725
v    -0.120195    -0.466268    -0.394242
v    -0.084444    -0.463767    -0.390458
v     0.147916    -0.401507    -0.390458
v     0.252662    -0.395705    -0.374191
v     0.260727    -0.401728    -0.368212
v     0.291573    -0.394747    -0.358083
v     0.442670    -0.243650    -0.358083
v     0.455331    -0.240525    -0.353163
v     0.472009    -0.224211    -0.348870
v     0.473593    -0.195610    -0.353311
v     0.499258    -0.099830    -0.353311
v     0.504677    -0.022366    -0.361509
v     0.412191    -0.022366    -0.410944
v     0.400382    -0.018642    -0.416722
v     0.394574    -0.013648    -0.419112
v     0.393947    -0.005404    -0.418266
v     0.253479     0.333717    -0.418266
v     0.182840     0.362344    -0.436097
v     0.169984     0.375200    -0.436097
v     0.163622     0.375552    -0.437085
v    -0.161308     0.311769    -0.497261
v    -0.174256     0.281271    -0.508140
v    -0.203460     0.243872    -0.519090
v    -0.305745     0.139930    -0.537769
v    -0.373745     0.071930    -0.537769
v    -0.375115     0.047168    -0.541615
v    -0.393258     0.003368    -0.541615
v    -0.395708    -0.028872    -0.544922
v    -0.406284    -0.037965    -0.540571
v    -0.403278    -0.077516    -0.536514
v    -0.393796    -0.100407    -0.536514
v    -0.391385    -0.143969    -0.529748
v    -0.377825    -0.157529    -0.529748
v    -0.364675    -0.189977    -0.521557
v    -0.277818    -0.225955    -0.521557
v    -0.266375    -0.252908    -0.511943
v    -0.206056    -0.323067    -0.483081
v    -0.096825    -0.314764    -0.471875
v     0.248159    -0.263774    -0.432098
v     0.064089    -0.248111    -0.471875
v     0.191878    -0.241039    -0.452027
v     0.309070    -0.239089    -0.416722
v     0.128427    -0.013648    -0.499847
v     0.083877     0.007689    -0.510680
v    -0.000176     0.007689    -0.524499
v    -0.214114     0.221627    -0.524499
v    -0.292229     0.136158    -0.540611
v    -0.303994     0.089240    -0.546391
v    -0.368778     0.024456    -0.546391
v    -0.374231    -0.016677    -0.549905
v    -0.387574    -0.028872    -0.547390
v    -0.383149    -0.062248    -0.544538
v    -0.316483    -0.140413    -0.542648
v    -0.320331    -0.125066    -0.544538
v    -0.277818    -0.182717    -0.534673
v    -0.204907    -0.173051    -0.528444
v    -0.032197    -0.000340    -0.528444
v    -0.303994    -0.000340    -0.555214
v    -0.320331    -0.016677    -0.555214
f      1      2      3
f      1      3      4
f      1      4      5
f      1      6      7
f      1      7      8
f      1      8      2
f      2      8      9
f      2      9     10
f      2     10      3
f      3     10     11
f      3     11     12
f      3     12     13
f      3     13      4
f      4     13     14
f      4     14     15
f      4     15     16
f      4     16      5
f      5     16     17
f      5     17     18
f      5     18     19
f      5     19      6
f      5      6      1
f     18     20     21
f     18     21     22
f     18     22     19
f     21     23     24
f     21     24     25
f     21     25     26
f     21     26     22
f     19     22     26
f     19     26     27
f     19     27     28
f     19     28      7
f     19      7      6
f     27     29     30
f     27     30     31
f     27     31     32
f     27     32     28
f      7     28     32
f      7     32     33
f      7     33     34
f      7     34      9
f      7      9      8
f      9     34     35
f      9     35     36
f      9     36     11
f      9     11     10
f     35     37     38
f     35     38     39
f     35     39     36
f     39     38     40
f     39     40     41
f     39     41     42
f     11     36     39
f     11     39     42
f     11     42     43
f     11     43     12
f     12     43     44
f     12     44     14
f     12     14     13
f     14     44     45
f     14     45     46
f     14     46     47
f     14     47     15
f     16     15     47
f     16     47     48
f     16     48     49
f     16     49     17
f     17     49     50
f     17     50     51
f     17     51     20
f     17     20     18
f     51     52     53
f     51     53     54
f     51     54     23
f     51     23     21
f     51     21     20
f     55     56     57
f     55     57     53
f     55     53     52
f     53     57     58
f     53     58     59
f     53     59     60
f     53     60     54
f     54     60     61
f     54     61     24
f     54     24     23
f     24     61     62
f     24     62     63
f     24     63     25
f     26     25     63
f     26     63     64
f     26     64     65
f     26     65     29
f     26     29     27
f     65     66     67
f     65     67     68
f     65     68     30
f     65     30     29
f     30     68     69
f     30     69     70
f     30     70     31
f     32     31     70
f     32     70     71
f     32     71     33
f     33     71     72
f     33     72     73
f     33     73     37
f     33     37     35
f     33     35     34
f     73     74     75
f     73     75     76
f     73     76     40
f     73     40     38
f     73     38     37
f     75     77     78
f     75     78     79
f     75     79     76
f     79     78     80
f     79     80     81
f     79     81     82
f     40     76     79
f     40     79     82
f     40     82     83
f     40     83     41
f     83     82     81
f     83     81     84
f     83     84     85
f     83     85     86
f     83     86     87
f     42     41     83
f     42     83     87
f     42     87     45
f     42     45     44
f     42     44     43
f     45     87     86
f     45     86     88
f     45     88     89
f     45     89     46
f     89     88     90
f     89     90     91
f     89     91     92
f     89     92     93
f     47     46     89
f     47     89     93
f     47     93     94
f     47     94     48
f     48     94     95
f     48     95     96
f     48     96     50
f     48     50     49
f     50     96     97
f     50     97     98
f     50     98     55
f     50     55     52
f     50     52     51
f     97     99    100
f     97    100    101
f     97    101     98
f     98    101    102
f     98    102    103
f     98    103     56
f     98     56     55
f    100    104    105
f    100    105    106
f    100    106    102
f    100    102    101
f    102    106    107
f    102    107    108
f    102    108    109
f    102    109    103
f    103    109    110
f    103    110     58
f    103     58     57
f    103     57     56
f     58    110    111
f     58    111    112
f     58    112    113
f     58    113     59
f     59    113    114
f     59    114     62
f     59     62     61
f     59     61     60
f     63     62    114
f     63    114    115
f     63    115    116
f     63    116     64
f     64    116    117
f     64    117    118
f     64    118     66
f     64     66     65
f    118    119    120
f    118    120     67
f    118     67     66
f    121    122    123
f    121    123    124
f    121    124    120
f    121    120    119
f     67    120    124
f     67    124    125
f     67    125     69
f     67     69     68
f     70     69    125
f     70    125    126
f     70    126    127
f     70    127     72
f     70     72     71
f     72    127    128
f     72    128    129
f     72    129     74
f     72     74     73
f    129    130    131
f    129    131     77
f    129     77     75
f    129     75     74
f    131    132     80
f    131     80     78
f    131     78     77
f    133    134    135
f    133    135    132
f    133    132    131
f    133    131    130
f    135    134    136
f    135    136    137
f    135    137    138
f     81     80    132
f     81    132    135
f     81    135    138
f     81    138    139
f     81    139     84
f    138    137    140
f    138    140    141
f    138    141    142
f    138    142    139
f     84    139    142
f     84    142    143
f     84    143     85
f    143    142    141
f    143    141    144
f    143    144    145
f    143    145    146
f    143    146    147
f     86     85    143
f     86    143    147
f     86    147     90
f     86     90     88
f     90    147    146
f     90    146    148
f     90    148     91
f    149    150    151
f    149    151    152
f    149    152    153
f    149    153    154
f     91    148    150
f     91    150    149
f     91    149     92
f     93     92    149
f     93    149    154
f     93    154    155
f     93    155    156
f     93    156     95
f     93     95     94
f     95    156    157
f     95    157    158
f     95    158    159
f     95    159     99
f     95     99     97
f     95     97     96
f    158    160    161
f    158    161    162
f    158    162    159
f    159    162    163
f    159    163    104
f    159    104    100
f    159    100     99
f    161    164    165
f    161    165    166
f    161    166    167
f    161    167    163
f    161    163    162
f    163    167    168
f    163    168    169
f    163    169    105
f    163    105    104
f    166    170    171
f    166    171    172
f    166    172    168
f    166    168    167
f    168    172    173
f    168    173    174
f    168    174    175
f    168    175    169
f    105    169    175
f    105    175    176
f    105    176    107
f    105    107    106
f    107    176    177
f    107    177    178
f    107    178    179
f    107    179    108
f    108    179    180
f    108    180    111
f    108    111    110
f    108    110    109
f    111    180    181
f    111    181    182
f    111    182    183
f    111    183    112
f    114    113    112
f    114    112    183
f    114    183    184
f    114    184    115
f    115    184    185
f    115    185    186
f    115    186    117
f    115    117    116
f    117    186    187
f    117    187    121
f    117    121    119
f    117    119    118
f    187    188    189
f    187    189    190
f    187    190    122
f    187    122    121
f    189    191    192
f    189    192    193
f    189    193    194
f    189    194    190
f    123    122    190
f    123    190    194
f    123    194    195
f    195    194    193
f    195    193    196
f    195    196    197
f    195    197    198
f    195    198    199
f    125    124    123
f    125    123    195
f    125    195    199
f    125    199    126
f    126    199    198
f    126    198    200
f    126    200    201
f    126    201    202
f    126    202    128
f    126    128    127
f    128    202    203
f    128    203    133
f    128    133    130
f    128    130    129
f    201    204    205
f    201    205    203
f    201    203    202
f    203    205    206
f    203    206    136
f    203    136    134
f    203    134    133
f    207    208    209
f    207    209    206
f    207    206    205
f    207    205    204
f    210    211    212
f    210    212    209
f    210    209    208
f    206    209    212
f    206    212    213
f    206    213    140
f    206    140    137
f    206    137    136
f    213    212    211
f    213    211    214
f    213    214    215
f    213    215    216
f    141    140    213
f    141    213    216
f    141    216    217
f    141    217    144
f    216    215    218
f    216    218    219
f    216    219    220
f    216    220    221
f    216    221    217
f    144    217    221
f    144    221    222
f    144    222    145
f    222    221    220
f    222    220    223
f    222    223    224
f    222    224    225
f    146    145    222
f    146    222    225
f    146    225    151
f    146    151    150
f    146    150    148
f    151    225    224
f    151    224    226
f    151    226    227
f    151    227    152
f    226    228    229
f    226    229    230
f    226    230    231
f    226    231    232
f    226    232    227
f    152    227    232
f    152    232    233
f    152    233    153
f    154    153    233
f    154    233    234
f    154    234    235
f    154    235    236
f    154    236    155
f    155    236    237
f    155    237    238
f    155    238    239
f    155    239    157
f    155    157    156
f    157    239    240
f    157    240    241
f    157    241    242
f    157    242    160
f    157    160    158
f    242    243    244
f    242    244    164
f    242    164    161
f    242    161    160
f    245    246    247
f    245    247    248
f    245    248    244
f    245    244    243
f    244    248    249
f    244    249    165
f    244    165    164
f    247    250    251
f    247    251    252
f    247    252    249
f    247    249    248
f    165    249    252
f    165    252    253
f    165    253    170
f    165    170    166
f    252    251    254
f    252    254    255
f    252    255    256
f    252    256    253
f    253    256    257
f    253    257    258
f    253    258    259
f    253    259    171
f    253    171    170
f    171    259    260
f    171    260    173
f    171    173    172
f    173    260    261
f    173    261    262
f    173    262    263
f    173    263    174
f    175    174    263
f    175    263    264
f    175    264    177
f    175    177    176
f    177    264    265
f    177    265    266
f    177    266    267
f    177    267    178
f    178    267    268
f    178    268    181
f    178    181    180
f    178    180    179
f    181    268    269
f    181    269    270
f    181    270    182
f    183    182    270
f    183    270    271
f    183    271    272
f    183    272    185
f    183    185    184
f    185    272    273
f    185    273    188
f    185    188    187
f    185    187    186
f    273    274    275
f    273    275    191
f    273    191    189
f    273    189    188
f    275    276    277
f    275    277    278
f    275    278    192
f    275    192    191
f    278    277    279
f    278    279    280
f    278    280    281
f    278    281    282
f    193    192    278
f    193    278    282
f    193    282    196
f    281    280    283
f    281    283    284
f    281    284    285
f    281    285    286
f    196    282    281
f    196    281    286
f    196    286    287
f    196    287    197
f    287    286    285
f    287    285    288
f    287    288    289
f    287    289    290
f    287    290    291
f    198    197    287
f    198    287    291
f    198    291    292
f    198    292    293
f    198    293    200
f    292    294    295
f    292    295    296
f    292    296    297
f    292    297    298
f    292    298    293
f    200    293    298
f    200    298    299
f    200    299    207
f    200    207    204
f    200    204    201
f    298    297    300
f    298    300    301
f    298    301    302
f    298    302    299
f    299    302    303
f    299    303    210
f    299    210    208
f    299    208    207
f    301    304    305
f    301    305    303
f    301    303    302
f    306    307    308
f    306    308    309
f    306    309    305
f    306    305    304
f    303    305    309
f    303    309    310
f    303    310    214
f    303    214    211
f    303    211    210
f    309    308    311
f    309    311    312
f    309    312    313
f    309    313    310
f    214    310    313
f    214    313    314
f    214    314    315
f    214    315    316
f    214    316    218
f    214    218    215
f    315    317    318
f    315    318    316
f    218    316    318
f    218    318    319
f    218    319    320
f    218    320    321
f    218    321    219
f    321    320    322
f    321    322    323
f    220    219    321
f    220    321    323
f    220    323    324
f    220    324    325
f    220    325    223
f    325    324    326
f    325    326    327
f    325    327    328
f    325    328    329
f    224    223    325
f    224    325    329
f    224    329    228
f    224    228    226
f    329    328    330
f    329    330    331
f    329    331    229
f    329    229    228
f    231    230    332
f    231    332    333
f    231    333    334
f    231    334    335
f    233    232    231
f    233    231    335
f    233    335    336
f    233    336    337
f    233    337    234
f    234    337    338
f    234    338    339
f    234    339    340
f    234    340    235
f    235    340    341
f    235    341    342
f    235    342    237
f    235    237    236
f    237    342    343
f    237    343    344
f    237    344    345
f    237    345    238
f    238    345    346
f    238    346    347
f    238    347    240
f    238    240    239
f    240    347    348
f    240    348    349
f    240    349    350
f    240    350    241
f    241    350    351
f    241    351    245
f    241    245    243
f    241    243    242
f    351    352    353
f    351    353    354
f    351    354    355
f    351    355    246
f    351    246    245
f    355    356    250
f    355    250    247
f    355    247    246
f    354    357    358
f    354    358    359
f    354    359    356
f    354    356    355
f    359    360    254
f    359    254    251
f    359    251    250
f    359    250    356
f    358    361    362
f    358    362    360
f    358    360    359
f    254    360    362
f    254    362    363
f    254    363    364
f    254    364    365
f    254    365    255
f    255    365    366
f    255    366    257
f    255    257    256
f    257    366    367
f    257    367    368
f    257    368    369
f    257    369    258
f    258    369    370
f    258    370    261
f    258    261    260
f    258    260    259
f    261    370    371
f    261    371    372
f    261    372    373
f    261    373    262
f    263    262    373
f    263    373    265
f    263    265    264
f    265    373    372
f    265    372    374
f    265    374    375
f    265    375    266
f    266    375    269
f    266    269    268
f    266    268    267
f    270    269    375
f    270    375    374
f    270    374    376
f    270    376    377
f    270    377    271
f    271    377    378
f    271    378    379
f    271    379    274
f    271    274    273
f    271    273    272
f    379    380    381
f    379    381    276
f    379    276    275
f    379    275    274
f    381    382    279
f    381    279    277
f    381    277    276
f    279    382    383
f    279    383    384
f    279    384    385
f    279    385    386
f    279    386    283
f    279    283    280
f    385    387    388
f    385    388    389
f    385    389    386
f    283    386    389
f    283    389    390
f    283    390    284
f    390    389    388
f    390    388    391
f    390    391    392
f    390    392    393
f    285    284    390
f    285    390    393
f    285    393    288
f    288    393    392
f    288    392    394
f    288    394    395
f    288    395    396
f    288    396    289
f    289    396    397
f    289    397    398
f    289    398    290
f    291    290    398
f    291    398    399
f    291    399    400
f    291    400    294
f    291    294    292
f    400    401    402
f    400    402    403
f    400    403    295
f    400    295    294
f    295    403    404
f    295    404    405
f    295    405    296
f    296    405    406
f    296    406    407
f    296    407    408
f    296    408    300
f    296    300    297
f    407    409    410
f    407    410    411
f    407    411    412
f    407    412    408
f    300    408    412
f    300    412    413
f    300    413    414
f    300    414    306
f    300    306    304
f    300    304    301
f    412    411    415
f    412    415    416
f    412    416    417
f    412    417    413
f    413    417    418
f    413    418    419
f    413    419    420
f    413    420    414
f    414    420    421
f    414    421    422
f    414    422    307
f    414    307    306
f    422    423    424
f    422    424    311
f    422    311    308
f    422    308    307
f    311    424    425
f    311    425    426
f    311    426    312
f    313    312    426
f    313    426    427
f    313    427    428
f    313    428    314
f    314    428    429
f    314    429    430
f    314    430    317
f    314    317    315
f    318    317    430
f    318    430    431
f    318    431    432
f    318    432    319
f    319    432    433
f    319    433    434
f    319    434    322
f    319    322    320
f    323    322    434
f    323    434    435
f    323    435    326
f    323    326    324
f    326    435    436
f    326    436    437
f    326    437    438
f    326    438    327
f    327    438    439
f    327    439    440
f    327    440    330
f    327    330    328
f    330    440    441
f    330    441    442
f    330    442    331
f    229    331    442
f    229    442    443
f    229    443    332
f    229    332    230
f    335    334    444
f    335    444    336
f    336    444    445
f    336    445    446
f    336    446    338
f    336    338    337
f    338    446    447
f    338    447    448
f    338    448    449
f    338    449    339
f    339    449    450
f    339    450    451
f    339    451    341
f    339    341    340
f    341    451    452
f    341    452    453
f    341    453    454
f    341    454    343
f    341    343    342
f    343    454    455
f    343    455    456
f    343    456    344
f    344    456    457
f    344    457    458
f    344    458    346
f    344    346    345
f    346    458    459
f    346    459    460
f    346    460    348
f    346    348    347
f    348    460    461
f    348    461    462
f    348    462    463
f    348    463    349
f    349    463    464
f    349    464    352
f    349    352    351
f    349    351    350
f    464    465    466
f    464    466    467
f    464    467    353
f    464    353    352
f    353    467    468
f    353    468    469
f    353    469    357
f    353    357    354
f    468    470    471
f    468    471    472
f    468    472    473
f    468    473    469
f    469    473    474
f    469    474    475
f    469    475    361
f    469    361    358
f    469    358    357
f    472    476    477
f    472    477    474
f    472    474    473
f    474    477    478
f    474    478    479
f    474    479    480
f    474    480    475
f    475    480    363
f    475    363    362
f    475    362    361
f    363    480    479
f    363    479    481
f    363    481    482
f    363    482    483
f    363    483    364
f    364    483    367
f    364    367    366
f    364    366    365
f    367    483    482
f    367    482    484
f    367    484    485
f    367    485    486
f    367    486    368
f    371    370    369
f    371    369    368
f    371    368    486
f    371    486    487
f    487    486    485
f    487    485    488
f    487    488    489
f    487    489    490
f    487    490    491
f    374    372    371
f    374    371    487
f    374    487    491
f    374    491    492
f    374    492    376
f    491    490    493
f    491    493    494
f    491    494    495
f    491    495    492
f    376    492    495
f    376    495    496
f    376    496    378
f    376    378    377
f    378    496    497
f    378    497    498
f    378    498    499
f    378    499    380
f    378    380    379
f    499    500    501
f    499    501    383
f    499    383    382
f    499    382    381
f    499    381    380
f    501    502    503
f    501    503    504
f    501    504    505
f    501    505    506
f    501    506    384
f    501    384    383
f    384    506    507
f    384    507    387
f    384    387    385
f    505    508    509
f    505    509    510
f    505    510    507
f    505    507    506
f    510    509    511
f    510    511    512
f    510    512    513
f    388    387    507
f    388    507    510
f    388    510    513
f    388    513    514
f    388    514    391
f    514    513    512
f    514    512    515
f    514    515    516
f    514    516    517
f    392    391    514
f    392    514    517
f    392    517    394
f    394    517    516
f    394    516    518
f    394    518    395
f    395    518    519
f    395    519    520
f    395    520    397
f    395    397    396
f    398    397    520
f    398    520    521
f    398    521    522
f    398    522    399
f    399    522    523
f    399    523    524
f    399    524    401
f    399    401    400
f    524    525    526
f    524    526    402
f    524    402    401
f    402    526    527
f    402    527    528
f    402    528    529
f    402    529    404
f    402    404    403
f    404    529    530
f    404    530    531
f    404    531    406
f    404    406    405
f    406    531    532
f    406    532    533
f    406    533    409
f    406    409    407
f    533    534    535
f    533    535    410
f    533    410    409
f    410    535    536
f    410    536    537
f    410    537    415
f    410    415    411
f    415    537    538
f    415    538    539
f    415    539    416
f    416    539    540
f    416    540    541
f    416    541    418
f    416    418    417
f    418    541    542
f    418    542    543
f    418    543    419
f    419    543    544
f    419    544    545
f    419    545    421
f    419    421    420
f    421    545    546
f    421    546    547
f    421    547    423
f    421    423    422
f    547    548    549
f    547    549    425
f    547    425    424
f    547    424    423
f    426    425    549
f    426    549    550
f    426    550    551
f    426    551    427
f    427    551    552
f    427    552    553
f    427    553    429
f    427    429    428
f    429    553    554
f    429    554    431
f    429    431    430
f    431    554    555
f    431    555    556
f    431    556    433
f    431    433    432
f    434    433    556
f    434    556    557
f    434    557    558
f    434    558    436
f    434    436    435
f    436    558    559
f    436    559    560
f    436    560    437
f    437    560    561
f    437    561    562
f    437    562    439
f    437    439    438
f    439    562    563
f    439    563    564
f    439    564    565
f    439    565    441
f    439    441    440
f    442    441    565
f    442    565    566
f    442    566    443
f    332    443    566
f    332    566    567
f    332    567    333
f    445    568    447
f    445    447    446
f    447    568    569
f    447    569    570
f    447    570    448
f    448    570    571
f    448    571    572
f    448    572    573
f    448    573    450
f    448    450    449
f    450    573    574
f    450    574    575
f    450    575    452
f    450    452    451
f    452    575    576
f    452    576    577
f    452    577    453
f    453    577    578
f    453    578    579
f    453    579    455
f    453    455    454
f    455    579    580
f    455    580    581
f    455    581    457
f    455    457    456
f    457    581    582
f    457    582    583
f    457    583    459
f    457    459    458
f    459    583    584
f    459    584    585
f    459    585    461
f    459    461    460
f    461    585    586
f    461    586    587
f    461    587    462
f    462    587    588
f    462    588    589
f    462    589    465
f    462    465    464
f    462    464    463
f    589    590    591
f    589    591    592
f    589    592    466
f    589    466    465
f    466    592    593
f    466    593    470
f    466    470    468
f    466    468    467
f    593    594    595
f    593    595    471
f    593    471    470
f    471    595    596
f    471    596    597
f    471    597    476
f    471    476    472
f    597    598    478
f    597    478    477
f    597    477    476
f    596    599    600
f    596    600    598
f    596    598    597
f    478    598    600
f    478    600    601
f    478    601    481
f    478    481    479
f    481    601    602
f    481    602    484
f    481    484    482
f    485    484    602
f    485    602    603
f    485    603    604
f    485    604    488
f    488    604    605
f    488    605    606
f    488    606    489
f    489    606    607
f    489    607    608
f    489    608    493
f    489    493    490
f    493    608    609
f    493    609    610
f    493    610    494
f    495    494    610
f    495    610    611
f    495    611    497
f    495    497    496
f    497    611    612
f    497    612    613
f    497    613    614
f    497    614    498
f    498    614    615
f    498    615    616
f    498    616    500
f    498    500    499
f    616    617    618
f    616    618    619
f    616    619    502
f    616    502    501
f    616    501    500
f    619    620    621
f    619    621    503
f    619    503    502
f    503    621    622
f    503    622    623
f    503    623    504
f    504    623    624
f    504    624    625
f    504    625    508
f    504    508    505
f    625    626    511
f    625    511    509
f    625    509    508
f    624    627    628
f    624    628    629
f    624    629    626
f    624    626    625
f    512    511    626
f    512    626    629
f    512    629    630
f    512    630    515
f    630    629    628
f    630    628    631
f    516    515    630
f    516    630    631
f    516    631    632
f    516    632    633
f    516    633    519
f    516    519    518
f    520    519    633
f    520    633    634
f    520    634    521
f    521    634    635
f    521    635    636
f    521    636    637
f    521    637    523
f    521    523    522
f    523    637    638
f    523    638    525
f    523    525    524
f    638    639    640
f    638    640    641
f    638    641    527
f    638    527    526
f    638    526    525
f    527    641    642
f    527    642    528
f    528    642    643
f    528    643    644
f    528    644    645
f    528    645    530
f    528    530    529
f    530    645    646
f    530    646    532
f    530    532    531
f    532    646    647
f    532    647    648
f    532    648    534
f    532    534    533
f    648    649    650
f    648    650    536
f    648    536    535
f    648    535    534
f    536    650    651
f    536    651    652
f    536    652    538
f    536    538    537
f    538    652    653
f    538    653    540
f    538    540    539
f    540    653    654
f    540    654    655
f    540    655    542
f    540    542    541
f    542    655    656
f    542    656    657
f    542    657    544
f    542    544    543
f    544    657    658
f    544    658    659
f    544    659    546
f    544    546    545
f    546    659    660
f    546    660    661
f    546    661    548
f    546    548    547
f    549    548    661
f    549    661    662
f    549    662    663
f    549    663    550
f    550    663    664
f    550    664    552
f    550    552    551
f    552    664    665
f    552    665    666
f    552    666    555
f    552    555    554
f    552    554    553
f    556    555    666
f    556    666    667
f    556    667    668
f    556    668    557
f    557    668    669
f    557    669    670
f    557    670    559
f    557    559    558
f    561    560    559
f    561    559    670
f    561    670    671
f    561    671    672
f    673    672    671
f    673    671    674
f    673    674    675
f    676    563    562
f    676    562    561
f    676    561    672
f    676    672    673
f    677    564    563
f    677    563    676
f    566    565    564
f    566    564    677
f    566    677    567
f    678    679    571
f    678    571    570
f    678    570    569
f    571    679    680
f    571    680    681
f    571    681    572
f    572    681    682
f    572    682    683
f    572    683    574
f    572    574    573
f    574    683    684
f    574    684    685
f    574    685    576
f    574    576    575
f    576    685    686
f    576    686    687
f    576    687    578
f    576    578    577
f    578    687    688
f    578    688    689
f    578    689    580
f    578    580    579
f    580    689    690
f    580    690    691
f    580    691    582
f    580    582    581
f    582    691    692
f    582    692    693
f    582    693    584
f    582    584    583
f    584    693    694
f    584    694    695
f    584    695    586
f    584    586    585
f    586    695    696
f    586    696    697
f    586    697    588
f    586    588    587
f    588    697    698
f    588    698    590
f    588    590    589
f    698    699    700
f    698    700    591
f    698    591    590
f    591    700    701
f    591    701    702
f    591    702    594
f    591    594    593
f    591    593    592
f    702    703    599
f    702    599    596
f    702    596    595
f    702    595    594
f    701    704    703
f    701    703    702
f    602    601    600
f    602    600    599
f    602    599    703
f    602    703    704
f    602    704    705
f    602    705    706
f    602    706    603
f    603    706    707
f    603    707    605
f    603    605    604
f    605    707    708
f    605    708    709
f    605    709    607
f    605    607    606
f    607    709    710
f    607    710    711
f    607    711    609
f    607    609    608
f    610    609    711
f    610    711    712
f    610    712    713
f    610    713    612
f    610    612    611
f    612    713    714
f    612    714    715
f    612    715    613
f    613    715    716
f    613    716    717
f    613    717    615
f    613    615    614
f    615    717    718
f    615    718    719
f    615    719    617
f    615    617    616
f    719    720    721
f    719    721    722
f    719    722    618
f    719    618    617
f    618    722    723
f    618    723    724
f    618    724    620
f    618    620    619
f    724    725    726
f    724    726    622
f    724    622    621
f    724    621    620
f    622    726    727
f    622    727    627
f    622    627    624
f    622    624    623
f    727    726    725
f    727    725    728
f    727    728    729
f    727    729    730
f    631    628    627
f    631    627    727
f    631    727    730
f    631    730    731
f    631    731    632
f    731    730    729
f    731    729    732
f    633    632    731
f    633    731    732
f    633    732    733
f    633    733    734
f    633    734    635
f    633    635    634
f    635    734    735
f    635    735    736
f    635    736    636
f    636    736    737
f    636    737    738
f    636    738    639
f    636    639    638
f    636    638    637
f    738    739    740
f    738    740    640
f    738    640    639
f    640    740    741
f    640    741    742
f    640    742    643
f    640    643    642
f    640    642    641
f    643    742    743
f    643    743    744
f    643    744    644
f    644    744    745
f    644    745    746
f    644    746    647
f    644    647    646
f    644    646    645
f    647    746    747
f    647    747    649
f    647    649    648
f    747    748    749
f    747    749    651
f    747    651    650
f    747    650    649
f    651    749    750
f    651    750    654
f    651    654    653
f    651    653    652
f    654    750    751
f    654    751    752
f    654    752    656
f    654    656    655
f    656    752    753
f    656    753    754
f    656    754    658
f    656    658    657
f    658    754    755
f    658    755    756
f    658    756    660
f    658    660    659
f    660    756    757
f    660    757    662
f    660    662    661
f    662    757    758
f    662    758    759
f    662    759    665
f    662    665    664
f    662    664    663
f    666    665    759
f    666    759    760
f    666    760    761
f    666    761    667
f    669    668    667
f    669    667    761
f    669    761    762
f    669    762    763
f    671    670    669
f    671    669    763
f    671    763    764
f    671    764    765
f    671    765    674
f    765    764    766
f    765    766    767
f    765    767    768
f    675    674    765
f    675    765    768
f    675    768    769
f    675    769    770
f    770    769    771
f    770    771    772
f    770    772    773
f    773    772    774
f    773    774    775
f    776    777    778
f    776    778    680
f    776    680    679
f    776    679    678
f    778    779    780
f    778    780    682
f    778    682    681
f    778    681    680
f    682    780    781
f    682    781    782
f    682    782    684
f    682    684    683
f    684    782    783
f    684    783    784
f    684    784    686
f    684    686    685
f    686    784    785
f    686    785    786
f    686    786    688
f    686    688    687
f    688    786    787
f    688    787    788
f    688    788    690
f    688    690    689
f    690    788    789
f    690    789    790
f    690    790    692
f    690    692    691
f    692    790    791
f    692    791    792
f    692    792    694
f    692    694    693
f    694    792    793
f    694    793    794
f    694    794    696
f    694    696    695
f    793    795    796
f    793    796    797
f    793    797    794
f    696    794    797
f    696    797    798
f    696    798    699
f    696    699    698
f    696    698    697
f    798    799    705
f    798    705    704
f    798    704    701
f    798    701    700
f    798    700    699
f    797    796    800
f    797    800    799
f    797    799    798
f    800    801    708
f    800    708    707
f    800    707    706
f    800    706    705
f    800    705    799
f    708    801    802
f    708    802    803
f    708    803    710
f    708    710    709
f    711    710    803
f    711    803    804
f    711    804    805
f    711    805    712
f    712    805    806
f    712    806    807
f    712    807    714
f    712    714    713
f    714    807    808
f    714    808    716
f    714    716    715
f    716    808    809
f    716    809    810
f    716    810    811
f    716    811    718
f    716    718    717
f    718    811    812
f    718    812    720
f    718    720    719
f    812    813    814
f    812    814    721
f    812    721    720
f    721    814    815
f    721    815    816
f    721    816    817
f    721    817    723
f    721    723    722
f    723    817    818
f    723    818    728
f    723    728    725
f    723    725    724
f    818    817    816
f    818    816    819
f    818    819    820
f    818    820    821
f    732    729    728
f    732    728    818
f    732    818    821
f    732    821    822
f    732    822    733
f    821    820    823
f    821    823    824
f    821    824    825
f    821    825    822
f    733    822    825
f    733    825    826
f    733    826    735
f    733    735    734
f    735    826    827
f    735    827    828
f    735    828    737
f    735    737    736
f    737    828    829
f    737    829    830
f    737    830    739
f    737    739    738
f    830    831    832
f    830    832    741
f    830    741    740
f    830    740    739
f    741    832    833
f    741    833    834
f    741    834    743
f    741    743    742
f    743    834    835
f    743    835    836
f    743    836    745
f    743    745    744
f    745    836    837
f    745    837    748
f    745    748    747
f    745    747    746
f    837    838    751
f    837    751    750
f    837    750    749
f    837    749    748
f    751    838    839
f    751    839    840
f    751    840    753
f    751    753    752
f    753    840    841
f    753    841    842
f    753    842    755
f    753    755    754
f    755    842    843
f    755    843    758
f    755    758    757
f    755    757    756
f    759    758    843
f    759    843    844
f    759    844    845
f    759    845    760
f    761    760    845
f    761    845    846
f    761    846    847
f    761    847    762
f    763    762    847
f    763    847    848
f    763    848    766
f    763    766    764
f    766    848    849
f    766    849    850
f    766    850    851
f    766    851    767
f    768    767    851
f    768    851    852
f    768    852    771
f    768    771    769
f    771    852    853
f    771    853    854
f    771    854    855
f    771    855    774
f    771    774    772
f    775    774    855
f    775    855    856
f    775    856    777
f    775    777    776
f    856    857    858
f    856    858    779
f    856    779    778
f    856    778    777
f    858    859    860
f    858    860    781
f    858    781    780
f    858    780    779
f    781    860    861
f    781    861    862
f    781    862    783
f    781    783    782
f    783    862    863
f    783    863    864
f    783    864    785
f    783    785    784
f    785    864    865
f    785    865    787
f    785    787    786
f    787    865    866
f    787    866    867
f    787    867    789
f    787    789    788
f    789    867    868
f    789    868    869
f    789    869    791
f    789    791    790
f    868    870    871
f    868    871    872
f    868    872    869
f    791    869    872
f    791    872    795
f    791    795    793
f    791    793    792
f    872    871    873
f    872    873    874
f    872    874    802
f    872    802    801
f    872    801    800
f    872    800    796
f    872    796    795
f    873    875    876
f    873    876    874
f    803    802    874
f    803    874    876
f    803    876    877
f    803    877    878
f    803    878    804
f    804    878    879
f    804    879    880
f    804    880    806
f    804    806    805
f    806    880    881
f    806    881    882
f    806    882    809
f    806    809    808
f    806    808    807
f    809    882    883
f    809    883    884
f    809    884    810
f    810    884    885
f    810    885    886
f    810    886    813
f    810    813    812
f    810    812    811
f    885    887    888
f    885    888    889
f    885    889    886
f    886    889    815
f    886    815    814
f    886    814    813
f    815    889    888
f    815    888    890
f    815    890    891
f    815    891    819
f    815    819    816
f    890    892    893
f    890    893    894
f    890    894    895
f    890    895    891
f    819    891    895
f    819    895    896
f    819    896    823
f    819    823    820
f    823    896    897
f    823    897    898
f    823    898    899
f    823    899    824
f    825    824    899
f    825    899    900
f    825    900    827
f    825    827    826
f    827    900    901
f    827    901    902
f    827    902    829
f    827    829    828
f    829    902    903
f    829    903    904
f    829    904    831
f    829    831    830
f    904    905    906
f    904    906    833
f    904    833    832
f    904    832    831
f    833    906    907
f    833    907    835
f    833    835    834
f    835    907    908
f    835    908    839
f    835    839    838
f    835    838    837
f    835    837    836
f    908    909    910
f    908    910    841
f    908    841    840
f    908    840    839
f    843    842    841
f    843    841    910
f    843    910    911
f    843    911    844
f    845    844    911
f    845    911    912
f    845    912    913
f    845    913    846
f    847    846    913
f    847    913    914
f    847    914    915
f    847    915    849
f    847    849    848
f    849    915    916
f    849    916    917
f    849    917    850
f    851    850    917
f    851    917    918
f    851    918    853
f    851    853    852
f    853    918    919
f    853    919    920
f    853    920    921
f    853    921    854
f    855    854    921
f    855    921    922
f    855    922    857
f    855    857    856
f    922    923    924
f    922    924    859
f    922    859    858
f    922    858    857
f    924    925    926
f    924    926    861
f    924    861    860
f    924    860    859
f    861    926    927
f    861    927    863
f    861    863    862
f    863    927    928
f    863    928    929
f    863    929    866
f    863    866    865
f    863    865    864
f    866    929    930
f    866    930    931
f    866    931    932
f    866    932    870
f    866    870    868
f    866    868    867
f    931    933    934
f    931    934    935
f    931    935    932
f    932    935    875
f    932    875    873
f    932    873    871
f    932    871    870
f    876    875    935
f    876    935    934
f    876    934    936
f    876    936    877
f    877    936    937
f    877    937    938
f    877    938    939
f    877    939    940
f    877    940    879
f    877    879    878
f    879    940    941
f    879    941    942
f    879    942    881
f    879    881    880
f    881    942    943
f    881    943    944
f    881    944    945
f    881    945    883
f    881    883    882
f    883    945    946
f    883    946    947
f    883    947    948
f    883    948    887
f    883    887    885
f    883    885    884
f    947    949    950
f    947    950    948
f    948    950    951
f    948    951    952
f    948    952    892
f    948    892    890
f    948    890    888
f    948    888    887
f    952    953    893
f    952    893    892
f    893    953    954
f    893    954    955
f    893    955    894
f    895    894    955
f    895    955    956
f    895    956    957
f    895    957    897
f    895    897    896
f    897    957    958
f    897    958    959
f    897    959    898
f    899    898    959
f    899    959    960
f    899    960    961
f    899    961    901
f    899    901    900
f    901    961    962
f    901    962    963
f    901    963    903
f    901    903    902
f    903    963    964
f    903    964    905
f    903    905    904
f    964    965    909
f    964    909    908
f    964    908    907
f    964    907    906
f    964    906    905
f    911    910    909
f    911    909    965
f    911    965    966
f    911    966    967
f    911    967    968
f    911    968    912
f    913    912    968
f    913    968    969
f    913    969    914
f    914    969    970
f    914    970    971
f    914    971    916
f    914    916    915
f    917    916    971
f    917    971    972
f    917    972    919
f    917    919    918
f    919    972    973
f    919    973    974
f    919    974    920
f    921    920    974
f    921    974    975
f    921    975    923
f    921    923    922
f    975    976    977
f    975    977    978
f    975    978    979
f    975    979    925
f    975    925    924
f    975    924    923
f    979    980    928
f    979    928    927
f    979    927    926
f    979    926    925
f    928    980    981
f    928    981    982
f    928    982    930
f    928    930    929
f    930    982    983
f    930    983    938
f    930    938    937
f    930    937    933
f    930    933    931
f    937    936    934
f    937    934    933
f    939    984    941
f    939    941    940
f    941    984    985
f    941    985    986
f    941    986    943
f    941    943    942
f    944    987    988
f    944    988    946
f    944    946    945
f    946    988    989
f    946    989    990
f    946    990    949
f    946    949    947
f    990    991    992
f    990    992    951
f    990    951    950
f    990    950    949
f    951    992    993
f    951    993    954
f    951    954    953
f    951    953    952
f    955    954    993
f    955    993    994
f    955    994    995
f    955    995    956
f    956    995    996
f    956    996    997
f    956    997    958
f    956    958    957
f    959    958    997
f    959    997    998
f    959    998    999
f    959    999    960
f    960    999   1000
f    960   1000    962
f    960    962    961
f    962   1000   1001
f    962   1001    966
f    962    966    965
f    962    965    964
f    962    964    963
f   1002    967    966
f   1002    966   1001
f   1002   1001   1003
f   1002   1003   1004
f    968    967   1002
f    968   1002   1005
f    968   1005    970
f    968    970    969
f    971    970   1005
f    971   1005    977
f    971    977    976
f    971    976    973
f    971    973    972
f    974    973    976
f    974    976    975
f    978   1006   1007
f    978   1007    981
f    978    981    980
f    978    980    979
f   1007   1008   1009
f   1007   1009    986
f   1007    986    985
f   1007    985    983
f   1007    983    982
f   1007    982    981
f    983    985    984
f    983    984    939
f    983    939    938
f    943    986   1009
f    943   1009   1010
f    943   1010    987
f    943    987    944
f   1010   1011   1012
f   1010   1012    989
f   1010    989    988
f   1010    988    987
f    989   1012   1013
f    989   1013   1014
f    989   1014    991
f    989    991    990
f   1014   1015    994
f   1014    994    993
f   1014    993    992
f   1014    992    991
f   1016    996    995
f   1016    995    994
f   1016    994   1015
f   1016   1015   1017
f    997    996   1016
f    997   1016   1018
f    997   1018    998
f   1001   1000    999
f   1001    999    998
f   1001    998   1018
f   1001   1018   1019
f   1001   1019   1003
f   1004   1003   1019
f   1004   1019   1020
f   1004   1020   1008
f   1004   1008   1007
f   1004   1007   1006
f    977   1005   1002
f    977   1002   1004
f    977   1004   1006
f    977   1006    978
f   1020   1021   1011
f   1020   1011   1010
f   1020   1010   1009
f   1020   1009   1008
f   1022   1013   1012
f   1022   1012   1011
f   1022   1011   1021
f   1017   1015   1014
f   1017   1014   1013
f   1017   1013   1022
f   1019   1018   1016
f   1019   1016   1017
f   1019   1017   1022
f   1019   1022   1021
f   1019   1021   1020
f    333    567    677
f    333    677    676
f    333    676    673
f    333    673    675
f    333    675    770
f    333    770    773
f    333    773    775
f    333    775    776
f    333    776    678
f    333    678    569
f    333    569    568
f    333    568    445
f    333    445    444
f    333    444    334
