v    -3.391947    21.624888    96.101461
v    -6.874455    22.086458    96.399019
v   -11.176176    17.379869    97.286275
v   -11.176176    11.690899    97.846523
v     6.542042    11.690899    96.101461
v   -27.969392    15.153434    95.851635
v   -31.475934    11.646892    95.851635
v   -11.220014    11.646892    97.846523
v   -31.704434    11.589513    95.823369
v   -11.220014    -8.894907    95.823369
v    10.451590    10.710550    95.619919
v   -10.996423    -9.786734    95.713519
v   -10.542470   -10.283509    95.619919
v    51.928207    -7.332137    85.833862
v    34.863160    33.866557    85.833862
v    18.922164    27.427092    91.478655
v    14.257551    10.710550    94.994168
v    17.653397    27.497335    91.675673
v     5.960129    32.340855    91.675673
v    -3.315612    33.045988    92.627417
v    -6.874455    28.906586    94.330164
v   -14.871780    28.298607    93.509765
v   -39.105291    18.260862    93.509765
v   -44.203715    17.978538    92.717802
v   -43.462360    15.322185    93.276526
v   -35.669161    11.589513    95.171552
v   -51.892481    21.084613    89.995268
v   -55.468250    19.635416    89.092609
v   -56.274770    17.688428    89.092609
v   -50.701066    15.322185    91.080727
v   -49.541302    12.521962    91.080727
v   -36.844835     7.376653    94.285649
v   -17.786592   -11.681590    94.285649
v   -11.564118   -27.035934    90.409784
v    -4.760408   -29.854099    90.409784
v    -4.760408   -22.355580    92.684288
v    -0.288242   -40.388112    86.652400
v    11.545511   -54.152266    80.990173
v    26.370244   -53.025339    79.469210
v    54.371971   -41.426686    79.469210
v    55.307805   -39.117145    80.052308
v    60.767259   -33.657691    80.052308
v    53.837450    -8.822972    85.274799
v    67.528654   -30.917554    78.345499
v    73.264170   -17.070463    78.345499
v    77.354994   -16.482795    76.469769
v    85.074735   -16.482795    72.343400
v    89.751027   -13.777695    69.456516
v    97.847031    -6.217904    64.046316
v    98.107690    -5.798819    63.846929
v    97.436239     3.797498    62.831374
v    91.885385    24.513973    62.831374
v    75.491790   -17.070463    77.381399
v    91.758441    26.803541    62.475930
v    84.611134    33.794960    64.315946
v    73.669715    36.494982    68.567228
v    36.212833    35.216398    85.007709
v    55.165119    54.999578    68.567228
v    53.182079    55.448453    69.218368
v    36.477724    42.973038    81.603230
v    36.028510    42.997919    81.672965
v     8.805037    50.292311    81.672965
v    -2.592367    51.089860    82.879105
v    -3.315612    50.315161    83.396700
v    -5.514288    50.161305    83.164138
v   -45.832834    39.358001    83.164138
v   -45.874811    39.287081    83.195959
v   -52.289902    32.728627    84.884488
v   -59.679418    31.056178    82.457989
v   -70.584108    20.151487    82.457989
v   -71.615743    19.896921    82.057014
v   -70.833089    17.688428    82.791768
v   -77.113788    20.171968    79.078899
v   -80.501172    18.171663    77.554889
v   -81.061419    16.081143    77.554889
v   -75.928974    16.081143    80.298073
v   -77.528981    11.566494    78.796236
v   -89.107830    11.426347    72.587133
v   -90.477306    10.147763    71.672118
v   -89.592250     6.844332    71.672118
v   -90.700897     5.359760    70.571426
v   -47.758157   -37.582811    70.571426
v   -12.538204   -45.554071    82.136565
v   -12.163465   -44.596910    82.701891
v    -7.345672   -54.347422    78.180133
v    11.545511   -59.409286    78.180133
v    13.620121   -62.995549    75.966054
v    18.847690   -62.629950    75.412915
v    38.563504   -57.347033    75.412915
v    48.953477   -56.771552    73.799367
v    54.439844   -51.162642    75.243317
v    54.672067   -50.221561    75.609086
v    73.050903   -31.842725    75.609086
v    73.216439   -31.111695    75.849096
v    78.601419   -25.844180    74.462694
v    83.311563   -23.062745    72.343400
v   100.278100    -4.095225    61.787722
v   104.264830     0.357137    57.788975
v   103.826788     6.214858    57.192167
v   101.866936    16.067772    57.192167
v   101.335801    23.569507    56.111786
v    98.625115    26.516816    57.515282
v    96.655616    35.182547    54.675791
v    86.073195    51.020126    54.675791
v    85.072366    55.154111    53.059535
v    83.513489    56.712819    53.059535
v    81.394195    57.226013    53.888059
v    61.735590    70.361539    53.888059
v    52.825788    63.982330    63.053104
v    47.719240    64.344037    63.788704
v    14.582698    70.935327    63.788704
v     1.654684    71.901966    65.105709
v    -2.031442    68.601243    68.416249
v    -2.592367    67.886800    69.094301
v   -36.128530    61.215959    69.094301
v   -38.267627    61.064472    68.786080
v   -44.829805    55.029029    71.910943
v   -45.214361    54.171054    72.462558
v   -72.865045    35.695402    72.462558
v   -74.366204    32.302941    74.238426
v   -77.848034    28.821110    74.238426
v   -82.442743    26.787969    71.833422
v   -88.420977    17.840931    71.833422
v   -91.005902    16.682690    70.171467
v   -93.778537    16.085205    67.993609
v   -96.197419    14.163606    66.322175
v   -97.289310     8.674193    66.322175
v   -96.350768     8.674193    67.092304
v  -102.072743     4.919517    61.783491
v  -104.538003     2.166517    59.310953
v  -103.643299    -2.331545    59.310953
v  -100.877604    -1.688360    61.685659
v   -99.736459    -0.701918    62.783135
v  -110.365934   -11.721027    49.652348
v  -109.596651   -15.105703    48.543362
v  -102.870969   -25.171545    48.543362
v  -101.139956   -32.320543    45.748386
v   -94.688135   -38.772364    45.748386
v   -86.143595   -40.841219    49.088885
v   -21.065481   -84.324911    49.088885
v   -17.126143   -85.220292    50.379655
v    -7.371569   -78.236321    60.413846
v    -6.503946   -74.505510    63.617244
v    12.449694   -67.661347    72.327997
v     4.871454   -80.671622    60.413846
v    12.449694   -73.885683    67.219925
v    14.576604   -73.726580    67.003274
v    37.145959   -69.237319    67.003274
v    44.666312   -68.704661    65.920184
v    48.606496   -65.080991    67.796253
v    51.340878   -64.459641    66.900364
v    69.347344   -52.428023    66.900364
v    70.049261   -52.258087    66.625995
v    73.275172   -49.032008    66.625995
v    74.189510   -45.256174    68.102104
v    88.096011   -24.443561    68.102104
v    88.458733   -22.847955    68.624946
v    91.738468   -19.281834    66.926938
v    95.907152   -15.970109    64.046316
v   106.436764     0.357137    55.142438
v   107.875636     1.983210    53.075446
v   109.216338     3.974036    51.057538
v   108.931813     7.455019    50.732391
v   107.393417    17.167787    50.732391
v   106.967053    22.154331    50.096654
v   106.268520    23.079332    50.675182
v   104.233517    31.220867    48.221770
v    97.481431    44.472674    48.221770
v    95.267183    52.746738    45.180522
v    93.607089    54.596741    45.569479
v    90.051124    62.579341    41.413321
v    82.647051    69.983583    41.413321
v    81.113732    73.224726    39.379333
v    62.370820    71.558370    52.400271
v    80.990850    75.673060    36.609576
v    80.508800    76.358898    36.098583
v    64.311376    84.611975    36.098583
v    61.237122    82.970838    39.822115
v    53.559865    83.627563    40.800772
v    21.401811    88.720910    40.800772
v    10.196855    89.636602    41.847470
v     4.118589    85.543577    48.007996
v     1.654684    83.363350    51.139967
v   -27.056239    78.816033    51.139967
v   -28.714302    77.289993    52.679379
v   -35.219947    72.377584    56.747861
v   -37.452644    69.266432    59.746626
v   -59.109353    58.231750    59.746626
v   -60.388445    56.412215    61.102222
v   -72.204596    45.809483    63.586608
v   -73.794278    45.101472    62.758931
v   -92.782954    26.112795    62.758931
v   -94.566438    25.269038    61.639620
v   -94.592335    25.240264    61.633527
v   -97.767298    23.008413    59.267961
v  -102.597954    13.527699    59.267961
v  -104.444402    12.202570    57.488201
v  -105.973828    11.410606    55.777329
v  -107.485989     9.767438    54.251966
v  -108.777945     1.610839    54.251966
v  -106.997000     1.610839    56.421868
v  -111.630300    -1.612701    50.154202
v  -113.547668    -4.460148    47.268333
v  -112.387735   -11.783484    47.268333
v  -111.307861   -11.627427    48.614282
v  -114.969444   -16.620233    41.410105
v  -114.146506   -19.912832    40.417907
v  -110.636410   -26.801679    40.417907
v  -109.302140   -31.787546    38.585339
v  -109.869666   -33.788359    36.173903
v  -103.515000   -48.053351    28.746812
v   -93.423262   -58.145259    28.746812
v   -87.856836   -69.912156    21.362204
v   -75.758699   -80.767930    18.818577
v   -52.143493   -87.087898    27.498525
v   -46.072336   -90.181278    27.498525
v   -30.023860   -94.192381    32.334767
v   -26.792026   -93.876374    34.613334
v   -16.796257   -88.540818    46.720103
v   -15.784426   -88.627310    46.849078
v     4.571527   -81.998613    58.854630
v    -5.522582   -90.252705    46.849078
v    -3.605891   -90.409270    47.028154
v     4.571527   -84.902593    55.316098
v     7.726179   -84.644811    55.021418
v    34.892273   -80.342074    55.021418
v    41.634712   -79.765408    54.161920
v    43.724216   -78.187574    55.468770
v    46.254979   -77.555053    54.706088
v    68.633070   -66.152910    54.706088
v    68.640856   -65.997530    54.881779
v    69.234109   -64.743319    55.668834
v    81.748624   -52.228805    55.668834
v    83.469143   -48.366481    57.679802
v    87.458073   -43.921058    56.745153
v    89.236818   -37.274928    59.188071
v    98.612759   -18.873242    59.188071
v    99.425880   -15.620420    60.168250
v   102.643497   -11.359320    57.503434
v   104.983843    -8.816202    55.142438
v   112.386223     3.974036    45.127036
v   113.148059     5.381256    43.355062
v   113.336106     5.815068    42.896539
v   113.209500     7.257494    42.778057
v   111.735083    18.456526    42.778057
v   111.454790    21.367445    42.461881
v   111.565147    21.751833    41.967306
v   110.248311    26.619049    40.684660
v   104.640247    40.158089    40.684660
v   101.955966    49.241889    37.730580
v   100.107318    51.729491    38.613774
v    95.780207    60.824462    34.324239
v    89.256113    69.326857    34.324239
v    86.292216    75.048325    31.039935
v    85.823199    78.385946    26.223158
v    83.757730    81.231362    24.184093
v    78.662860    85.140740    24.184093
v    77.301508    86.866507    22.615907
v    65.098939    86.311167    32.906863
v    76.098076    89.455495    18.780663
v    75.166812    90.331749    17.880882
v    63.550048    95.143618    17.880882
v    61.725942    96.724329    15.620256
v    60.467162    97.433356    14.728599
v    56.930661    97.773905    15.112817
v    29.832440   101.341550    15.112817
v    21.693783   102.055823    15.781053
v    13.231671    98.389162    24.725045
v    10.196855    96.745994    28.546747
v   -13.345571    93.646521    28.546747
v   -17.466862    91.043653    32.401286
v   -21.577828    88.728019    35.313898
v   -25.988214    84.906147    40.779276
v   -44.654452    77.174220    40.779276
v   -48.926215    73.154822    44.906829
v   -49.028447    73.005874    45.102493
v   -55.014974    66.594676    50.209211
v   -58.200093    62.557168    53.878072
v   -82.247080    44.105381    53.878072
v   -93.003330    38.533370    47.703668
v   -93.707617    38.434523    46.687436
v  -106.806075    21.364229    46.687436
v  -106.418980    21.189892    47.530008
v  -108.109032    20.758620    44.757204
v  -113.067141     8.788782    44.757204
v  -114.004836     7.706539    43.416164
v  -114.720464     7.006991    42.249630
v  -115.792213     5.309998    40.662487
v  -117.105156    -4.663090    40.662487
v  -114.425445    -4.663090    45.675943
v  -118.658278    -7.531186    37.050666
v  -119.256271    -8.911495    35.591821
v  -118.288109   -16.265466    35.591821
v  -117.365308   -16.200132    37.334513
v  -119.175873   -19.359862    31.611861
v  -119.145576   -19.472250    31.582241
v  -114.623309   -30.389804    31.582241
v  -113.867398   -32.947987    30.750332
v  -113.997051   -34.313401    28.845659
v  -107.805381   -47.327568    22.707645
v  -102.837625   -53.801561    22.707645
v   -95.859070   -67.273405    14.974363
v   -93.936625   -69.195682    14.974363
v   -90.975605   -73.275166    12.051089
v   -76.377341   -84.476737    12.051089
v   -74.823712   -85.215891    12.783811
v   -73.952873   -85.862969    12.474744
v   -57.569433   -90.704458    17.802515
v   -53.106408   -92.552937    17.802515
v   -38.285399   -96.562856    21.708677
v   -21.677183   -94.368919    35.169012
v   -14.019053   -95.377195    35.169012
v    -8.488510   -95.862631    35.622965
v    -3.605891   -93.746891    40.783676
v     4.863668   -93.003674    40.088360
v    28.380027   -89.907586    40.088360
v    37.738027   -89.006450    39.071620
v    40.263712   -87.583827    40.861028
v    44.805782   -86.355005    39.663858
v    64.091339   -78.366650    39.663858
v    66.461814   -77.666256    38.893052
v    66.985501   -77.002422    39.496122
v    69.132723   -66.786954    53.355908
v    79.148295   -67.669641    39.496122
v    79.442975   -65.571843    42.523661
v    80.392181   -63.739443    43.575437
v    91.626757   -49.098357    43.575437
v    94.826771   -42.372168    46.747861
v    97.842969   -38.313841    45.306789
v    99.276763   -33.462027    46.884623
v   109.838027    -7.964997    46.884623
v   109.857153    -7.942655    46.857033
v   110.234262    -7.273235    46.382769
v   111.082251    -5.930672    45.127036
v   116.355350     5.815068    32.943254
v   116.510561     6.446404    32.197160
v   116.493635     6.630897    32.184296
v   115.034452    19.582269    32.184296
v   114.924603    20.652664    32.088834
v   114.951684    21.579527    30.922300
v   113.874350    25.379903    30.083959
v   109.754243    37.154077    30.083959
v   107.235498    45.158850    27.900685
v   105.873300    47.535757    28.935366
v   100.937703    57.425908    24.982488
v    94.122145    68.272711    24.982488
v    89.209059    77.140198    20.628296
v    88.580262    78.772365    18.004779
v    85.220467    83.190367    15.238408
v    81.765888    86.645116    15.238408
v    80.132706    88.557406    13.720492
v    77.913888    91.863883     7.809454
v    76.642075    93.010952     6.733643
v    73.004357    95.296797     6.733643
v    71.778074    96.252942     5.505329
v    69.683662    98.157616     1.614400
v    69.125953    98.498673     1.129811
v    58.954155   102.058024     1.129811
v    56.662893   103.189352    -1.419909
v    55.362475   103.669371    -2.368607
v    49.568904   104.263809    -1.851689
v    33.882811   106.031213    -1.851689
v    29.444159   106.438112    -1.544484
v    23.966933   105.342667     4.101325
v    21.693783   104.783773     6.787975
v     1.313796   102.487603     6.787975
v    -3.073571   100.803475    10.709879
v    -9.789097    98.325351    15.608408
v   -12.205102    97.132244    18.296921
v   -35.083016    89.126963    18.296921
v   -36.910676    88.009006    19.885249
v   -40.941583    85.698788    21.640128
v   -47.571634    82.390110    18.990206
v   -56.987520    76.473656    18.990206
v   -93.653623    38.698567    46.174750
v   -93.739099    38.466005    46.558968
v   -95.540694    46.412214    21.074971
v  -103.408198    38.544710    21.074971
v  -105.368219    35.967401    22.688857
v  -106.031376    34.246036    25.455229
v  -105.750237    34.046648    26.711809
v  -108.628150    21.117449    42.927682
v  -114.888200    20.150472    25.455229
v  -115.082340    18.970566    27.146805
v  -114.172065    18.702798    30.480872
v  -120.383368     3.821025    27.146805
v  -120.339360     3.822380    27.291691
v  -120.971882     2.702561    25.622457
v  -121.204782     2.095598    25.079812
v  -122.471010    -9.141518    25.079812
v  -120.054497    -9.141518    33.045994
v  -123.128921   -11.818182    21.916528
v  -122.366408   -18.585840    21.916528
v  -121.456979   -18.613599    24.904290
v  -122.433604   -20.887765    19.018811
v  -118.560108   -31.957652    19.018811
v  -118.425716   -32.384523    18.902361
v  -118.381878   -32.651276    18.520004
v  -114.697106   -40.034699    15.568971
v  -106.538477   -53.019246    15.568971
v   -99.353087   -65.987882     9.200934
v   -99.278444   -66.181514     8.889666
v   -95.012436   -71.790932     5.377200
v   -89.489510   -77.314028     5.377200
v   -86.425919   -80.901475     2.529584
v   -84.687797   -82.354227     2.255384
v   -83.865536   -82.809872     2.659237
v   -75.059828   -88.342785     2.659237
v   -74.009237   -88.867150     3.079169
v   -72.539052   -89.109021     5.186784
v   -63.080004   -92.085274     7.766632
v   -56.357030   -94.437807     7.766632
v   -47.020695   -97.084513     9.826177
v   -38.198908   -96.827239    20.930932
v   -29.701591   -97.699262    21.689043
v   -19.557889   -98.842269    21.689043
v   -10.638609   -99.659960    22.306501
v    -8.488510   -99.229872    24.522611
v    -1.398921   -98.579917    24.031929
v    23.543785   -95.769538    24.031929
v    34.991290   -94.594710    23.010619
v    36.035788   -94.209307    23.772624
v    39.212952   -93.308679    23.071721
v    61.295009   -85.581830    23.071721
v    63.917002   -84.756860    22.356602
v    66.795254   -78.148645    37.193182
v    64.179015   -84.713699    21.980846
v    76.550675   -76.939965    21.980846
v    77.088073   -76.139369    23.412271
v    76.915259   -75.895805    24.500438
v    79.728515   -68.249861    37.134618
v    85.631090   -67.596352    23.412271
v    86.312358   -65.827424    26.255486
v    88.970912   -61.029266    28.611574
v   100.561779   -42.582557    28.611574
v   104.038700   -35.615173    31.396225
v   107.530855   -29.522351    28.743426
v   109.075514   -24.613328    30.082436
v   114.718614    -8.486146    30.082436
v   115.222499    -6.708756    30.474440
v   115.165289    -4.747550    32.943254
v   114.650234    -4.763291    34.635338
v   116.557277     6.416615    31.753024
v   117.863619     6.416615    18.489368
v   116.514115    20.119159    18.489368
v   116.493635    20.127452    18.687909
v   116.391910    20.713935    17.843137
v   111.846625    35.697264    17.843137
v   111.052800    38.159138    17.320465
v   109.416910    42.834245    17.320465
v   106.744477    48.651682    12.395192
v    97.570462    65.815068    12.395192
v    93.681732    72.647045     9.724283
v    91.324799    76.397997     9.724283
v    86.099430    83.403126     4.278200
v    81.866428    88.561129     4.278200
v    80.227153    90.419256     3.088647
v    76.497020    94.149220    -3.869935
v    73.601673    96.525450    -3.869935
v    73.428520    96.654594    -4.004496
v    69.311630    99.420627   -10.377611
v    66.597729   100.871178   -10.377611
v    65.206249   101.510470   -11.555655
v    62.192421   102.775513   -15.452509
v    53.809523   105.318463   -15.452509
v    51.368128   105.852306   -17.749017
v    50.246956   105.978573   -17.749017
v    49.746457   106.031213   -17.715334
v    34.578297   107.525264   -17.715334
v    29.444159   107.525264   -12.581196
v    16.783236   106.278162   -12.581196
v    13.495377   105.932535   -12.360313
v    10.624572   105.342667    -9.241036
v     2.285343   103.519238    -1.397228
v   -13.460328    98.742914    -1.397228
v   -22.504353    95.826409     0.523017
v   -30.248298    93.116739     0.523017
v   -31.390458    92.592036     1.489994
v   -59.235113    77.708740     1.489994
v   -61.236433    76.569626     0.707679
v   -72.405675    69.551634     0.707679
v   -74.539187    67.085358     8.148311
v   -72.707634    69.326350     0.472916
v   -90.428898    54.782757     0.472916
v   -92.686646    52.790915     1.918220
v   -88.128835    55.637346    11.219688
v   -95.628201    49.849360     1.918220
v   -98.093122    47.055399     3.706781
v  -108.686037    34.147865     3.706781
v  -109.649460    32.856418     4.710827
v  -110.497279    31.594422     6.664416
v  -110.444132    31.576142     7.374458
v  -114.996357    20.234424    24.391943
v  -118.232930    17.122256     6.664416
v  -118.362413    16.813697     7.063360
v  -118.196709    16.823852     8.869016
v  -123.420046     0.140654     7.063360
v  -123.177329     0.238317     9.431634
v  -123.177329   -11.818182    21.487964
v  -123.510261    -0.298235     6.586388
v  -124.669517   -12.068686     6.586388
v  -123.569333   -12.068686    17.758000
v  -124.669517   -13.692219     4.962854
v  -124.040212   -20.083107     4.962854
v  -123.569333   -20.272508     9.554178
v  -122.715590   -21.076319    16.327252
v  -123.684937   -21.811243     3.085093
v  -121.243543   -29.859854     3.085093
v  -120.986269   -29.875764     5.887686
v  -120.519114   -31.585620     0.853580
v  -110.760816   -49.842082     0.853580
v  -108.583804   -53.666662    -0.641486
v  -102.437497   -63.448487    -0.641486
v   -99.373229   -67.556407    -3.835237
v   -92.193255   -76.305243    -3.835237
v   -90.239497   -78.519830    -5.252952
v   -89.054852   -79.704475    -7.462969
v   -82.048200   -85.454716    -7.462969
v   -81.946475   -85.523097    -7.305388
v   -81.614558   -85.711990    -7.175567
v   -74.971306   -89.262878    -7.175567
v   -72.594061   -90.354938    -5.162906
v   -72.285840   -90.484252    -4.764470
v   -65.749559   -92.592036    -3.376714
v   -57.110572   -95.212676    -3.376714
v   -46.624290   -97.505460     6.486525
v   -40.268778   -98.221596     6.486525
v   -34.363665   -98.842269     6.883099
v   -10.638609  -101.178891     6.883099
v    -8.076364  -101.178891     4.320854
v    18.312154   -98.579917     4.320854
v    20.928731   -98.304871     4.145163
v    31.816157   -97.078250     4.145163
v    32.869795   -96.847719     5.136175
v    54.083045   -90.412824     5.136175
v    54.292927   -90.345121     5.180859
v    60.749825   -88.085850     5.180859
v    64.248242   -84.802899    21.104084
v    61.330215   -87.819097     4.689331
v    73.519582   -81.303804     4.689331
v    73.452386   -81.108649     7.294060
v    76.812180   -77.224997    19.011533
v    73.647880   -81.217482     4.490621
v    80.686353   -75.441175     4.490621
v    81.612878   -74.514820     6.219095
v    81.435663   -74.337436     9.576012
v    85.640399   -67.604815    23.315793
v    89.940597   -64.367226     6.219095
v    90.956152   -63.006043     7.277303
v    92.911096   -59.894722     7.277303
v    95.292233   -55.711312     8.912855
v   108.173024   -31.612871     8.912855
v   110.501184   -26.544913    13.203743
v   110.644039   -26.204702    13.643648
v   112.161109   -21.499975    14.642616
v   115.906137    -9.154551    14.642616
v   116.333347    -7.200284    16.480770
v   116.704871    -5.392597    18.445022
v   116.557277    -5.452007    19.884402
v   117.863619     6.372269    18.445022
v   116.362121     6.372269     3.200358
v   116.362121    20.725784    17.554042
v   116.333347     6.353819     2.926497
v   116.289170     6.353819     2.533477
v   114.468957    22.508590     2.533477
v   114.052918    23.592187     1.564807
v   113.758915    24.389059     0.983571
v   113.502318    24.908685     0.405382
v   104.272447    51.286032     0.405382
v   103.537355    52.487941    -0.639286
v    97.650352    62.759433    -5.111282
v    95.301204    65.771738    -8.128496
v    81.987279    86.960615    -8.128496
v    78.700605    90.604426   -11.210874
v    76.490757    94.142958    -3.989771
v    77.515791    91.399436   -13.328983
v    74.424611    94.039202   -15.782564
v    70.712080    97.751732   -15.782564
v    70.423663    97.971092   -15.963163
v    69.271177    99.303162   -11.943766
v    66.157824    99.614260   -22.819513
v    63.088648   101.542799   -22.819513
v    63.231841   101.727291   -21.005394
v    62.197160   102.698162   -16.296096
v    59.130184   102.194108   -28.494604
v    52.500472   104.513974   -28.494604
v    52.553620   104.593356   -27.737338
v    50.489504   104.455410   -31.026043
v    38.737164   105.779525   -31.026043
v    37.927259   105.978573   -30.068714
v    34.578297   106.648501   -26.616673
v    30.539097   106.278162   -26.337057
v    19.423002   105.025644   -26.337057
v    16.581479   104.734180   -26.083507
v    12.479484   104.853677   -20.920087
v     0.828868   101.550923   -18.349887
v   -21.180238    93.849632   -18.349887
v   -33.647698    89.926712   -14.949470
v   -43.680196    84.176640   -19.317541
v   -49.418759    81.312775   -17.023911
v   -67.844310    69.735280   -17.023911
v   -76.505132    64.936783   -12.771105
v   -83.405828    59.168769   -13.859780
v   -84.696598    57.657285   -15.059489
v  -100.823780    41.529934   -15.059489
v  -101.066159    41.211388   -15.259045
v  -101.542623    40.641493   -15.169169
v  -102.830009    39.214130   -13.961843
v  -113.626881    22.030941   -13.961843
v  -114.261603    21.217143   -13.146691
v  -114.267865    21.210034   -13.133658
v  -114.310519    21.243209   -12.713895
v  -118.174367    17.125811     6.026478
v  -121.117106     1.636398   -13.133658
v  -121.206644     1.696146   -12.279238
v  -123.186299    -0.168074     3.427504
v  -123.186299   -13.635179   -10.039601
v  -121.102719     1.143515   -13.753993
v  -122.767891   -13.635179   -13.753993
v  -123.275668   -13.692219    -9.189751
v  -123.275668   -21.975932    -0.906038
v  -122.727099   -13.800714   -13.949487
v  -121.711206   -22.816980   -13.949487
v  -122.103718   -23.079501   -10.203951
v  -120.430930   -31.591036    -0.105612
v  -121.510634   -23.198321   -14.469282
v  -117.469571   -34.746873   -14.469282
v  -116.167799   -36.875477   -16.319115
v  -113.350142   -41.791439   -18.459397
v  -112.931226   -42.328668   -18.997472
v   -94.878890   -71.058886   -18.997472
v   -94.468437   -71.799734   -18.633734
v   -92.512817   -74.139234   -19.002889
v   -89.044020   -79.693642    -7.667603
v   -91.951553   -74.618576   -19.448379
v   -83.886185   -82.683944   -19.448379
v   -84.020916   -82.830691   -17.918445
v   -81.963571   -85.208782   -10.743211
v   -83.493673   -82.835092   -20.079377
v   -77.911676   -86.342480   -20.079377
v   -77.212805   -86.978048   -18.781159
v   -77.294388   -87.082989   -17.749017
v   -65.304577   -91.144870   -18.781159
v   -63.143137   -92.212218   -16.375648
v   -58.227852   -94.026169   -12.790401
v   -45.851453   -95.296120   -13.894478
v   -19.887775   -98.221596   -13.894478
v    -8.076364   -99.304346   -14.712169
v    -7.525256   -99.194159   -15.280033
v     2.174986   -98.304871   -14.608582
v    24.803750   -95.755320   -14.608582
v    33.945099   -94.817117   -13.793092
v    34.104033   -94.758553   -13.908865
v    38.927073   -93.391278   -12.844902
v    62.747252   -85.056111   -12.844902
v    65.044945   -84.333205   -12.218305
v    65.681867   -83.968282   -12.495551
v    73.512812   -80.825140    -0.745750
v    75.943712   -78.015099    -9.223941
v    66.817935   -83.082210   -13.633650
v    75.555600   -77.591951   -13.633650
v    80.447528   -75.202350    -0.032830
v    84.010095   -69.497978   -11.674306
v    75.719105   -77.348218   -14.069492
v    83.622322   -69.445170   -14.069492
v    83.812908   -69.317040   -13.728435
v    97.729734   -47.168803   -13.728435
v    98.325527   -46.404767   -12.963214
v   101.946488   -40.087000   -10.212584
v   105.175952   -34.806791    -5.623799
v   110.903852   -18.437738    -5.623799
v   112.881645   -14.432390    -1.166697
v   113.215762   -13.527022    -0.506248
v   114.321194   -10.647078     2.068184
v   116.192354     5.960292     2.068184
v   111.442265     5.960292   -13.590827
v   111.104593     5.862968   -14.667485
v   108.376474    26.585705   -14.667485
v   107.086719    28.627816   -16.577236
v   104.435444    33.334744   -19.911980
v   103.461526    34.458625   -21.304813
v    89.432481    68.327890   -21.304813
v    87.321820    70.571081   -23.472346
v    79.941782    80.501008   -26.998014
v    75.887348    83.699499   -30.682278
v    66.087074    96.471456   -30.682278
v    66.551690    96.936072   -28.791823
v    65.768190    99.065183   -25.273602
v    63.112006    96.889526   -34.976044
v    59.245788    99.856131   -34.976044
v    59.641685   100.428904   -32.957629
v    59.026597   101.841372   -29.786389
v    56.224681    99.569237   -39.190090
v    50.941765   101.757589   -39.190090
v    51.148769   102.210865   -37.713303
v    50.497290   104.202199   -31.857614
v    48.440961   101.040099   -42.406521
v    40.102070   102.137914   -42.406521
v    39.340404   102.550229   -41.447499
v    38.737164   102.811565   -40.809900
v    35.999059   102.571387   -40.585123
v    19.190948   100.358492   -40.585123
v    15.018371    99.956671   -40.131678
v    12.476098    98.524739   -41.932765
v    -1.370147    94.778526   -38.283707
v   -37.366661    79.868318   -38.283707
v   -46.766637    77.090606   -35.226886
v   -51.676168    73.441886   -36.970086
v   -52.100670    73.239791   -36.769853
v   -85.591641    47.541342   -36.769853
v   -88.238515    46.170174   -35.250413
v   -88.960575    46.068788   -34.208454
v   -90.086825    45.251266   -33.401426
v  -103.361144    27.951795   -33.401426
v  -104.581672    26.988880   -32.292271
v  -105.700644    25.483320   -31.757751
v  -106.371587    23.212878   -32.496059
v  -114.890231     2.647044   -32.496059
v  -115.127194     2.755370   -31.723730
v  -119.945664     1.178890   -17.555215
v  -117.762728   -13.563244   -30.226802
v  -114.456420     1.135221   -34.440678
v  -116.157474   -11.786361   -34.440678
v  -117.119713   -13.563244   -32.202902
v  -118.586174   -13.800714   -27.600577
v  -119.984593   -23.244868   -19.482738
v  -115.770040   -23.814932   -32.202902
v  -115.781550   -23.855047   -32.151448
v  -116.757329   -24.300706   -28.972422
v  -107.072489   -44.880588   -32.151448
v  -106.528660   -45.458608   -32.710003
v   -98.545044   -56.200641   -36.524089
v   -97.870885   -57.617509   -35.855853
v   -84.130088   -75.524958   -35.855853
v   -83.923084   -76.997175   -33.731143
v   -84.343862   -77.417784   -32.019256
v   -82.740978   -81.774345   -24.820664
v   -78.440780   -81.203942   -33.731143
v   -78.359366   -81.378786   -33.472177
v   -79.180612   -82.566816   -29.286059
v   -77.760358   -85.827763   -21.964585
v   -68.644737   -85.402753   -33.472177
v   -67.604809   -86.303889   -32.183607
v   -66.726523   -86.798634   -31.561241
v   -47.399497   -88.659807   -33.661070
v   -22.855227   -91.891134   -33.661070
v    -7.525256   -93.236575   -34.919681
v    -7.310297   -93.143313   -35.146827
v     1.777566   -92.345764   -34.400732
v    25.293756   -89.249845   -34.400732
v    36.251424   -88.194683   -33.210333
v    38.959571   -86.669150   -35.128885
v    41.184313   -86.067265   -34.542572
v    67.193521   -75.293920   -34.542572
v    68.404062   -75.409016   -32.854042
v    69.481397   -76.967385   -27.362598
v    74.634830   -75.820146   -20.898930
v    74.790549   -70.508286   -32.854042
v    76.105523   -71.823261   -27.503422
v    83.262477   -69.189927   -15.677115
v    74.856052   -70.042316   -33.526678
v    85.685084   -55.929826   -33.526678
v    86.326914   -55.423403   -32.943242
v    87.227373   -54.211846   -32.513154
v    91.163156   -50.028944   -28.471415
v    98.816547   -31.552276   -28.471415
v   102.548712   -27.245308   -23.134335
v   105.404283   -22.175657   -19.542487
v   106.947588   -19.732063   -17.257150
v   110.018795     3.596419   -17.257150
v   110.538252     4.555610   -16.049147
v   100.708526     3.596419   -34.675440
v    99.622221     3.345238   -36.645955
v    94.443906    36.040013   -36.645955
v    92.208670    38.468713   -38.900826
v    86.221804    46.397320   -43.859103
v    84.007387    47.986325   -45.993292
v    64.601994    86.071666   -45.993292
v    62.768748    87.360405   -47.359383
v    61.800417    95.577937   -38.725812
v    61.962905    87.400858   -48.271012
v    54.885503    94.478091   -48.271012
v    56.266319    96.230092   -44.539864
v    55.774621    98.569762   -41.365577
v    53.654143    94.128740   -49.755077
v    48.052342    96.982957   -49.755077
v    48.637301    98.245123   -47.384772
v    48.356500    99.846314   -44.660545
v    40.102070    97.743100   -50.628623
v    45.517855    95.630069   -52.824930
v    39.822115    96.532220   -52.824930
v    39.359530    96.220783   -53.293609
v    36.383615    95.977558   -53.015685
v    14.078305    92.444781   -53.015685
v    11.369313    92.213065   -52.670396
v     0.049599    83.665477   -59.749322
v   -18.565523    79.012713   -54.139566
v   -40.812946    67.677258   -54.139566
v   -53.607754    64.252976   -49.436700
v   -69.284198    50.186524   -52.732684
v   -71.492522    49.202790   -51.582906
v   -88.304019    32.391125   -51.582906
v   -89.954295    31.610501   -50.547210
v   -90.884036    30.574466   -50.329373
v   -91.229663    29.282680   -50.804145
v  -105.116361     2.028740   -50.804145
v  -105.413750     2.166517   -50.245421
v  -112.205104     0.975610   -38.691960
v  -109.018800   -11.528918   -47.732938
v  -104.653099     1.160779   -51.855414
v  -106.349414    -9.549602   -51.855414
v  -108.100739   -11.528918   -49.339376
v  -110.132356   -11.786361   -45.712830
v  -113.150078   -23.629424   -37.150178
v  -105.985168   -24.885835   -49.339376
v  -105.610936   -25.292396   -49.716993
v  -104.163094   -26.042044   -51.336465
v  -104.150738   -26.051015   -51.348313
v   -90.177040   -53.476076   -51.348313
v   -88.905566   -58.226842   -49.602066
v   -86.404254   -61.014371   -50.188211
v   -85.071169   -64.007042   -48.630011
v   -83.757718   -75.152757   -36.920155
v   -76.933019   -72.145192   -48.630011
v   -76.847882   -73.843030   -46.709427
v   -78.379508   -75.786464   -42.570703
v   -77.622581   -79.387622   -37.684868
v   -69.762355   -79.029977   -44.313733
v   -69.171133   -77.754609   -46.709427
v   -67.906259   -77.079434   -48.241223
v   -49.678233   -78.638481   -50.564982
v   -24.019730   -82.702393   -50.564982
v    -7.824845   -84.025830   -52.077820
v    -7.310297   -84.372304   -51.556333
v     2.882997   -83.539379   -50.604081
v    29.175037   -79.375096   -50.604081
v    40.407244   -78.414381   -49.172148
v    47.363965   -73.161254   -53.522786
v    48.314524   -72.923614   -53.236399
v    66.498543   -73.751122   -37.901012
v    63.362171   -65.256513   -53.236399
v    65.149378   -65.763444   -51.082238
v    67.539994   -68.796568   -44.622970
v    72.970505   -68.156600   -38.917413
v    74.125022   -58.359710   -49.210401
v    72.750130   -58.162862   -51.082238
v    73.807830   -58.109715   -49.885745
v    82.547188   -40.957838   -49.885745
v    86.495327   -38.124609   -46.080291
v    89.152019   -34.606388   -43.880091
v    90.643700   -32.985393   -42.375208
v    95.659187    -1.319206   -42.375208
v    99.099210     2.568677   -37.433010
v    79.252389    -1.319206   -62.366915
v    78.999009    -1.376415   -62.664642
v    69.790464    44.917487   -62.664642
v    69.470903    49.430613   -62.014687
v    58.977512    60.840034   -67.447567
v    58.123092    64.600126   -66.215530
v    60.040798    86.172375   -51.228985
v    48.592617    78.863257   -66.215530
v    50.187715    84.028200   -61.585107
v    52.804462    86.644946   -57.579589
v    52.439877    92.228637   -52.679198
v    43.606242    88.425891   -61.585107
v    45.287155    91.592899   -57.648308
v    45.143454    93.039557   -56.053887
v    42.090865    87.340940   -63.143645
v    38.652027    88.025085   -63.143645
v    39.359530    91.156041   -59.465136
v    35.751094    85.427296   -65.749221
v    35.651231    85.419849   -65.738896
v     8.652195    80.049425   -65.738896
v    -0.373041    79.410302   -64.438985
v   -13.136197    67.672180   -70.516574
v   -20.901976    65.907145   -67.971932
v   -67.171675    34.990607   -67.971932
v   -70.326157    34.226909   -66.738710
v   -71.034338    33.518729   -66.738710
v   -71.088331    33.295645   -66.825878
v   -89.179427     6.220274   -66.825878
v   -89.883207     3.124016   -67.840417
v   -91.831379     1.576311   -66.494299
v  -101.134032     0.652156   -56.241426
v   -97.879178    -9.343275   -62.136553
v   -93.651592    -7.575193   -66.494299
v   -95.904262    -9.343275   -64.357064
v   -98.792501    -9.549602   -61.063281
v   -92.347620   -27.223643   -64.357064
v   -91.134032   -28.187743   -65.195574
v   -89.634903   -29.817708   -65.971796
v   -88.512715   -34.755167   -64.354017
v   -75.763439   -53.835752   -64.354017
v   -74.891923   -57.435555   -62.946628
v   -75.850099   -60.538584   -60.164515
v   -76.943683   -61.632167   -58.490880
v   -76.319793   -71.185831   -50.106459
v   -66.567419   -66.741255   -60.164515
v   -68.560446   -70.496100   -55.497024
v   -62.161096   -63.586433   -64.697106
v   -40.021829   -65.154281   -67.885779
v   -20.309908   -69.075169   -67.885779
v    -7.824845   -70.008803   -69.157761
v    -5.628369   -68.042011   -71.130477
v    -3.308841   -65.086746   -73.934255
v    30.616618   -58.338553   -73.934255
v    43.272463   -57.442326   -72.111503
v    47.883252   -60.743556   -67.368523
v    48.484968   -61.877423   -65.959102
v    61.968660   -63.076117   -56.591793
v    58.218046   -53.838121   -67.368523
v    59.328387   -54.181040   -66.373110
v    62.352032   -57.204855   -61.744380
v    70.426032   -56.677613   -54.658684
v    67.713993   -41.630813   -66.373110
v    67.850924   -41.601361   -66.265630
v    69.146941   -42.289231   -64.654622
v    75.231638    -4.496031   -66.265630
v    78.509173    -1.923292   -63.155832
v    53.217623    -4.496031   -84.332183
v    52.053120    -4.203890   -85.240089
v    51.587488    -4.203890   -85.580300
v    47.959249    -2.104907   -87.820107
v    38.866309    31.830707   -87.820107
v    37.996655    47.531187   -85.381929
v    38.489876    50.304836   -84.478592
v    46.739568    61.351027   -76.288819
v    46.329960    63.160746   -75.694550
v    47.576554    77.847194   -67.475325
v    39.171991    70.318716   -75.694550
v    39.385596    74.587770   -73.381962
v    41.209702    77.306749   -71.038569
v    40.988649    82.600668   -67.213989
v    34.541060    75.885988   -73.381962
v    35.751094    80.709366   -69.621024
v    33.098634    74.341160   -74.414274
v    25.862466    73.834906   -73.648545
v     1.750315    67.374114   -73.648545
v   -13.183082    66.546945   -71.329356
v   -45.353323    33.658706   -79.796207
v   -47.024080    33.280412   -79.247638
v   -69.204308    11.100185   -79.247638
v   -69.785544     8.532185   -80.090887
v   -73.487918     4.910716   -79.137789
v   -76.523243     3.118261   -77.772037
v   -87.828570     2.646367   -69.604606
v   -84.137704    -7.575193   -74.302224
v   -79.014907    -6.181006   -77.772037
v   -81.602541    -7.677934   -76.174569
v   -83.728097    -7.677934   -74.621616
v   -76.607534   -26.319629   -76.174569
v   -76.388682   -30.271661   -75.560835
v   -76.460448   -30.367801   -75.489577
v   -74.504827   -39.008142   -72.652286
v   -60.322095   -53.190874   -72.652286
v   -62.462039   -56.380394   -69.903010
v   -58.189768   -51.598315   -74.233336
v   -31.226785   -53.091688   -78.420638
v   -17.099400   -56.877000   -78.420638
v    -3.308841   -57.841947   -79.879990
v     4.622981   -49.347507   -85.556435
v     5.539350   -49.283357   -85.459449
v    28.183856   -43.215755   -85.459449
v    36.101291   -42.777374   -84.229781
v    41.498966   -46.808450   -80.227987
v    43.586439   -49.920110   -77.545907
v    55.293756   -50.913831   -70.993885
v    49.693140   -38.614276   -80.227987
v    54.524812   -41.855927   -76.063196
v    66.527148   -41.354751   -67.392388
v    44.745695   -31.989811   -85.139380
v    44.902767   -29.151504   -85.580300
v    37.648151    -2.104907   -93.331523
v    34.988412     0.181784   -94.425784
v    33.692226    17.232444   -92.676490
v    32.056505    21.181429   -92.676490
v    31.590873    29.595471   -91.369640
v    32.616922    34.213538   -90.097658
v    37.376151    53.053097   -83.784799
v    37.850246    66.942165   -77.688592
v    32.616922    55.024459   -83.784799
v    31.041458    58.735466   -82.461023
v    33.098634    65.258037   -79.269303
v    26.992102    58.427753   -82.045661
v   -45.178309    28.533878   -82.045661
v   -48.884915    19.387451   -84.354356
v   -59.313480     8.958887   -84.354356
v   -61.098318     8.235643   -83.903788
v   -69.556705    -6.181006   -82.827639
v   -67.080105    -6.205548   -83.903788
v   -69.478508    -6.205548   -82.865722
v   -66.299651    -6.536958   -84.182220
v   -56.942328   -29.127469   -84.182220
v   -57.439612   -29.624753   -83.877892
v   -47.065041   -25.137523   -87.679791
v   -40.695650   -25.489921   -88.669111
v    -0.419757   -42.172780   -88.669111
v     4.622981   -42.556152   -89.186536
v     8.991729   -37.474654   -91.276886
v    11.456650   -37.287284   -91.024013
v    32.578839   -28.538109   -91.024013
v    35.722489   -31.681759   -89.099875
v    31.006591   -24.645826   -92.402291
v    31.139798   -22.239807   -92.776015
v    37.236343    -7.521031   -92.776015
v    28.796574     0.181784   -96.304053
v    27.959249     6.497859   -95.764454
v    22.934791    11.522317   -95.764454
v    18.372580     6.530695   -96.705366
v     4.012633     4.626868   -95.478576
v   -54.989585    -6.536958   -87.613103
v   -12.457468   -11.843232   -95.478576
v   -13.393132   -12.077826   -95.363310
v   -43.420891   -12.077826   -90.426190
v    -8.863588   -16.607539   -95.363310
v     8.720745   -18.938745   -96.865654
v     8.991729   -19.235287   -96.809630
v    10.771489   -18.999340   -96.657635
v    25.989072    -3.781588   -96.657635
v    26.199969    -2.191398   -96.793550
v    18.372580    -2.191398   -97.564356
v     8.720745   -11.843232   -97.564356
f      1      2      3
f      1      3      4
f      1      4      5
f      4      3      6
f      4      6      7
f      4      7      8
f      8      7      9
f      8      9     10
f     11      5      4
f     11      4      8
f     11      8     10
f     11     10     12
f     11     12     13
f     14     15     16
f     14     16     17
f     17     16     18
f     17     18      1
f     17      1      5
f     17      5     11
f     18     19     20
f     18     20     21
f     18     21      2
f     18      2      1
f     21     22     23
f     21     23      6
f     21      6      3
f     21      3      2
f      6     23     24
f      6     24     25
f      6     25     26
f      6     26      9
f      6      9      7
f     24     27     28
f     24     28     29
f     24     29     30
f     24     30     25
f     26     25     30
f     26     30     31
f     26     31     32
f     10      9     26
f     10     26     32
f     10     32     33
f     10     33     12
f     13     12     33
f     13     33     34
f     13     34     35
f     13     35     36
f     36     35     37
f     36     37     38
f     36     38     39
f     36     39     40
f     36     40     41
f     41     42     43
f     41     43     14
f     41     14     17
f     41     17     11
f     41     11     13
f     41     13     36
f     42     44     45
f     42     45     43
f     46     47     48
f     46     48     49
f     46     49     50
f     46     50     51
f     46     51     52
f     43     45     53
f     43     53     46
f     43     46     52
f     43     52     54
f     43     54     55
f     43     55     56
f     43     56     57
f     43     57     15
f     43     15     14
f     56     58     59
f     56     59     60
f     56     60     57
f     57     60     61
f     57     61     19
f     57     19     18
f     57     18     16
f     57     16     15
f     61     62     63
f     61     63     64
f     61     64     20
f     61     20     19
f     20     64     65
f     20     65     66
f     20     66     67
f     20     67     22
f     20     22     21
f     67     68     27
f     67     27     24
f     67     24     23
f     67     23     22
f     69     70     28
f     69     28     27
f     69     27     68
f     29     28     70
f     29     70     71
f     29     71     72
f     72     71     73
f     72     73     74
f     72     74     75
f     72     75     76
f     77     76     75
f     77     75     78
f     77     78     79
f     77     79     80
f     31     30     29
f     31     29     72
f     31     72     76
f     31     76     77
f     33     32     31
f     33     31     77
f     33     77     80
f     33     80     81
f     33     81     82
f     33     82     83
f     33     83     84
f     33     84     34
f     35     34     84
f     35     84     37
f     37     84     83
f     37     83     85
f     37     85     86
f     37     86     38
f     38     86     87
f     38     87     88
f     38     88     89
f     38     89     39
f     39     89     90
f     39     90     91
f     39     91     92
f     39     92     40
f     41     40     92
f     41     92     93
f     41     93     94
f     41     94     44
f     41     44     42
f     94     95     53
f     94     53     45
f     94     45     44
f     53     95     96
f     53     96     47
f     53     47     46
f     50     97     98
f     50     98     99
f     50     99    100
f     50    100     51
f     52     51    100
f     52    100    101
f     52    101    102
f     52    102     54
f     54    102    103
f     54    103    104
f     54    104     55
f     55    104    105
f     55    105    106
f     55    106    107
f     55    107     58
f     55     58     56
f    107    108    109
f    107    109     59
f    107     59     58
f     59    109    110
f     59    110     62
f     59     62     61
f     59     61     60
f    110    111    112
f    110    112    113
f    110    113    114
f    110    114     63
f    110     63     62
f     63    114    115
f     63    115     65
f     63     65     64
f     65    115    116
f     65    116    117
f     65    117    118
f     65    118     66
f     66    118    119
f     66    119    120
f     66    120     69
f     66     69     68
f     66     68     67
f    120    121     73
f    120     73     71
f    120     71     70
f    120     70     69
f     73    121    122
f     73    122    123
f     73    123     74
f     75     74    123
f     75    123    124
f     75    124     78
f     78    124    125
f     78    125    126
f     78    126    127
f     78    127    128
f     78    128     79
f    128    127    129
f    128    129    130
f    128    130    131
f    128    131    132
f    128    132    133
f     80     79    128
f     80    128    133
f     80    133     81
f    132    131    134
f    132    134    135
f    132    135    136
f     81    133    132
f     81    132    136
f     81    136    137
f     81    137    138
f     81    138    139
f     81    139     82
f     83     82    139
f     83    139    140
f     83    140    141
f     83    141    142
f     83    142    143
f     83    143     85
f     85    143    144
f     85    144     87
f     85     87     86
f    142    145    146
f    142    146    144
f    142    144    143
f     87    144    146
f     87    146    147
f     87    147    148
f     87    148     88
f     88    148    149
f     88    149    150
f     88    150     90
f     88     90     89
f     90    150    151
f     90    151    152
f     90    152     91
f     92     91    152
f     92    152    153
f     92    153    154
f     92    154    155
f     92    155     93
f     93    155    156
f     93    156    157
f     93    157     96
f     93     96     95
f     93     95     94
f    157    158     48
f    157     48     47
f    157     47     96
f     48    158    159
f     48    159     49
f     98    160    161
f     98    161    162
f     98    162    163
f     98    163    164
f     98    164     99
f    100     99    164
f    100    164    165
f    100    165    166
f    100    166    101
f    101    166    167
f    101    167    168
f    101    168    103
f    101    103    102
f    103    168    169
f    103    169    170
f    103    170    105
f    103    105    104
f    105    170    171
f    105    171    172
f    105    172    106
f    106    172    173
f    106    173    174
f    106    174    108
f    106    108    107
f    173    175    176
f    173    176    177
f    173    177    178
f    173    178    174
f    174    178    179
f    174    179    111
f    174    111    110
f    174    110    109
f    174    109    108
f    179    180    181
f    179    181    182
f    179    182    183
f    179    183    112
f    179    112    111
f    112    183    184
f    112    184    185
f    112    185    113
f    113    185    186
f    113    186    187
f    113    187    116
f    113    116    115
f    113    115    114
f    116    187    188
f    116    188    189
f    116    189    117
f    117    189    190
f    117    190    119
f    117    119    118
f    119    190    191
f    119    191    192
f    119    192    122
f    119    122    121
f    119    121    120
f    123    122    192
f    123    192    193
f    123    193    194
f    123    194    125
f    123    125    124
f    125    194    195
f    125    195    196
f    125    196    126
f    126    196    197
f    126    197    129
f    126    129    127
f    129    197    198
f    129    198    199
f    129    199    200
f    129    200    201
f    129    201    130
f    200    202    203
f    200    203    204
f    200    204    205
f    200    205    201
f    130    201    205
f    130    205    134
f    130    134    131
f    134    205    204
f    134    204    206
f    134    206    207
f    134    207    208
f    134    208    135
f    136    135    208
f    136    208    209
f    136    209    137
f    137    209    210
f    137    210    211
f    137    211    212
f    137    212    138
f    139    138    212
f    139    212    213
f    139    213    214
f    139    214    215
f    139    215    140
f    140    215    216
f    140    216    217
f    140    217    218
f    140    218    219
f    140    219    141
f    141    219    220
f    141    220    221
f    141    221    145
f    141    145    142
f    220    222    223
f    220    223    224
f    220    224    221
f    146    145    221
f    146    221    224
f    146    224    225
f    146    225    226
f    146    226    147
f    147    226    227
f    147    227    228
f    147    228    149
f    147    149    148
f    149    228    229
f    149    229    230
f    149    230    231
f    149    231    151
f    149    151    150
f    152    151    231
f    152    231    232
f    152    232    153
f    153    232    233
f    153    233    234
f    153    234    154
f    154    234    235
f    154    235    236
f    154    236    156
f    154    156    155
f    156    236    237
f    156    237    238
f    156    238    159
f    156    159    158
f    156    158    157
f     49    159    238
f     49    238    239
f     49    239     97
f     49     97     50
f    239    240    160
f    239    160     98
f    239     98     97
f    162    241    242
f    162    242    243
f    162    243    244
f    162    244    245
f    162    245    163
f    164    163    245
f    164    245    246
f    164    246    165
f    165    246    247
f    165    247    248
f    165    248    249
f    165    249    167
f    165    167    166
f    167    249    250
f    167    250    251
f    167    251    169
f    167    169    168
f    169    251    252
f    169    252    253
f    169    253    171
f    169    171    170
f    171    253    254
f    171    254    175
f    171    175    173
f    171    173    172
f    254    255    256
f    254    256    257
f    254    257    176
f    254    176    175
f    176    257    258
f    176    258    259
f    176    259    177
f    258    260    261
f    258    261    262
f    258    262    259
f    177    259    262
f    177    262    263
f    177    263    264
f    177    264    265
f    177    265    180
f    177    180    179
f    177    179    178
f    265    266    267
f    265    267    268
f    265    268    269
f    265    269    181
f    265    181    180
f    181    269    270
f    181    270    271
f    181    271    182
f    182    271    272
f    182    272    273
f    182    273    184
f    182    184    183
f    184    273    274
f    184    274    275
f    184    275    276
f    184    276    186
f    184    186    185
f    186    276    277
f    186    277    278
f    186    278    188
f    186    188    187
f    188    278    279
f    188    279    191
f    188    191    190
f    188    190    189
f    191    279    280
f    191    280    193
f    191    193    192
f    193    280    281
f    193    281    282
f    193    282    283
f    193    283    195
f    193    195    194
f    195    283    198
f    195    198    197
f    195    197    196
f    198    283    282
f    198    282    284
f    198    284    285
f    198    285    199
f    199    285    286
f    199    286    202
f    199    202    200
f    286    287    288
f    286    288    289
f    286    289    290
f    286    290    203
f    286    203    202
f    290    289    291
f    290    291    292
f    290    292    293
f    290    293    294
f    204    203    290
f    204    290    294
f    204    294    206
f    206    294    293
f    206    293    295
f    206    295    296
f    206    296    297
f    206    297    207
f    208    207    297
f    208    297    298
f    208    298    210
f    208    210    209
f    210    298    299
f    210    299    300
f    210    300    301
f    210    301    211
f    212    211    301
f    212    301    302
f    212    302    303
f    212    303    213
f    213    303    304
f    213    304    305
f    213    305    306
f    213    306    214
f    214    306    307
f    214    307    308
f    214    308    216
f    214    216    215
f    216    308    309
f    216    309    310
f    216    310    217
f    218    311    222
f    218    222    220
f    218    220    219
f    312    313    314
f    312    314    223
f    312    223    222
f    312    222    311
f    224    223    314
f    224    314    315
f    224    315    316
f    224    316    225
f    225    316    317
f    225    317    318
f    225    318    227
f    225    227    226
f    227    318    319
f    227    319    320
f    227    320    229
f    227    229    228
f    229    320    321
f    229    321    322
f    229    322    323
f    229    323    230
f    323    322    324
f    323    324    325
f    231    230    323
f    231    323    325
f    231    325    326
f    231    326    233
f    231    233    232
f    233    326    327
f    233    327    328
f    233    328    235
f    233    235    234
f    235    328    329
f    235    329    330
f    235    330    237
f    235    237    236
f    237    330    331
f    237    331    240
f    237    240    239
f    237    239    238
f    331    332    333
f    331    333    161
f    331    161    160
f    331    160    240
f    161    333    334
f    161    334    241
f    161    241    162
f    243    335    336
f    243    336    337
f    243    337    338
f    243    338    244
f    245    244    338
f    245    338    339
f    245    339    247
f    245    247    246
f    247    339    340
f    247    340    341
f    247    341    342
f    247    342    248
f    248    342    343
f    248    343    344
f    248    344    250
f    248    250    249
f    250    344    345
f    250    345    346
f    250    346    252
f    250    252    251
f    252    346    347
f    252    347    255
f    252    255    254
f    252    254    253
f    347    348    349
f    347    349    350
f    347    350    256
f    347    256    255
f    256    350    351
f    256    351    260
f    256    260    258
f    256    258    257
f    351    352    353
f    351    353    354
f    351    354    261
f    351    261    260
f    262    261    354
f    262    354    355
f    262    355    263
f    263    355    356
f    263    356    357
f    263    357    358
f    263    358    264
f    264    358    359
f    264    359    360
f    264    360    361
f    264    361    266
f    264    266    265
f    361    362    363
f    361    363    364
f    361    364    365
f    361    365    267
f    361    267    266
f    267    365    366
f    267    366    367
f    267    367    268
f    268    367    368
f    268    368    369
f    268    369    270
f    268    270    269
f    270    369    370
f    270    370    371
f    270    371    272
f    270    272    271
f    272    371    372
f    272    372    274
f    272    274    273
f    274    372    373
f    274    373    374
f    274    374    275
f    277    375    376
f    277    376    281
f    277    281    280
f    277    280    279
f    277    279    278
f    377    378    379
f    377    379    380
f    377    380    381
f    377    381    376
f    377    376    375
f    281    376    381
f    281    381    382
f    281    382    284
f    281    284    282
f    381    380    383
f    381    383    384
f    381    384    385
f    381    385    382
f    284    382    385
f    284    385    287
f    284    287    286
f    284    286    285
f    385    384    386
f    385    386    387
f    385    387    288
f    385    288    287
f    288    387    291
f    288    291    289
f    291    387    386
f    291    386    388
f    291    388    389
f    291    389    390
f    291    390    391
f    291    391    292
f    391    390    392
f    391    392    393
f    391    393    394
f    293    292    391
f    293    391    394
f    293    394    295
f    295    394    393
f    295    393    395
f    295    395    396
f    295    396    296
f    297    296    396
f    297    396    397
f    297    397    299
f    297    299    298
f    299    397    398
f    299    398    399
f    299    399    400
f    299    400    300
f    301    300    400
f    301    400    401
f    301    401    302
f    302    401    402
f    302    402    403
f    302    403    404
f    302    404    304
f    302    304    303
f    304    404    405
f    304    405    406
f    304    406    407
f    304    407    305
f    305    407    408
f    305    408    409
f    305    409    410
f    305    410    307
f    305    307    306
f    307    410    411
f    307    411    309
f    307    309    308
f    309    411    412
f    309    412    413
f    309    413    414
f    309    414    310
f    217    310    414
f    217    414    415
f    217    415    312
f    217    312    311
f    217    311    218
f    415    416    417
f    415    417    418
f    415    418    313
f    415    313    312
f    314    313    418
f    314    418    419
f    314    419    420
f    314    420    315
f    315    420    421
f    315    421    422
f    315    422    317
f    315    317    316
f    317    422    423
f    317    423    424
f    317    424    319
f    317    319    318
f    319    424    425
f    319    425    426
f    319    426    321
f    319    321    320
f    425    427    428
f    425    428    429
f    425    429    430
f    425    430    426
f    321    426    430
f    321    430    431
f    321    431    324
f    321    324    322
f    431    430    429
f    431    429    432
f    431    432    433
f    325    324    431
f    325    431    433
f    325    433    434
f    325    434    327
f    325    327    326
f    327    434    435
f    327    435    436
f    327    436    329
f    327    329    328
f    329    436    437
f    329    437    438
f    329    438    332
f    329    332    331
f    329    331    330
f    438    439    440
f    438    440    441
f    438    441    442
f    438    442    334
f    438    334    333
f    438    333    332
f    334    442    242
f    334    242    241
f    242    442    441
f    242    441    335
f    242    335    243
f    336    443    444
f    336    444    445
f    336    445    446
f    336    446    337
f    338    337    446
f    338    446    340
f    338    340    339
f    340    446    445
f    340    445    447
f    340    447    448
f    340    448    341
f    341    448    449
f    341    449    450
f    341    450    343
f    341    343    342
f    343    450    451
f    343    451    452
f    343    452    345
f    343    345    344
f    345    452    453
f    345    453    454
f    345    454    348
f    345    348    347
f    345    347    346
f    454    455    456
f    454    456    349
f    454    349    348
f    349    456    457
f    349    457    352
f    349    352    351
f    349    351    350
f    457    458    459
f    457    459    353
f    457    353    352
f    354    353    459
f    354    459    460
f    354    460    356
f    354    356    355
f    356    460    461
f    356    461    462
f    356    462    357
f    357    462    463
f    357    463    359
f    357    359    358
f    359    463    464
f    359    464    465
f    359    465    360
f    360    465    466
f    360    466    467
f    360    467    468
f    360    468    362
f    360    362    361
f    468    469    470
f    468    470    363
f    468    363    362
f    363    470    471
f    363    471    472
f    363    472    473
f    363    473    364
f    364    473    474
f    364    474    366
f    364    366    365
f    366    474    475
f    366    475    476
f    366    476    368
f    366    368    367
f    368    476    477
f    368    477    478
f    368    478    370
f    368    370    369
f    370    478    479
f    370    479    373
f    370    373    372
f    370    372    371
f    373    479    480
f    373    480    481
f    373    481    482
f    373    482    374
f    482    481    483
f    482    483    484
f    482    484    485
f    482    485    486
f    486    485    487
f    486    487    488
f    486    488    378
f    486    378    377
f    488    489    490
f    488    490    491
f    488    491    492
f    488    492    379
f    488    379    378
f    379    492    493
f    379    493    383
f    379    383    380
f    491    494    495
f    491    495    496
f    491    496    493
f    491    493    492
f    383    493    496
f    383    496    388
f    383    388    386
f    383    386    384
f    388    496    495
f    388    495    497
f    388    497    498
f    388    498    389
f    389    498    499
f    389    499    392
f    389    392    390
f    499    498    497
f    499    497    500
f    499    500    501
f    499    501    502
f    502    501    503
f    502    503    504
f    502    504    505
f    393    392    499
f    393    499    502
f    393    502    505
f    393    505    506
f    393    506    395
f    506    505    504
f    506    504    507
f    506    507    508
f    506    508    509
f    396    395    506
f    396    506    509
f    396    509    398
f    396    398    397
f    398    509    508
f    398    508    510
f    398    510    511
f    398    511    399
f    400    399    511
f    400    511    512
f    400    512    513
f    400    513    402
f    400    402    401
f    402    513    514
f    402    514    515
f    402    515    403
f    403    515    516
f    403    516    405
f    403    405    404
f    405    516    517
f    405    517    518
f    405    518    519
f    405    519    406
f    406    519    520
f    406    520    408
f    406    408    407
f    408    520    521
f    408    521    522
f    408    522    523
f    408    523    409
f    409    523    524
f    409    524    412
f    409    412    411
f    409    411    410
f    412    524    525
f    412    525    526
f    412    526    413
f    414    413    526
f    414    526    527
f    414    527    528
f    414    528    416
f    414    416    415
f    528    529    417
f    528    417    416
f    417    529    530
f    417    530    531
f    417    531    419
f    417    419    418
f    419    531    532
f    419    532    533
f    419    533    534
f    419    534    421
f    419    421    420
f    421    534    535
f    421    535    536
f    421    536    423
f    421    423    422
f    423    536    537
f    423    537    538
f    423    538    427
f    423    427    425
f    423    425    424
f    537    539    540
f    537    540    541
f    537    541    538
f    538    541    542
f    538    542    428
f    538    428    427
f    542    541    540
f    542    540    543
f    542    543    544
f    542    544    545
f    542    545    546
f    429    428    542
f    429    542    546
f    429    546    547
f    429    547    432
f    547    546    545
f    547    545    548
f    547    548    549
f    433    432    547
f    433    547    549
f    433    549    550
f    433    550    551
f    433    551    435
f    433    435    434
f    435    551    552
f    435    552    553
f    435    553    554
f    435    554    437
f    435    437    436
f    437    554    555
f    437    555    439
f    437    439    438
f    555    556    557
f    555    557    558
f    555    558    559
f    555    559    440
f    555    440    439
f    440    559    443
f    440    443    336
f    440    336    335
f    440    335    441
f    558    560    444
f    558    444    443
f    558    443    559
f    445    444    560
f    445    560    561
f    445    561    562
f    445    562    447
f    561    563    564
f    561    564    565
f    561    565    562
f    447    562    565
f    447    565    566
f    447    566    567
f    447    567    449
f    447    449    448
f    449    567    568
f    449    568    569
f    449    569    451
f    449    451    450
f    451    569    570
f    451    570    571
f    451    571    453
f    451    453    452
f    453    571    572
f    453    572    573
f    453    573    455
f    453    455    454
f    573    574    575
f    573    575    458
f    573    458    457
f    573    457    456
f    573    456    455
f    576    577    578
f    576    578    575
f    576    575    574
f    459    458    575
f    459    575    578
f    459    578    579
f    459    579    580
f    459    580    461
f    459    461    460
f    579    581    582
f    579    582    583
f    579    583    580
f    461    580    583
f    461    583    584
f    461    584    464
f    461    464    463
f    461    463    462
f    583    582    585
f    583    585    586
f    583    586    587
f    583    587    584
f    464    584    587
f    464    587    466
f    464    466    465
f    466    587    586
f    466    586    588
f    466    588    589
f    466    589    590
f    466    590    467
f    467    590    591
f    467    591    469
f    467    469    468
f    591    592    471
f    591    471    470
f    591    470    469
f    471    592    593
f    471    593    594
f    471    594    595
f    471    595    472
f    472    595    596
f    472    596    475
f    472    475    474
f    472    474    473
f    475    596    597
f    475    597    598
f    475    598    477
f    475    477    476
f    477    598    599
f    477    599    600
f    477    600    480
f    477    480    479
f    477    479    478
f    480    600    601
f    480    601    602
f    480    602    483
f    480    483    481
f    483    602    603
f    483    603    484
f    484    603    604
f    484    604    605
f    484    605    487
f    484    487    485
f    487    605    606
f    487    606    607
f    487    607    608
f    487    608    489
f    487    489    488
f    608    609    610
f    608    610    611
f    608    611    612
f    608    612    490
f    608    490    489
f    490    612    613
f    490    613    494
f    490    494    491
f    611    614    615
f    611    615    613
f    611    613    612
f    495    494    613
f    495    613    615
f    495    615    616
f    495    616    500
f    495    500    497
f    617    616    615
f    617    615    614
f    617    614    618
f    617    618    619
f    500    616    617
f    500    617    620
f    500    620    503
f    500    503    501
f    504    503    620
f    504    620    621
f    504    621    507
f    621    620    617
f    621    617    619
f    621    619    622
f    621    622    623
f    621    623    624
f    508    507    621
f    508    621    624
f    508    624    625
f    508    625    510
f    625    624    623
f    625    623    626
f    625    626    627
f    511    510    625
f    511    625    627
f    511    627    628
f    511    628    629
f    511    629    512
f    512    629    630
f    512    630    631
f    512    631    632
f    512    632    514
f    512    514    513
f    514    632    633
f    514    633    634
f    514    634    517
f    514    517    516
f    514    516    515
f    633    635    636
f    633    636    637
f    633    637    634
f    517    634    637
f    517    637    638
f    517    638    518
f    637    636    639
f    637    639    640
f    637    640    641
f    637    641    642
f    637    642    638
f    518    638    642
f    518    642    521
f    518    521    520
f    518    520    519
f    521    642    641
f    521    641    643
f    521    643    644
f    521    644    522
f    522    644    645
f    522    645    525
f    522    525    524
f    522    524    523
f    526    525    645
f    526    645    646
f    526    646    647
f    526    647    527
f    527    647    648
f    527    648    530
f    527    530    529
f    527    529    528
f    648    649    650
f    648    650    532
f    648    532    531
f    648    531    530
f    532    650    651
f    532    651    652
f    532    652    533
f    533    652    653
f    533    653    654
f    533    654    535
f    533    535    534
f    535    654    655
f    535    655    656
f    535    656    539
f    535    539    537
f    535    537    536
f    656    657    658
f    656    658    543
f    656    543    540
f    656    540    539
f    659    658    657
f    659    657    660
f    659    660    661
f    543    658    659
f    543    659    662
f    543    662    544
f    663    662    659
f    663    659    661
f    663    661    664
f    663    664    665
f    663    665    666
f    545    544    662
f    545    662    663
f    545    663    548
f    549    548    663
f    549    663    666
f    549    666    667
f    549    667    668
f    549    668    550
f    550    668    669
f    550    669    670
f    550    670    552
f    550    552    551
f    552    670    671
f    552    671    672
f    552    672    553
f    553    672    673
f    553    673    674
f    553    674    556
f    553    556    555
f    553    555    554
f    674    675    564
f    674    564    563
f    674    563    557
f    674    557    556
f    557    563    561
f    557    561    560
f    557    560    558
f    565    564    675
f    565    675    676
f    565    676    566
f    566    676    677
f    566    677    678
f    566    678    568
f    566    568    567
f    568    678    679
f    568    679    680
f    568    680    570
f    568    570    569
f    570    680    681
f    570    681    682
f    570    682    572
f    570    572    571
f    572    682    683
f    572    683    684
f    572    684    576
f    572    576    574
f    572    574    573
f    684    685    686
f    684    686    687
f    684    687    577
f    684    577    576
f    578    577    687
f    578    687    688
f    578    688    581
f    578    581    579
f    686    689    690
f    686    690    691
f    686    691    688
f    686    688    687
f    688    691    692
f    688    692    585
f    688    585    582
f    688    582    581
f    692    691    690
f    692    690    693
f    692    693    694
f    692    694    695
f    586    585    692
f    586    692    695
f    586    695    696
f    586    696    588
f    695    694    697
f    695    697    698
f    695    698    699
f    695    699    696
f    588    696    699
f    588    699    700
f    588    700    589
f    589    700    701
f    589    701    593
f    589    593    592
f    589    592    591
f    589    591    590
f    701    702    703
f    701    703    594
f    701    594    593
f    594    703    704
f    594    704    705
f    594    705    597
f    594    597    596
f    594    596    595
f    597    705    706
f    597    706    707
f    597    707    599
f    597    599    598
f    599    707    708
f    599    708    709
f    599    709    601
f    599    601    600
f    601    709    710
f    601    710    711
f    601    711    712
f    601    712    604
f    601    604    603
f    601    603    602
f    604    712    713
f    604    713    606
f    604    606    605
f    606    713    714
f    606    714    715
f    606    715    607
f    607    715    716
f    607    716    609
f    607    609    608
f    716    717    718
f    716    718    719
f    716    719    610
f    716    610    609
f    610    719    720
f    610    720    618
f    610    618    614
f    610    614    611
f    721    720    719
f    721    719    718
f    721    718    722
f    721    722    723
f    721    723    724
f    619    618    720
f    619    720    721
f    619    721    725
f    619    725    622
f    623    622    725
f    623    725    726
f    623    726    626
f    726    725    721
f    726    721    724
f    726    724    727
f    726    727    728
f    726    728    729
f    627    626    726
f    627    726    729
f    627    729    628
f    628    729    728
f    628    728    730
f    628    730    630
f    628    630    629
f    630    730    731
f    630    731    732
f    630    732    733
f    630    733    631
f    631    733    734
f    631    734    735
f    631    735    736
f    631    736    635
f    631    635    633
f    631    633    632
f    736    737    639
f    736    639    636
f    736    636    635
f    735    738    739
f    735    739    740
f    735    740    737
f    735    737    736
f    639    737    740
f    639    740    741
f    639    741    640
f    741    740    739
f    741    739    742
f    741    742    743
f    641    640    741
f    641    741    743
f    641    743    744
f    641    744    643
f    645    644    643
f    645    643    744
f    645    744    745
f    645    745    746
f    645    746    646
f    646    746    747
f    646    747    649
f    646    649    648
f    646    648    647
f    747    748    749
f    747    749    651
f    747    651    650
f    747    650    649
f    651    749    750
f    651    750    751
f    651    751    653
f    651    653    652
f    653    751    752
f    653    752    753
f    653    753    655
f    653    655    654
f    655    753    754
f    655    754    755
f    655    755    756
f    655    756    660
f    655    660    657
f    655    657    656
f    661    660    756
f    661    756    757
f    661    757    664
f    755    758    759
f    755    759    757
f    755    757    756
f    664    757    759
f    664    759    760
f    664    760    665
f    760    759    758
f    760    758    761
f    760    761    762
f    760    762    763
f    666    665    760
f    666    760    763
f    666    763    764
f    666    764    765
f    666    765    667
f    667    765    766
f    667    766    767
f    667    767    669
f    667    669    668
f    669    767    768
f    669    768    769
f    669    769    671
f    669    671    670
f    671    769    770
f    671    770    771
f    671    771    673
f    671    673    672
f    673    771    677
f    673    677    676
f    673    676    675
f    673    675    674
f    770    772    679
f    770    679    678
f    770    678    677
f    770    677    771
f    679    772    773
f    679    773    774
f    679    774    681
f    679    681    680
f    681    774    775
f    681    775    776
f    681    776    683
f    681    683    682
f    683    776    777
f    683    777    778
f    683    778    685
f    683    685    684
f    778    779    780
f    778    780    689
f    778    689    686
f    778    686    685
f    781    782    783
f    781    783    780
f    781    780    779
f    780    783    784
f    780    784    693
f    780    693    690
f    780    690    689
f    785    786    787
f    785    787    784
f    785    784    783
f    785    783    782
f    693    784    787
f    693    787    788
f    693    788    697
f    693    697    694
f    789    788    787
f    789    787    786
f    789    786    790
f    789    790    791
f    697    788    789
f    697    789    698
f    699    698    789
f    699    789    791
f    699    791    792
f    699    792    793
f    699    793    702
f    699    702    701
f    699    701    700
f    793    794    795
f    793    795    704
f    793    704    703
f    793    703    702
f    704    795    796
f    704    796    797
f    704    797    706
f    704    706    705
f    706    797    798
f    706    798    799
f    706    799    708
f    706    708    707
f    708    799    800
f    708    800    801
f    708    801    710
f    708    710    709
f    710    801    802
f    710    802    803
f    710    803    711
f    711    803    804
f    711    804    714
f    711    714    713
f    711    713    712
f    714    804    805
f    714    805    806
f    714    806    807
f    714    807    717
f    714    717    716
f    714    716    715
f    718    717    807
f    718    807    808
f    718    808    722
f    809    808    807
f    809    807    806
f    809    806    810
f    809    810    811
f    809    811    812
f    722    808    809
f    722    809    813
f    722    813    723
f    724    723    813
f    724    813    814
f    724    814    727
f    814    813    809
f    814    809    812
f    814    812    815
f    728    727    814
f    728    814    815
f    728    815    816
f    728    816    731
f    728    731    730
f    731    816    817
f    731    817    818
f    731    818    819
f    731    819    820
f    731    820    732
f    732    820    821
f    732    821    822
f    732    822    823
f    732    823    734
f    732    734    733
f    822    824    825
f    822    825    826
f    822    826    823
f    734    823    826
f    734    826    827
f    734    827    738
f    734    738    735
f    828    827    826
f    828    826    825
f    828    825    829
f    742    739    738
f    742    738    827
f    742    827    828
f    744    743    742
f    744    742    828
f    744    828    829
f    744    829    830
f    744    830    831
f    744    831    832
f    744    832    745
f    745    832    833
f    745    833    834
f    745    834    748
f    745    748    747
f    745    747    746
f    834    835    750
f    834    750    749
f    834    749    748
f    750    835    836
f    750    836    837
f    750    837    752
f    750    752    751
f    752    837    838
f    752    838    839
f    752    839    840
f    752    840    754
f    752    754    753
f    839    841    842
f    839    842    843
f    839    843    840
f    754    840    843
f    754    843    844
f    754    844    761
f    754    761    758
f    754    758    755
f    845    844    843
f    845    843    842
f    845    842    846
f    845    846    847
f    761    844    845
f    761    845    762
f    763    762    845
f    763    845    847
f    763    847    848
f    763    848    849
f    763    849    764
f    764    849    850
f    764    850    851
f    764    851    766
f    764    766    765
f    766    851    852
f    766    852    853
f    766    853    768
f    766    768    767
f    768    853    773
f    768    773    772
f    768    772    770
f    768    770    769
f    852    854    775
f    852    775    774
f    852    774    773
f    852    773    853
f    775    854    855
f    775    855    856
f    775    856    857
f    775    857    777
f    775    777    776
f    777    857    858
f    777    858    859
f    777    859    860
f    777    860    781
f    777    781    779
f    777    779    778
f    859    861    862
f    859    862    863
f    859    863    860
f    860    863    864
f    860    864    785
f    860    785    782
f    860    782    781
f    862    865    866
f    862    866    864
f    862    864    863
f    864    866    867
f    864    867    790
f    864    790    786
f    864    786    785
f    867    866    865
f    867    865    868
f    867    868    869
f    867    869    870
f    791    790    867
f    791    867    870
f    791    870    792
f    792    870    869
f    792    869    871
f    792    871    872
f    792    872    794
f    792    794    793
f    872    873    874
f    872    874    796
f    872    796    795
f    872    795    794
f    796    874    875
f    796    875    876
f    796    876    798
f    796    798    797
f    798    876    877
f    798    877    878
f    798    878    800
f    798    800    799
f    800    878    879
f    800    879    802
f    800    802    801
f    802    879    880
f    802    880    881
f    802    881    805
f    802    805    804
f    802    804    803
f    805    881    882
f    805    882    883
f    805    883    884
f    805    884    810
f    805    810    806
f    885    884    883
f    885    883    886
f    885    886    887
f    811    810    884
f    811    884    885
f    811    885    888
f    815    812    811
f    815    811    888
f    815    888    817
f    815    817    816
f    817    888    885
f    817    885    887
f    817    887    889
f    817    889    818
f    818    889    890
f    818    890    891
f    818    891    892
f    818    892    819
f    819    892    893
f    819    893    894
f    819    894    895
f    819    895    896
f    819    896    821
f    819    821    820
f    821    896    897
f    821    897    824
f    821    824    822
f    897    896    895
f    897    895    898
f    897    898    899
f    829    825    824
f    829    824    897
f    829    897    899
f    829    899    830
f    830    899    898
f    830    898    900
f    830    900    901
f    830    901    902
f    830    902    831
f    831    902    903
f    831    903    833
f    831    833    832
f    833    903    904
f    833    904    836
f    833    836    835
f    833    835    834
f    904    905    906
f    904    906    907
f    904    907    908
f    904    908    909
f    904    909    838
f    904    838    837
f    904    837    836
f    838    909    910
f    838    910    841
f    838    841    839
f    908    911    912
f    908    912    913
f    908    913    910
f    908    910    909
f    842    841    910
f    842    910    913
f    842    913    914
f    842    914    846
f    914    913    912
f    914    912    915
f    914    915    916
f    914    916    917
f    847    846    914
f    847    914    917
f    847    917    848
f    848    917    916
f    848    916    918
f    848    918    919
f    848    919    850
f    848    850    849
f    850    919    855
f    850    855    854
f    850    854    852
f    850    852    851
f    918    920    921
f    918    921    856
f    918    856    855
f    918    855    919
f    856    921    922
f    856    922    923
f    856    923    924
f    856    924    925
f    856    925    926
f    856    926    927
f    856    927    858
f    856    858    857
f    858    927    928
f    858    928    929
f    858    929    861
f    858    861    859
f    928    930    931
f    928    931    932
f    928    932    929
f    929    932    933
f    929    933    868
f    929    868    865
f    929    865    862
f    929    862    861
f    931    934    935
f    931    935    933
f    931    933    932
f    869    868    933
f    869    933    935
f    869    935    871
f    871    935    934
f    871    934    936
f    871    936    937
f    871    937    873
f    871    873    872
f    937    938    939
f    937    939    875
f    937    875    874
f    937    874    873
f    875    939    940
f    875    940    941
f    875    941    877
f    875    877    876
f    877    941    942
f    877    942    880
f    877    880    879
f    877    879    878
f    880    942    943
f    880    943    944
f    880    944    945
f    880    945    946
f    880    946    882
f    880    882    881
f    947    946    945
f    947    945    948
f    947    948    949
f    947    949    950
f    883    882    946
f    883    946    947
f    883    947    886
f    887    886    947
f    887    947    950
f    887    950    890
f    887    890    889
f    890    950    949
f    890    949    951
f    890    951    952
f    890    952    953
f    890    953    891
f    891    953    954
f    891    954    893
f    891    893    892
f    893    954    955
f    893    955    956
f    893    956    894
f    898    895    894
f    898    894    956
f    898    956    900
f    900    956    955
f    900    955    957
f    900    957    958
f    900    958    959
f    900    959    901
f    901    959    960
f    901    960    905
f    901    905    904
f    901    904    903
f    901    903    902
f    960    961    962
f    960    962    906
f    960    906    905
f    906    962    963
f    906    963    964
f    906    964    965
f    906    965    966
f    906    966    907
f    907    966    967
f    907    967    911
f    907    911    908
f    965    968    969
f    965    969    967
f    965    967    966
f    912    911    967
f    912    967    969
f    912    969    970
f    912    970    915
f    970    969    968
f    970    968    971
f    970    971    972
f    970    972    922
f    970    922    921
f    970    921    920
f    916    915    970
f    916    970    920
f    916    920    918
f    923    973    974
f    923    974    975
f    923    975    924
f    924    975    976
f    924    976    977
f    924    977    978
f    924    978    925
f    926    979    980
f    926    980    930
f    926    930    928
f    926    928    927
f    981    982    983
f    981    983    980
f    981    980    979
f    980    983    936
f    980    936    934
f    980    934    931
f    980    931    930
f    936    983    982
f    936    982    984
f    936    984    938
f    936    938    937
f    985    940    939
f    985    939    938
f    985    938    984
f    986    987    988
f    986    988    943
f    986    943    942
f    986    942    941
f    986    941    940
f    986    940    985
f    989    944    943
f    989    943    988
f    989    988    990
f    989    990    991
f    945    944    989
f    945    989    948
f    949    948    989
f    949    989    991
f    949    991    951
f    951    991    990
f    951    990    992
f    951    992    993
f    951    993    994
f    951    994    952
f    955    954    953
f    955    953    952
f    955    952    994
f    955    994    957
f    957    994    993
f    957    993    995
f    957    995    996
f    957    996    997
f    957    997    958
f    958    997    998
f    958    998    961
f    958    961    960
f    958    960    959
f    998    999   1000
f    998   1000    963
f    998    963    962
f    998    962    961
f    963   1000   1001
f    963   1001   1002
f    963   1002    964
f    964   1002    971
f    964    971    968
f    964    968    965
f    971   1002   1001
f    971   1001   1003
f    971   1003   1004
f    971   1004   1005
f    971   1005    972
f    922    972   1005
f    922   1005    973
f    922    973    923
f    974   1006   1007
f    974   1007    976
f    974    976    975
f    976   1007   1008
f    976   1008    977
f    925    978    981
f    925    981    979
f    925    979    926
f    977   1008   1009
f    977   1009   1010
f    977   1010    986
f    977    986    985
f    977    985    984
f    977    984    982
f    977    982    981
f    977    981    978
f   1011    987    986
f   1011    986   1010
f   1011   1010   1012
f   1011   1012   1013
f   1011   1013   1014
f    990    988    987
f    990    987   1011
f    990   1011    992
f    993    992   1011
f    993   1011   1014
f    993   1014    995
f    995   1014   1013
f    995   1013   1015
f    995   1015    996
f    996   1015   1016
f    996   1016   1017
f    996   1017    999
f    996    999    998
f    996    998    997
f   1017   1018   1003
f   1017   1003   1001
f   1017   1001   1000
f   1017   1000    999
f   1003   1018   1019
f   1003   1019   1004
f   1005   1004   1019
f   1005   1019   1020
f   1005   1020   1006
f   1005   1006    974
f   1005    974    973
f   1020   1021   1009
f   1020   1009   1008
f   1020   1008   1007
f   1020   1007   1006
f   1009   1021   1022
f   1009   1022   1012
f   1009   1012   1010
f   1013   1012   1022
f   1013   1022   1016
f   1013   1016   1015
f   1016   1022   1021
f   1016   1021   1020
f   1016   1020   1019
f   1016   1019   1018
f   1016   1018   1017
f    275    374    482
f    275    482    486
f    275    486    377
f    275    377    375
f    275    375    277
f    275    277    276
