v    -4.977379    12.737817    89.787688
v   -11.336784    19.097367    89.787688
v   -12.627554    17.685021    90.053908
v   -13.493677    14.231263    90.479426
v   -13.493677     6.661752    91.224988
v   -10.076190     6.661752    90.888404
v    -4.809957    11.474902    89.895627
v   -21.965582     5.759214    90.479426
v   -22.853177    -0.935614    91.051328
v   -21.090899    -0.935614    91.224988
v   -21.090899    -9.346440    90.396586
v   -28.637052    -6.221723    89.961058
v   -28.407827    -7.950778    89.813367
v   -22.277937   -14.080522    89.813367
v   -10.839452     0.905152    90.396586
v     7.506693    13.514717    85.903190
v     7.410795    14.776036    85.773779
v     0.772983    30.800913    85.773779
v    -0.211815    29.816114    86.196250
v     2.701957    11.474902    87.616867
v    -7.127164    27.886415    87.650525
v     3.548785    37.672447    83.340510
v     0.294802    39.020379    83.340510
v    -5.042810    32.812147    85.894340
v    -7.127164    27.902374    87.645737
v   -19.144660    22.924559    87.645737
v   -20.390166    19.851054    88.421476
v   -24.448323    15.792897    88.421476
v   -24.500842    14.844659    88.568732
v   -29.472419     2.842105    88.568732
v   -30.161400    -6.221723    89.498690
v   -33.628215    -9.202376    88.072416
v   -36.068883   -13.573035    86.782951
v   -35.876653   -16.103217    86.523404
v   -33.028457   -22.979105    86.523404
v   -32.435953   -22.386456    86.777583
v   -24.777363   -20.249438    88.388108
v   -22.277937   -15.031081    89.657116
v   -35.056520   -27.999428    84.745603
v   -29.278158   -30.392946    84.745603
v   -24.777363   -25.157905    86.899159
v    -7.529323   -19.146545    86.555467
v   -19.890658   -24.786502    86.397911
v    -7.349570   -19.591794    86.397911
v    -7.151102   -12.312731    87.616867
v    13.286506    11.691796    83.074870
v    26.374543    11.691796    76.079147
v    27.999286    12.631619    75.076069
v    18.808223    46.933438    75.076069
v    18.776016    47.513175    74.985975
v    13.199168    47.322831    77.433752
v    27.764402    59.548661    66.062874
v    22.400386    64.912822    66.062874
v    17.398053    61.177031    69.771535
v    13.316102    50.749313    75.929860
v     4.261269    47.540014    78.942141
v     2.138760    44.867219    80.479401
v    14.653588    61.912293    69.771535
v     9.191644    56.062987    73.680406
v    -0.593663    44.135004    80.479401
v    -8.483655    34.457346    84.522181
v    -8.691553    34.105383    84.680607
v   -19.160909    23.402305    87.435953
v   -21.950203    22.771065    86.520067
v   -27.932402    16.788866    86.520067
v   -28.129275    15.918535    86.805873
v   -30.826153    13.280559    86.111524
v   -31.143297     7.556311    87.000570
v   -32.919502     0.927059    87.000570
v   -37.600050   -15.002791    85.759707
v   -41.630062   -21.482031    82.677788
v   -41.449874   -24.056173    82.405329
v   -40.263996   -28.481961    82.405329
v   -40.145901   -30.615207    82.074113
v   -37.584817   -30.527724    83.198187
v   -43.400319   -34.972808    78.843197
v   -42.923589   -37.079069    78.151604
v   -39.109455   -40.893203    78.151604
v   -37.826809   -37.616298    80.086817
v   -30.767251   -35.114261    82.435215
v   -39.306762   -44.835588    76.016183
v   -35.800777   -45.774976    76.016183
v   -30.767251   -37.073701    81.387888
v    -4.830849   -30.123969    81.387888
v    -0.745271   -29.897790    80.753456
v    -0.876133   -26.065231    82.435650
v    26.223660   -50.038856    60.758485
v    32.479769   -43.782892    60.758485
v    19.774161   -26.770171    73.371823
v    20.739809    -9.337445    76.079147
v    65.600497     8.824449    46.858875
v    87.253289     8.824449    29.088840
v    90.354358    12.287636    25.978631
v    88.765305    33.537833    23.813758
v    84.270169    56.136252    23.813758
v    74.788658    63.668623    30.365393
v    69.282754    64.855081    34.690351
v    50.425205    12.631619    58.691396
v    65.167290    66.699184    37.336162
v    39.989798    67.750428    55.525186
v    62.843556    70.176734    37.336162
v    52.683219    74.672741    42.654478
v    46.639651    74.855976    47.054877
v    40.430113    72.938463    52.621714
v    39.694997    73.116475    52.909261
v    27.573188    72.087573    59.693168
v    25.967596    70.230123    61.479529
v    35.920904    75.638098    52.909261
v    32.357177    76.448076    54.077004
v    27.834185    73.209906    58.729407
v    17.236435    67.077405    65.492277
v    15.479960    65.206463    67.203052
v    22.847666    74.201668    58.729407
v    22.783250    74.143927    58.787438
v     8.024191    63.723317    67.203052
v     6.238265    61.475314    68.756416
v     5.369385    57.443126    71.923786
v   -25.520024    23.073990    84.522181
v   -28.404780    22.375579    83.394334
v   -28.406086    22.370066    83.396510
v   -33.905026    14.140299    83.396510
v   -33.217930    13.180744    84.383630
v   -33.894435     3.626984    85.759707
v   -46.484560   -25.292394    78.071666
v   -44.854739   -33.485456    78.071666
v   -44.753474   -34.916227    77.865653
v   -47.214744   -38.353881    74.329491
v   -46.788065   -40.231352    73.714355
v   -43.596612   -45.007797    73.714355
v   -43.225789   -46.538818    73.115758
v   -40.281840   -46.288992    74.763278
v   -46.070648   -55.750627    64.857265
v   -45.089042   -57.968744    63.696196
v   -40.160409   -61.262044    63.696196
v   -39.733441   -59.425775    65.272772
v   -35.800777   -58.005739    67.080170
v   -38.712518   -67.981100    58.418212
v   -37.759347   -69.180906    57.589229
v   -33.013804   -70.124791    57.589229
v   -33.013804   -69.114459    58.418502
v   -29.673499   -74.380402    53.551527
v   -23.055417   -80.306745    47.607484
v   -16.347387   -83.486157    43.903320
v    -3.126457   -88.641985    37.513739
v     2.894623   -90.159804    35.285031
v     5.686383   -90.762754    34.334617
v    19.281762   -89.746183    32.949545
v    22.403288   -89.125244    32.949545
v    37.085311   -88.085461    30.834869
v    41.023197   -84.463847    32.710019
v    41.509213   -72.823266    41.119684
v    42.598033   -84.105936    32.194117
v    51.765012   -77.980689    32.194117
v    53.593301   -73.848976    34.356814
v    56.313683   -71.128595    34.356814
v    55.291599   -59.086725    41.095891
v    58.136023   -70.322244    33.402917
v    65.710032   -58.986765    33.402917
v    65.786924   -58.648585    33.513758
v    77.154175   -46.288847    27.628327
v    81.124560   -38.519271    26.248478
v    81.382221   -34.880973    26.772504
v    85.552960   -13.913246    26.772504
v    91.268648    12.287636    24.864567
v    93.420319    15.482862    21.625962
v    92.242710    29.893297    20.279917
v    90.716476    39.529752    20.279917
v    89.822208    49.985906    18.946928
v    86.213796    54.764527    21.935271
v    84.307454    56.132625    23.772700
v    80.975999    62.670767    23.772700
v    76.614481    65.736583    27.022621
v    74.979727    65.818552    28.871801
v    66.235074    69.955343    34.359860
v    64.911661    71.278611    34.359860
v    55.499353    75.471547    39.260348
v    41.773257    76.158497    48.843560
v    39.496673    77.318406    48.843560
v    33.007277    78.940393    50.799083
v    32.298855    78.562171    51.657227
v    32.208906    77.939926    52.432821
v    23.015958    74.946360    57.854579
v    23.015958    80.032404    51.657227
v    22.065398    80.873574    50.448862
v    20.350561    82.028260    48.710812
v     9.230235    80.266997    48.710812
v     9.489491    78.472802    50.947209
v    -0.111275    85.253372    37.396370
v   -20.095655    80.258438    31.374129
v   -47.571203    66.259013    31.374129
v   -47.581359    66.256256    31.370357
v   -49.095551    43.066495    51.721642
v   -50.279398    67.021550    28.118695
v   -53.872577    65.421035    26.247898
v   -64.598142    54.695324    26.247898
v   -61.945658    45.344965    37.517366
v   -57.519580    42.516354    44.328693
v   -56.041512    25.889834    55.879469
v   -72.028813    25.555716    37.517366
v   -66.886333    24.812475    43.926823
v   -50.570572   -25.292394    73.477585
v   -77.799051    22.567809    31.062934
v   -82.103698    -4.611343    31.062934
v   -82.927313   -14.688259    32.004353
v   -79.443670   -19.861496    37.247373
v   -74.044979   -25.962805    45.003311
v   -53.537734   -25.962805    69.991476
v   -73.648478   -28.466293    45.003311
v   -57.137005   -37.015960    63.472483
v   -56.567424   -37.424793    64.021463
v   -48.028493   -54.183481    64.021463
v   -47.636344   -55.648346    63.483074
v   -49.793093   -63.250645    54.320447
v   -44.462445   -68.581148    54.320447
v   -44.402237   -68.486991    54.465382
v   -44.361905   -70.585853    52.052713
v   -37.260274   -74.204421    52.052713
v   -36.900332   -74.705815    51.569309
v   -35.024022   -76.122659    50.395908
v   -32.020591   -78.886709    47.607484
v    13.128950   -92.784288    30.435031
v    22.844909   -91.990269    29.527415
v    25.084063   -91.635551    29.527415
v    35.814996   -90.717779    28.159462
v    36.905557   -89.894164    28.841480
v    39.005580   -89.369412    28.208644
v    48.334758   -84.615890    28.208644
v    49.060734   -84.421629    27.941843
v    51.053978   -82.633091    28.360832
v    51.526502   -81.634220    28.987720
v    63.167082   -69.993640    28.987720
v    64.789794   -69.226025    27.969263
v    66.455304   -67.370026    27.579000
v    66.693960   -67.202169    27.401133
v    76.965863   -47.042534    27.401133
v    86.357569   -31.589269    21.914670
v    87.387487   -19.546819    23.449899
v    90.031122    -2.855448    23.449899
v    94.233343    15.482862    20.105096
v    96.043497    19.660420    15.689608
v    95.151840    29.819016    14.855548
v    94.154420    37.395636    14.855548
v    93.246514    46.822742    13.831433
v    91.800799    49.389485    15.649857
v    91.545895    49.683561    16.014296
v    88.136967    57.913473    16.014296
v    86.439104    59.717969    17.757858
v    86.343932    59.846074    17.803268
v    83.412605    62.158492    20.467069
v    81.271235    64.949237    20.467069
v    79.238820    66.424548    21.923375
v    76.487826    66.811040    25.893759
v    68.732759    70.828285    30.345372
v    65.992646    72.930919    30.345372
v    59.661387    75.943055    33.331393
v    55.483684    75.546263    39.159083
v    48.153699    77.712296    41.542735
v    36.316245    82.615541    41.542735
v    32.325114    83.695366    42.594560
v    32.229507    83.667946    42.717442
v    32.214854    83.459757    43.110607
v    20.225213    85.248294    42.717442
v    20.225213    82.570421    47.727320
v    17.757269    86.584765    39.609409
v    12.950357    88.667378    34.528878
v    11.213759    88.515044    34.386265
v     1.773450    87.272150    34.386265
v     0.216459    87.122283    34.217247
v    -8.197413    89.536257    23.395349
v   -19.095623    86.587811    20.523069
v   -32.962301    80.843978    20.523069
v   -46.783423    76.759851    16.028513
v   -48.500726    75.483444    16.638282
v   -52.721808    73.475256    14.647359
v   -64.913980    64.119819    14.647359
v   -65.239103    63.951382    14.460787
v   -66.182698    55.944312    22.873354
v   -65.702196    63.886387    13.792552
v   -68.762208    61.665078    11.599678
v   -74.492259    54.197557    11.599678
v   -77.339875    51.951150     9.012044
v   -79.855550    48.566160     7.810208
v   -80.224051    47.319059     8.215704
v   -79.125801    23.182800    28.570907
v   -86.447662    32.294214     8.215704
v   -88.094457    26.207267     9.819846
v   -86.838650    21.830226    15.449502
v   -87.387920    16.126434    16.069281
v   -88.505466     7.638136    16.069281
v   -89.285412    -1.248840    16.798884
v   -88.721199    -4.419693    18.635443
v   -84.386085   -14.424650    29.209981
v   -84.243327   -14.688259    29.541923
v   -82.567226   -27.420416    29.541923
v   -81.347690   -27.333949    31.844621
v   -73.989269   -28.624284    44.363076
v   -83.418842   -30.389029    25.723726
v   -82.456386   -33.946517    24.786224
v   -75.045591   -51.837694    24.786224
v   -74.444963   -53.870545    24.125098
v   -72.932076   -55.906152    24.847883
v   -66.421354   -61.042393    30.764070
v   -51.082122   -64.266635    51.575112
v   -62.370160   -66.321973    30.764070
v   -57.185607   -70.085475    34.479551
v   -50.851301   -70.975536    43.621141
v   -50.350632   -70.474723    45.052783
v   -44.790759   -71.129901    50.894110
v   -46.796625   -74.086761    43.621141
v   -44.921040   -74.979144    44.505689
v   -44.000077   -74.891661    45.790511
v   -43.597482   -75.010626    45.921373
v   -32.641385   -79.548851    45.921373
v   -31.867823   -79.758055    46.125209
v   -22.476551   -85.047936    39.471729
v   -21.304165   -85.788275    38.375219
v   -20.718480   -86.034040    38.059817
v   -19.304973   -86.511931    37.513739
v    15.967861   -94.014270    27.434501
v    16.310539   -94.065919    27.253732
v    25.197660   -93.285827    26.523984
v    26.998964   -93.048768    26.523984
v    35.550662   -92.225153    25.594896
v    36.784851   -92.579291    24.007583
v    40.649038   -91.533850    22.989127
v    45.194662   -89.651011    22.989127
v    48.144849   -88.779230    22.029718
v    49.828784   -88.939107    19.680739
v    52.840485   -87.506304    18.260268
v    60.667947   -81.500167    18.260268
v    63.517449   -80.023986    16.624644
v    64.179881   -79.930990    15.668427
v    74.323679   -66.711366    15.668427
v    74.911975   -65.474710    16.251645
v    75.307752   -64.942124    16.062607
v    77.450427   -57.691352    18.420581
v    84.544369   -40.565179    18.420581
v    87.003317   -31.476108    20.815985
v    90.004572   -26.147781    17.041022
v    91.639761    -9.167993    18.885705
v    92.929951     0.632257    18.885705
v    96.885392    19.660420    12.914242
v    97.543617    22.951689     9.521563
v    96.798345    31.081931     8.958800
v    96.167685    36.679380     8.958800
v    95.391221    44.246134     8.283746
v    94.604166    46.378510     9.839141
v    94.479543    46.818100     9.742228
v    91.865214    54.289828     9.742228
v    91.546620    54.810662    10.194876
v    91.043920    55.687666    10.576724
v    89.910561    57.140926    12.032450
v    87.126199    61.572227    12.032450
v    86.496846    62.269913    12.622632
v    85.682806    62.816282    14.078068
v    84.633883    63.712001    14.910678
v    80.221151    68.124732    14.910678
v    80.022683    68.275615    15.034866
v    78.315825    68.933114    17.778315
v    74.530562    71.030380    19.637070
v    64.172627    77.538637    19.637070
v    62.041993    78.601923    20.488541
v    58.230180    79.229245    25.953532
v    49.420966    82.000985    28.356190
v    32.962593    87.760052    28.356190
v    30.794093    88.374753    28.834661
v    30.522795    88.474857    28.636773
v    30.496390    88.485013    28.613125
v    12.950357    90.462008    28.613125
v    11.288329    90.870552    26.648897
v     6.564403    91.815453    21.779456
v     2.880260    91.477708    21.524407
v    -3.749718    90.730695    21.524407
v    -7.947587    90.299955    21.149812
v   -16.041124    90.535854    10.961765
v   -26.148072    87.670683     8.732187
v   -30.813241    86.038251     8.732187
v   -43.340256    82.096737     5.315570
v   -44.830946    81.242220     5.964654
v   -48.050255    79.635757     4.677946
v   -60.670556    71.705869     4.677946
v   -61.534213    71.227253     4.253879
v   -63.652516    69.456705     4.587997
v   -65.106935    68.350766     3.677334
v   -73.556643    59.901059     3.677334
v   -75.063581    58.614061     2.481156
v   -76.144567    57.320824     2.277174
v   -77.490757    55.828393     1.014694
v   -82.882339    47.247825     1.014694
v   -83.790680    46.083128    -0.152033
v   -85.628254    42.876876    -1.547841
v   -86.007926    41.669962    -1.218656
v   -89.336480    32.157694    -1.218656
v   -90.027783    29.719347    -0.680847
v   -89.908093    25.613893     4.487022
v   -90.423414    20.591539     4.935027
v   -91.570701    10.408715     4.935027
v   -91.670080     9.325408     5.010033
v   -90.732143     4.636445     9.843494
v   -86.207701   -26.727083    18.635443
v   -85.915801   -29.572087    18.381554
v   -86.073647   -34.986446    11.566020
v   -81.840379   -47.084752    11.566020
v   -80.820472   -50.326113    10.681907
v   -79.914017   -51.488343    11.846168
v   -76.210143   -57.383059    11.846168
v   -74.881797   -58.855759    13.091819
v   -71.817722   -60.911822    18.569577
v   -67.838778   -64.309869    21.727953
v   -66.767223   -65.381279    21.727953
v   -62.911016   -68.313912    24.142507
v   -56.999470   -70.591076    33.644039
v   -53.305027   -72.638000    35.458110
v   -49.397897   -75.093031    35.458110
v   -43.614166   -77.979383    37.769659
v   -43.131487   -78.256050    37.559584
v   -40.140678   -79.197179    38.375219
v    -5.893554   -91.461165    27.731188
v    -5.292781   -91.691696    27.194250
v    12.496550   -93.696111    27.194250
v    20.304136   -94.864725    23.136963
v    26.367869   -94.308781    22.717248
v    29.626350   -93.941586    22.717248
v    36.572310   -93.228811    22.097615
v    39.612011   -93.317455    18.271294
v    43.055613   -92.341216    17.511659
v    46.092557   -91.278510    17.511659
v    49.241358   -90.287764    16.652790
v    53.178955   -89.639840    11.007610
v    56.411756   -88.026558     9.715534
v    59.653262   -85.989791     9.715534
v    62.544402   -84.387970     8.295933
v    64.183073   -79.934182    15.655370
v    64.248794   -83.731341     5.556401
v    65.756748   -82.584635     4.612225
v    70.866149   -77.475088     4.612225
v    72.110785   -76.412382     3.624380
v    72.183614   -76.325189     3.610598
v    72.193190   -76.314599     3.601603
v    78.436821   -66.377829     3.601603
v    79.077346   -65.094313     4.114603
v    79.395360   -63.161712     6.885182
v    84.200821   -47.889361    11.050553
v    87.052934   -39.738517    11.050553
v    90.997785   -25.822803    14.120431
v    92.590175   -21.507710    10.972936
v    94.071289    -7.075659    12.260369
v    96.019559    10.215904    12.260369
v    97.961010    22.951689     5.283507
v    96.798345    34.757079     5.283507
v    96.743215    35.281831     5.248253
v    95.773795    43.885758     5.248253
v    95.568072    44.826742     4.363269
v    93.588611    51.351972     4.363269
v    93.180938    52.616048     4.094873
v    93.131031    52.758951     4.094873
v    92.967236    53.115411     4.396637
v    89.752715    59.129237     4.396637
v    89.528857    59.462484     4.912684
v    89.463282    59.550257     4.981017
v    84.576866    65.504456     4.981017
v    84.515353    65.442942     6.147309
v    84.299185    65.782137     4.462939
v    84.087369    65.969145     4.327290
v    76.952515    71.824544     4.327290
v    76.007324    72.529484     3.592608
v    75.697144    72.724471     3.592608
v    74.573070    73.364271     4.031908
v    62.007899    80.080425     4.031908
v    58.988074    81.467673     6.588785
v    55.425507    82.714340     6.588785
v    50.413018    84.330668     7.652942
v    33.279736    89.527988     7.652942
v    28.537965    90.564724    12.112969
v    25.824112    90.870552    12.112969
v    24.749800    90.983423    12.040865
v     6.564403    92.774572    12.040865
v     5.302068    92.774572    10.778530
v    -7.865617    91.477708    10.778530
v   -15.954947    90.627399    10.235208
v   -16.391201    90.537740     9.761089
v   -28.442501    87.902810    -1.574245
v   -34.835274    85.963535    -1.574245
v   -41.444506    83.832321    -2.977452
v   -41.518206    83.806496    -2.977452
v   -44.271665    82.541550    -5.308731
v   -54.706057    76.964268    -5.308731
v   -55.670254    76.415433    -5.685647
v   -58.684276    74.521713    -5.685647
v   -58.963844    74.313089    -5.902976
v   -69.801411    65.418859    -5.902976
v   -70.206907    65.061238    -6.162522
v   -72.418496    62.849650    -6.162522
v   -73.267645    61.887049    -6.778674
v   -80.073894    53.593737    -6.778674
v   -80.937841    52.435424    -7.679181
v   -81.777125    51.099825    -7.679181
v   -82.431142    49.950797    -8.128347
v   -86.984890    41.431161    -8.128347
v   -87.273453    40.803113    -8.660207
v   -88.103887    38.429906    -8.660207
v   -88.565674    36.997974    -8.964148
v   -91.071773    28.736144    -8.964148
v   -91.570701    26.454192   -11.110596
v   -91.731449    25.672360   -11.960035
v   -92.227765    20.950320   -12.277179
v   -93.372731     9.325408   -12.277179
v   -93.372731     2.253373   -19.349213
v   -91.194946   -19.857289   -19.349213
v   -90.752599   -24.065748   -19.066599
v   -90.732143   -24.165418   -18.958369
v   -88.933885   -32.389962   -11.222307
v   -86.133710   -35.026633    10.992957
v   -85.850080   -42.555957   -11.222307
v   -83.668668   -47.752406    -4.503251
v   -83.632398   -47.754583    -4.107474
v   -81.051148   -50.505286     8.411997
v   -82.172466   -50.551711    -4.503251
v   -79.428146   -54.636273     1.819884
v   -79.397389   -54.625682     2.229588
v   -77.801227   -56.618636     1.819884
v   -73.746842   -60.673022     9.383302
v   -72.390931   -61.869345    10.251457
v   -70.854976   -63.129794    10.251457
v   -67.831960   -65.384761    12.601741
v   -62.131940   -69.214419    21.425463
v   -57.558751   -71.817576    23.213274
v   -42.698426   -79.760522    23.213274
v   -40.405883   -80.813652    25.154290
v   -31.596379   -83.896297    25.154290
v   -27.338738   -85.269182    24.250301
v    -4.943430   -92.062809    24.250301
v     0.401000   -93.231277    19.223449
v     4.525604   -93.696111    19.223449
v     5.653595   -93.814641    19.147718
v    20.304136   -95.257600    19.147718
v    23.445828   -95.257600    16.006026
v    33.079091   -94.308781    16.006026
v    39.293707   -93.655634    15.588633
v    39.924657   -93.525934    14.902843
v    46.439732   -92.101400     8.774840
v    50.419547   -90.894050     8.774840
v    52.587321   -90.195058     8.314648
v    55.455974   -88.990900     4.605552
v    58.529623   -87.578989     2.003120
v    61.551915   -85.963531     2.003120
v    63.060884   -85.104517     1.413227
v    64.905132   -83.865395    -1.441788
v    66.065041   -83.000142    -2.343601
v    69.165095   -80.456032    -2.343601
v    70.101001   -79.630386    -2.942778
v    70.998607   -78.732780    -4.617138
v    71.440663   -78.231676    -4.937908
v    75.023541   -73.865951    -4.937908
v    75.884297   -72.711990    -5.835078
v    75.912442   -72.667306    -5.835078
v    76.251637   -72.071320    -6.068076
v    80.977014   -63.230914    -6.068076
v    81.121803   -62.915657    -5.801275
v    83.397662   -56.411608    -5.801275
v    84.367372   -53.404550    -5.162781
v    93.384194   -23.679982    -5.162781
v    94.188078   -20.003093    -1.704381
v    94.772893   -14.813027    -1.704381
v    96.019559    -2.952216    -0.907751
v    97.631390    13.412436    -0.907751
v    97.961010    20.567601     2.899419
v    96.743215    33.131466     3.097888
v    95.304463    45.074972     2.271951
v    94.045465    48.217389    -1.123774
v    93.385065    49.380925    -3.081909
v    91.651367    54.335673    -3.081909
v    91.637294    54.358595    -3.101930
v    89.726165    59.120097     4.042209
v    91.256461    54.777439    -3.879990
v    87.100520    61.391603    -3.879990
v    86.907710    61.605450    -4.060759
v    86.583458    61.822924    -4.640496
v    85.838331    62.459242    -5.231839
v    79.403194    68.894378    -5.231839
v    78.669383    69.452498    -5.691305
v    77.648170    69.845808    -7.332587
v    76.189398    70.654045    -8.048988
v    67.938305    75.838598    -8.048988
v    66.475760    76.568491    -8.633513
v    64.612507    77.636420    -7.822229
v    61.991215    78.461196    -8.537180
v    42.676231    85.219859    -8.537180
v    42.334714    85.316627    -8.612476
v    34.534962    88.194854    -2.923192
v    26.732308    88.995692    -3.619283
v     9.089653    90.983423    -3.619283
v     5.302068    91.330743    -3.881586
v     1.635915    90.597367    -7.660466
v     0.985379    90.537740    -7.615491
v   -29.159483    87.141289    -7.615491
v   -29.349682    87.068314    -7.785524
v   -34.329963    85.230450   -11.418164
v   -36.355705    84.230128   -13.672406
v   -46.109240    80.817138   -13.672406
v   -48.792916    79.175856   -16.004700
v   -49.010390    78.978113   -16.408746
v   -49.428073    78.652265   -16.827155
v   -62.096250    70.692346   -16.827155
v   -62.355217    70.458768   -17.046225
v   -63.837492    69.219791   -17.280092
v   -65.167143    68.208588   -16.447482
v   -76.047944    57.327788   -16.447482
v   -76.191572    57.205196   -16.333450
v   -78.194827    54.808486   -15.955374
v   -78.262579    54.686039   -16.015581
v   -84.540885    44.694284   -16.015581
v   -84.800141    44.174755   -16.223045
v   -85.883884    42.283792   -15.399865
v   -87.241681    37.968844   -16.576748
v   -89.826558    30.581408   -16.576748
v   -91.031296    26.331600   -17.514250
v   -90.804537    18.550273   -27.309278
v   -91.355839    13.178133   -27.788474
v   -92.227765     5.439024   -27.788474
v   -92.519810     2.253373   -28.008995
v   -91.194946    -4.369931   -34.836426
v   -90.648142    -6.594722   -37.465697
v   -89.124955   -20.113063   -37.465697
v   -89.096954   -20.385667   -37.441324
v   -89.245661   -25.484914   -31.022582
v   -88.974072   -26.443017   -30.811201
v   -85.806992   -42.558568   -11.691639
v   -86.366707   -33.894144   -30.811201
v   -86.067264   -34.845864   -30.551654
v   -84.638523   -43.528859   -18.103272
v   -84.787810   -43.644777   -16.635070
v   -82.034640   -50.504125    -6.342856
v   -82.571724   -46.818096   -18.103272
v   -80.737341   -51.580323   -10.449035
v   -80.763311   -51.604116   -10.178752
v   -77.696770   -56.514324    -0.158126
v   -75.263645   -58.033885    -5.123610
v   -76.911891   -55.405628   -10.449035
v   -75.467627   -57.096963    -9.106616
v   -75.018316   -57.766503    -7.909712
v   -55.144197   -70.254202    -7.909712
v   -54.554884   -70.713813    -7.319385
v   -48.862264   -73.976501    -4.840995
v   -47.143074   -74.517502    -5.309891
v   -11.912168   -86.845323    -5.309891
v    -7.015743   -89.263069     0.138996
v    -4.820548   -90.073192     1.740236
v    -1.300635   -91.424170     4.886570
v    19.914743   -93.814641     4.886570
v    23.445828   -94.138313     4.642112
v    26.507726   -93.525934     1.485912
v    26.979814   -93.409870     0.928082
v    47.371141   -91.112250     0.928082
v    50.214115   -90.021108    -1.613417
v    50.670969   -89.780712    -2.236097
v    52.849335   -88.704949    -4.660226
v    59.993618   -86.205088    -4.660226
v    61.745451   -85.133678    -6.182688
v    62.704425   -84.261606    -7.964262
v    63.282566   -83.810700    -8.543418
v    67.842842   -80.945239    -8.543418
v    68.713753   -80.159780    -9.280131
v    69.125198   -79.546530   -10.376495
v    69.638489   -78.945466   -10.853516
v    73.250963   -75.332992   -10.853516
v    74.013064   -74.330930   -11.480984
v    74.213709   -73.810095   -12.318091
v    75.805809   -70.936365   -13.729132
v    78.301027   -66.965400   -13.729132
v    79.242156   -65.079660   -14.482819
v    79.726721   -62.134840   -18.704771
v    84.354315   -47.427429   -22.716068
v    86.199433   -42.154377   -22.716068
v    89.561935   -30.293421   -25.332573
v    91.266617   -25.673952   -21.963106
v    91.623802   -22.192630   -22.273576
v    93.570041    -4.919491   -22.273576
v    94.772893    -0.282177   -16.235231
v    89.342721    18.171181   -29.089255
v    89.214180    19.635466   -28.969130
v    88.524183    30.954261   -27.039430
v    89.722538    39.047074   -20.083169
v    88.057463    35.800635   -26.512938
v    88.466587    39.983996   -23.563476
v    90.235974    46.151025   -15.631557
v    91.053205    48.533517   -11.809878
v    90.767254    54.633520    -5.671719
v    90.668020    48.097554   -13.359760
v    87.965193    54.622930   -13.359760
v    87.646889    55.700143   -13.009539
v    87.906436    55.879606   -12.094669
v    87.536774    55.787046   -13.109498
v    81.071026    64.213395   -13.109498
v    79.747468    65.174110   -14.058027
v    79.145679    65.775754   -14.058027
v    76.799166    66.991373   -15.404943
v    70.324423    71.959613   -15.404943
v    68.001994    73.064537   -16.500291
v    67.153281    72.984018   -17.684138
v    63.871587    73.953728   -18.751341
v    51.840453    78.937201   -18.751341
v    51.364303    79.066031   -18.876835
v    42.801724    83.889047   -12.810345
v    36.683296    84.478214   -13.475098
v    15.266113    87.297829   -13.475098
v     1.635915    88.494153   -14.594240
v    -8.708528    84.011929   -25.527704
v    -9.661118    83.496172   -26.727220
v   -37.808239    79.790557   -26.727220
v   -38.268575    79.499818   -27.157815
v   -38.303394    79.480087   -27.182478
v   -40.018666    77.993750   -29.308180
v   -51.849301    73.093262   -29.308180
v   -52.261326    72.705611   -29.706277
v   -52.358094    72.497567   -30.014571
v   -65.872229    62.127736   -30.014571
v   -66.478225    62.042574   -29.139888
v   -69.812872    59.621926   -26.750287
v   -76.369440    51.077337   -26.750287
v   -79.640252    48.496957   -23.778048
v   -81.920318    45.429111   -22.688793
v   -84.745447    35.868822   -25.797842
v   -87.671405    28.805057   -25.797842
v   -90.410937    18.678959   -28.466430
v   -86.959792     6.650726   -43.937249
v   -86.973719     6.506662   -43.952917
v   -88.571187    -5.627623   -43.952917
v   -88.656058    -6.594722   -44.032421
v   -87.513704    -9.231247   -46.819103
v   -86.911335   -10.343715   -48.220134
v   -85.881272   -18.167840   -48.220134
v   -86.679789   -20.950896   -44.640448
v   -86.967481   -21.082338   -43.703091
v   -84.313981   -26.662377   -44.640448
v   -85.130052   -35.253972   -32.655884
v   -84.604430   -36.359041   -32.134614
v   -82.316529   -46.637037   -19.243885
v   -79.863094   -47.539720   -23.297836
v   -81.104682   -40.920043   -32.134614
v   -80.677424   -41.744674   -31.661221
v   -79.747611   -47.698872   -23.183803
v   -64.243714   -59.595373   -23.183803
v   -62.834704   -60.265784   -23.848266
v   -57.896060   -63.936290   -22.094693
v   -43.025580   -68.330451   -26.930621
v   -25.656544   -75.524932   -26.930621
v   -14.640819   -78.505296   -29.833802
v   -11.430940   -77.584333   -33.962323
v   -10.235052   -77.699525   -34.092169
v    20.696720   -81.771756   -34.092169
v    26.728681   -85.037925   -26.495963
v    26.728681   -85.401784   -25.377982
v    26.979814   -86.272695   -22.600004
v    40.841703   -83.179895   -26.495963
v    47.599496   -82.529215   -25.761717
v    54.042466   -84.377815   -17.474644
v    54.172167   -84.661735   -16.549763
v    62.291529   -80.960908   -17.474644
v    64.183073   -80.401917   -16.859508
v    64.655306   -80.446747   -16.200848
v    64.712032   -80.528861   -15.911560
v    70.829299   -75.709328   -16.200848
v    70.897922   -75.614736   -16.268600
v    71.822802   -74.689856   -16.268600
v    73.322342   -71.795089   -17.930338
v    76.551516   -67.586775   -17.930338
v    78.993491   -62.454160   -20.350985
v    78.952578   -62.024725   -20.950163
v    83.544482   -46.485574   -26.003419
v    84.507519   -44.160534   -26.003419
v    88.132760   -30.761012   -29.534794
v    88.023370   -30.379453   -30.025597
v    89.082158   -19.383605   -31.220180
v    90.082625   -11.784207   -31.220180
v    90.770881    -3.942527   -31.864042
v    90.848934    -3.762484   -31.673843
v    88.741367    -3.942527   -35.661056
v    88.458753    -3.522813   -36.086574
v    87.209185    11.766802   -34.658268
v    86.491768    16.296467   -34.658268
v    85.270200    30.578796   -32.837523
v    87.478887    43.935810   -22.372665
v    83.728008    51.297277   -22.372665
v    82.227888    56.902996   -20.312249
v    80.494481    58.834726   -20.718326
v    79.631259    59.242979   -21.260052
v    71.226236    67.648147   -21.260052
v    68.045518    69.064991   -22.916132
v    67.961227    69.140723   -22.898287
v    61.788539    70.792595   -25.167182
v    56.263920    73.607568   -25.167182
v    52.140767    74.638067   -26.409641
v    47.263637    72.034764   -32.316834
v    45.887125    71.734595   -33.223434
v    18.637755    74.065294   -36.697213
v     4.565211    76.294147   -36.697213
v    -9.661118    77.456812   -38.026139
v   -15.313407    73.650512   -43.754884
v   -20.023550    69.482965   -49.742161
v   -38.294980    66.589068   -49.742161
v   -40.306939    67.663090   -47.305119
v   -41.412153    70.047468   -42.826522
v   -51.460344    70.504758   -34.352441
v   -51.037002    62.195778   -47.305119
v   -52.613579    62.643057   -45.405016
v   -53.007759    63.143145   -44.339989
v   -65.424514    61.680021   -31.294460
v   -63.989535    51.267101   -45.405016
v   -64.006799    51.258977   -45.394135
v   -66.427737    53.167059   -40.238307
v   -64.468442    49.533694   -46.028276
v   -83.653870    11.880399   -46.028276
v   -84.869344     7.017341   -47.493722
v   -79.853518    -2.379443   -58.874901
v   -81.103957   -10.274948   -58.874901
v   -81.163729   -10.342554   -58.789014
v   -82.680388   -10.342554   -56.135224
v   -82.685901   -10.343715   -56.125359
v   -84.657383   -18.081083   -50.531102
v   -83.189616   -18.338454   -53.028206
v   -80.342581   -15.526962   -58.789014
v   -81.400789   -17.509326   -56.387952
v   -83.552750   -26.319410   -46.297398
v   -82.806752   -26.476240   -47.309616
v   -79.988007   -20.282226   -56.387952
v   -81.439380   -25.398592   -50.221648
v   -66.373623   -43.430350   -46.689257
v   -67.113527   -39.724300   -50.221648
v   -65.740497   -42.627046   -48.399887
v   -64.197288   -43.040086   -48.967147
v   -16.895641   -67.141526   -48.967147
v   -13.577823   -67.970654   -49.966888
v   -13.027973   -68.476691   -49.456500
v     8.091507   -71.821639   -49.456500
v     9.749038   -72.607388   -48.541049
v    12.530498   -73.692001   -47.196890
v    20.696720   -79.191085   -38.920262
v    24.097088   -78.913259   -38.602684
v    29.772735   -78.014202   -38.602684
v    33.179631   -77.722883   -38.168316
v    44.079873   -80.098847   -30.989794
v    47.687849   -82.024774   -26.619861
v    53.537881   -80.562665   -24.857003
v    56.904155   -78.847393   -24.857003
v    64.855660   -76.719370   -21.934236
v    64.951558   -76.746500   -21.818752
v    66.267136   -76.160379   -21.133833
v    73.681703   -68.745958   -21.133833
v    75.261761   -65.198770   -22.980547
v    77.914101   -62.242924   -22.359173
v    81.713727   -48.045031   -27.577819
v    83.459466   -44.618839   -27.577819
v    86.972561   -30.563704   -31.813264
v    86.226273   -29.165720   -33.506484
v    87.002592   -20.088835   -34.663636
v    87.868715   -14.621233   -34.663636
v    84.663914    -3.522813   -40.710541
v    83.799967     8.029995   -39.533657
v    81.026051    21.975160   -39.533657
v    80.814671    24.961472   -39.103497
v    84.865284    30.619128   -33.283787
v    82.726380    40.030131   -30.200127
v    75.108413    51.431186   -30.200127
v    73.114008    59.668497   -26.979512
v    68.347863    64.434786   -26.979512
v    61.411623    66.114224   -29.691334
v    55.276221    70.213584   -29.691334
v    34.893018    63.863174   -44.532509
v    23.563197    58.422411   -53.183876
v     8.209892    59.509635   -55.395175
v   -13.065694    63.741597   -55.395175
v   -20.023550    64.261852   -56.104032
v   -24.696554    60.077475   -60.300885
v   -37.978852    64.402579   -52.467330
v   -28.018144    55.845513   -64.316244
v   -37.086759    54.041597   -64.316244
v   -38.705264    57.091018   -60.525613
v   -48.320973    57.945825   -53.845438
v   -37.980593    49.893926   -67.574290
v   -42.979589    46.553765   -67.574290
v   -48.691796    52.265972   -58.830072
v   -39.762456    36.136348   -76.913623
v   -42.686239    24.060820   -81.634648
v   -55.786172     4.455241   -81.634648
v   -60.281889     2.440816   -78.744378
v   -61.091286     1.560765   -78.325389
v   -65.465426    -1.914029   -75.302953
v   -75.899963    -2.950765   -63.802519
v   -73.639918    -9.891503   -67.895930
v   -66.329809    -6.259879   -75.302953
v   -70.956532    -9.891503   -70.912999
v   -75.336765   -10.274948   -65.902251
v   -76.884326   -15.027164   -63.099465
v   -75.404517   -15.174130   -64.730446
v   -70.472402   -12.325353   -70.912999
v   -70.739058   -12.697771   -70.529990
v   -75.609950   -17.484372   -63.125579
v   -68.535594   -17.946159   -69.333956
v   -67.754197   -17.164907   -70.529990
v   -63.667604   -15.902863   -74.193677
v   -57.457195   -17.406464   -76.621724
v   -36.830840   -31.188560   -76.621724
v   -32.845077   -36.077442   -74.579443
v   -31.045803   -40.092946   -71.997902
v   -21.838782   -48.560643   -67.613751
v   -14.513875   -57.781011   -61.242595
v   -13.532704   -67.658008   -50.356716
v    -4.454078   -59.782090   -61.242595
v    -2.204914   -62.177784   -59.051898
v    -1.085047   -63.604639   -57.698163
v    15.758222   -73.450589   -46.868140
v    22.430998   -72.123403   -46.868140
v    31.322907   -76.393522   -40.078285
v    51.643871   -78.379657   -28.511405
v    51.990900   -78.147820   -28.511405
v    64.967516   -75.005984   -23.437982
v    74.740637   -65.232863   -23.437982
v    78.511247   -49.659328   -29.526669
v    81.464336   -45.239633   -29.526669
v    85.092043   -29.278447   -34.756632
v    79.794473   -21.879404   -42.367636
v    82.749013    -7.026187   -42.367636
v    82.860434    -5.536803   -42.519389
v    71.983260    -5.536803   -51.445972
v    71.165738    -5.331661   -52.083450
v    54.578970    -5.331661   -64.201922
v    52.384791    -4.062363   -65.556527
v    49.637860     6.189374   -65.556527
v    54.882185    13.211356   -60.350357
v    72.889715    25.292252   -44.828761
v    17.985334    50.108063   -60.350357
v    -8.320441    30.462152   -79.853655
v   -25.142238    34.969620   -79.853655
v   -28.550730    40.861435   -76.216227
v   -28.550730    44.305472   -73.699972
v   -28.018144    46.427837   -72.045053
v   -37.426245    47.510418   -69.620778
v   -37.807513    38.381160   -76.216227
v   -39.163134    36.085425   -77.249046
v   -38.964811    32.122585   -79.395639
v   -41.096460    23.485000   -82.751903
v   -42.516787    22.064529   -82.751903
v   -44.513803    13.240807   -85.649427
v   -51.604407     6.305002   -83.823894
v   -54.657020     4.502392   -82.450429
v   -59.550834    -2.705291   -80.285991
v   -56.044849    -0.677228   -82.450429
v   -62.805108    -5.743977   -78.111398
v   -64.861316    -6.259879   -76.507981
v   -66.738062   -11.457053   -74.119541
v   -61.550752   -10.425250   -78.111398
v   -63.302439   -11.600537   -76.601557
v   -59.201919   -10.307735   -79.383743
v   -58.511777   -10.478059   -79.651849
v   -52.042982   -16.946998   -79.651849
v   -46.677515   -18.161312   -81.413692
v   -41.242845   -23.717413   -79.983355
v   -15.805806   -40.643087   -74.579443
v   -13.059455   -45.390516   -71.648551
v    -6.229558   -52.704833   -66.760830
v    21.111647   -70.597170   -48.335907
v     6.770996   -49.221334   -66.760830
v     6.009620   -34.005565   -75.002784
v    33.340379    -6.674660   -75.002784
v    36.585512    -5.873823   -73.741900
v    54.197556    -6.755179   -64.201922
v    76.117729   -21.460995   -45.307813
v    77.709394   -21.394549   -44.158059
v    37.155529    -4.062363   -73.696635
v    39.363490     2.167486   -71.624178
v    22.902215    -4.406201   -79.927210
v    19.530283    -2.974703   -81.129917
v    17.706636     1.428162   -81.129917
v    36.065258    -4.406201   -74.230237
v    -3.331599     9.954036   -86.440544
v    -9.280575    15.903012   -86.440544
v    -9.535044    16.530915   -86.281972
v    -9.130128    28.393902   -81.075077
v   -23.864379    22.466253   -86.281972
v   -23.864379    23.171629   -85.976725
v   -25.142238    27.223548   -83.993927
v   -25.011376    19.764587   -87.245734
v   -37.112583    14.752098   -87.245734
v   -40.791359    14.548407   -86.674267
v   -41.390536    13.949229   -86.674267
v   -43.245375    13.197428   -86.206096
v   -47.777941     2.255259   -86.206096
v   -49.856347     1.372742   -85.464741
v   -50.185097     1.090128   -85.329527
v   -55.788494    -0.677228   -82.587528
v   -45.809651    -9.473094   -85.329527
v   -46.401139   -10.064583   -84.967409
v   -41.850873    -7.874031   -86.731283
v   -37.753108    -8.100790   -87.367745
v   -20.218972   -15.363748   -87.367745
v   -19.886015   -16.147902   -87.088033
v   -16.964554   -19.545949   -85.690194
v   -15.805806   -23.219936   -83.892371
v     4.621646   -30.459972   -77.096713
v    -2.035461   -13.362089   -85.690194
v     2.759554   -13.096739   -84.945357
v     4.046697   -13.616704   -84.489663
v    22.121254    -6.291796   -79.927210
v    -0.064849    -2.974703   -87.073960
v    -6.128873    -0.070361   -88.548546
v    -9.132014    -0.070361   -89.042396
v   -10.924033     0.379094   -89.263061
v   -22.702729    12.157790   -89.263061
v   -25.011376    12.463763   -89.460369
v   -25.200269    12.257025   -89.499250
v   -27.214405    11.990079   -89.327186
v   -38.233176     2.634206   -89.053857
v   -36.570277     2.634206   -89.327186
v   -39.024438     2.255259   -88.861337
v   -35.535572     2.374660   -89.454711
v   -27.829251    -5.331661   -89.454711
v   -23.204559    -5.944766   -89.849762
v   -20.218972    -9.211516   -89.234045
v   -17.975757    -8.914104   -89.042396
v   -23.204559     0.379094   -90.472587
v   -25.200269     2.374660   -90.472587
f      1      2      3
f      1      3      4
f      1      4      5
f      1      5      6
f      1      6      7
f      4      8      9
f      4      9     10
f      4     10      5
f     11     10      9
f     11      9     12
f     11     12     13
f     11     13     14
f      6      5     10
f      6     10     11
f      6     11     15
f     16     17     18
f     16     18     19
f     16     19      1
f     16      1      7
f     16      7     20
f     19     21      2
f     19      2      1
f     18     22     23
f     18     23     24
f     18     24     25
f     18     25     21
f     18     21     19
f     25     26     27
f     25     27      3
f     25      3      2
f     25      2     21
f      3     27     28
f      3     28     29
f      3     29      8
f      3      8      4
f      9      8     29
f      9     29     30
f      9     30     31
f      9     31     12
f     12     31     32
f     12     32     33
f     12     33     34
f     12     34     35
f     12     35     36
f     12     36     13
f     14     13     36
f     14     36     37
f     14     37     38
f     37     36     35
f     37     35     39
f     37     39     40
f     37     40     41
f     42     38     37
f     42     37     41
f     42     41     43
f     42     43     44
f     45     15     11
f     45     11     14
f     45     14     38
f     45     38     42
f     20      7      6
f     20      6     15
f     20     15     45
f     46     47     48
f     46     48     49
f     46     49     17
f     46     17     16
f     49     50     51
f     49     51     22
f     49     22     18
f     49     18     17
f     52     53     54
f     52     54     55
f     52     55     51
f     52     51     50
f     51     55     56
f     51     56     57
f     51     57     23
f     51     23     22
f     54     58     59
f     54     59     56
f     54     56     55
f     23     57     60
f     23     60     61
f     23     61     62
f     23     62     24
f     24     62     63
f     24     63     26
f     24     26     25
f     63     64     65
f     63     65     66
f     63     66     28
f     63     28     27
f     63     27     26
f     28     66     67
f     28     67     68
f     28     68     30
f     28     30     29
f     30     68     69
f     30     69     32
f     30     32     31
f     33     70     71
f     33     71     72
f     33     72     73
f     33     73     34
f     35     34     73
f     35     73     74
f     35     74     75
f     35     75     39
f     74     76     77
f     74     77     78
f     74     78     79
f     74     79     75
f     39     75     79
f     39     79     80
f     39     80     40
f     80     79     78
f     80     78     81
f     80     81     82
f     80     82     83
f     41     40     80
f     41     80     83
f     41     83     84
f     41     84     43
f     44     43     84
f     44     84     85
f     44     85     86
f     86     85     87
f     86     87     88
f     86     88     89
f     90     46     16
f     90     16     20
f     90     20     45
f     90     45     42
f     90     42     44
f     90     44     86
f     90     86     89
f     90     47     46
f     91     92     93
f     91     93     94
f     91     94     95
f     91     95     96
f     91     96     97
f     91     97     98
f     98     97     99
f     98     99    100
f     98    100     52
f     98     52     50
f     98     50     49
f     98     49     48
f     99    101    102
f     99    102    103
f     99    103    104
f     99    104    100
f    100    104    105
f    100    105    106
f    100    106    107
f    100    107     53
f    100     53     52
f    105    108    109
f    105    109    110
f    105    110    106
f    107    111    112
f    107    112     58
f    107     58     54
f    107     54     53
f    106    110    113
f    106    113    114
f    106    114    111
f    106    111    107
f    112    115    116
f    112    116    117
f    112    117     59
f    112     59     58
f     56     59    117
f     56    117     60
f     56     60     57
f     61    118     64
f     61     64     63
f     61     63     62
f    119    120     65
f    119     65     64
f    119     64    118
f     65    120    121
f     65    121    122
f     65    122     67
f     65     67     66
f     67    122    123
f     67    123     69
f     67     69     68
f     32     69    123
f     32    123     70
f     32     70     33
f     71    124    125
f     71    125     72
f     73     72    125
f     73    125    126
f     73    126     76
f     73     76     74
f    126    127    128
f    126    128    129
f    126    129     77
f    126     77     76
f     78     77    129
f     78    129    130
f     78    130    131
f     78    131     81
f    131    130    132
f    131    132    133
f    131    133    134
f    131    134    135
f     82     81    131
f     82    131    135
f     82    135    136
f    136    135    134
f    136    134    137
f    136    137    138
f    136    138    139
f    136    139    140
f    140    139    141
f    140    141    142
f    140    142    143
f    140    143    144
f    140    144    145
f    140    145    146
f    140    146    147
f    140    147    148
f     84     83     82
f     84     82    136
f     84    136    140
f     84    140    148
f     84    148    149
f     84    149    150
f     84    150    151
f     84    151     87
f     84     87     85
f    151    150    152
f    151    152    153
f    151    153    154
f     88     87    151
f     88    151    154
f     88    154    155
f     88    155    156
f    156    155    157
f    156    157    158
f    156    158    159
f     89     88    156
f     89    156    159
f     89    159    160
f     89    160    161
f     89    161    162
f     89    162     91
f     89     91     98
f     89     98     48
f     89     48     47
f     89     47     90
f    162    163     92
f    162     92     91
f     93    164    165
f     93    165    166
f     93    166    167
f     93    167     94
f     94    167    168
f     94    168    169
f     94    169    170
f     94    170     95
f     95    170    171
f     95    171    172
f     95    172    173
f     95    173     96
f     96    173    174
f     96    174    101
f     96    101     99
f     96     99     97
f    174    175    176
f    174    176    102
f    174    102    101
f    103    177    108
f    103    108    105
f    103    105    104
f    178    179    180
f    178    180    181
f    178    181    109
f    178    109    108
f    178    108    177
f    109    181    182
f    109    182    113
f    109    113    110
f    180    183    182
f    180    182    181
f    113    182    183
f    113    183    184
f    113    184    185
f    113    185    186
f    113    186    187
f    113    187    114
f    114    187    115
f    114    115    112
f    114    112    111
f    116    115    187
f    116    187    186
f    116    186    188
f    116    188    189
f    116    189    190
f     60    117    116
f     60    116    190
f     60    190    191
f     60    191    192
f     60    192    119
f     60    119    118
f     60    118     61
f    191    193    194
f    191    194    195
f    191    195    196
f    191    196    197
f    191    197    192
f    192    197    198
f    192    198    121
f    192    121    120
f    192    120    119
f    196    199    200
f    196    200    198
f    196    198    197
f    123    122    121
f    123    121    198
f    123    198    200
f    123    200    201
f    123    201    124
f    123    124     71
f    123     71     70
f    200    199    202
f    200    202    203
f    200    203    204
f    200    204    205
f    200    205    206
f    200    206    207
f    200    207    201
f    207    206    208
f    207    208    209
f    125    124    201
f    125    201    207
f    125    207    209
f    125    209    210
f    125    210    127
f    125    127    126
f    210    211    128
f    210    128    127
f    129    128    211
f    129    211    212
f    129    212    132
f    129    132    130
f    132    212    213
f    132    213    214
f    132    214    215
f    132    215    133
f    134    133    215
f    134    215    137
f    137    215    214
f    137    214    216
f    137    216    217
f    137    217    138
f    138    217    218
f    138    218    219
f    138    219    141
f    138    141    139
f    141    219    220
f    141    220    142
f    146    221    222
f    146    222    223
f    146    223    147
f    148    147    223
f    148    223    224
f    148    224    225
f    148    225    149
f    149    225    226
f    149    226    227
f    149    227    152
f    149    152    150
f    152    227    228
f    152    228    229
f    152    229    230
f    152    230    153
f    154    153    230
f    154    230    231
f    154    231    157
f    154    157    155
f    157    231    232
f    157    232    233
f    157    233    158
f    159    158    233
f    159    233    234
f    159    234    235
f    159    235    160
f    161    236    237
f    161    237    163
f    161    163    162
f    237    238    164
f    237    164     93
f    237     93     92
f    237     92    163
f    165    239    240
f    165    240    241
f    165    241    242
f    165    242    166
f    166    242    243
f    166    243    244
f    166    244    245
f    166    245    168
f    166    168    167
f    168    245    246
f    168    246    247
f    168    247    169
f    169    247    248
f    169    248    249
f    169    249    171
f    169    171    170
f    171    249    250
f    171    250    251
f    171    251    252
f    171    252    172
f    172    252    253
f    172    253    175
f    172    175    174
f    172    174    173
f    253    254    255
f    253    255    256
f    253    256    176
f    253    176    175
f    102    176    256
f    102    256    257
f    102    257    178
f    102    178    177
f    102    177    103
f    257    258    259
f    257    259    260
f    257    260    261
f    257    261    179
f    257    179    178
f    261    184    183
f    261    183    180
f    261    180    179
f    260    262    263
f    260    263    185
f    260    185    184
f    260    184    261
f    264    265    266
f    264    266    267
f    264    267    263
f    264    263    262
f    185    263    267
f    185    267    268
f    185    268    188
f    185    188    186
f    188    268    269
f    188    269    270
f    188    270    271
f    188    271    189
f    190    189    271
f    190    271    272
f    190    272    273
f    190    273    193
f    190    193    191
f    273    274    275
f    273    275    194
f    273    194    193
f    194    275    276
f    194    276    277
f    194    277    195
f    276    278    279
f    276    279    280
f    276    280    277
f    195    277    280
f    195    280    281
f    195    281    282
f    195    282    283
f    195    283    284
f    195    284    202
f    195    202    199
f    195    199    196
f    283    285    286
f    283    286    287
f    283    287    284
f    284    287    288
f    284    288    203
f    284    203    202
f    203    288    289
f    203    289    290
f    203    290    291
f    203    291    292
f    203    292    293
f    203    293    204
f    204    293    294
f    204    294    295
f    204    295    205
f    205    295    296
f    205    296    208
f    205    208    206
f    296    295    294
f    296    294    297
f    296    297    298
f    296    298    299
f    209    208    296
f    209    296    299
f    209    299    300
f    209    300    301
f    209    301    302
f    209    302    303
f    209    303    213
f    209    213    212
f    209    212    211
f    209    211    210
f    303    302    304
f    303    304    305
f    303    305    306
f    303    306    307
f    214    213    303
f    214    303    307
f    214    307    308
f    214    308    216
f    307    306    309
f    307    309    310
f    307    310    311
f    307    311    308
f    216    308    311
f    216    311    312
f    216    312    218
f    216    218    217
f    218    312    313
f    218    313    314
f    218    314    220
f    218    220    219
f    142    220    314
f    142    314    315
f    142    315    143
f    143    315    316
f    143    316    317
f    143    317    318
f    143    318    144
f    319    320    321
f    319    321    322
f    319    322    222
f    319    222    221
f    223    222    322
f    223    322    323
f    223    323    224
f    224    323    324
f    224    324    325
f    224    325    326
f    224    326    226
f    224    226    225
f    226    326    327
f    226    327    228
f    226    228    227
f    228    327    328
f    228    328    329
f    228    329    330
f    228    330    229
f    230    229    330
f    230    330    331
f    230    331    232
f    230    232    231
f    233    232    331
f    233    331    332
f    233    332    333
f    233    333    334
f    233    334    234
f    234    334    335
f    234    335    336
f    234    336    235
f    160    235    336
f    160    336    337
f    160    337    338
f    160    338    236
f    160    236    161
f    338    339    340
f    338    340    238
f    338    238    237
f    338    237    236
f    340    341    239
f    340    239    165
f    340    165    164
f    340    164    238
f    240    342    343
f    240    343    344
f    240    344    345
f    240    345    241
f    241    345    346
f    241    346    347
f    241    347    243
f    241    243    242
f    243    347    348
f    243    348    349
f    243    349    350
f    243    350    244
f    244    350    351
f    244    351    352
f    244    352    246
f    244    246    245
f    246    352    353
f    246    353    354
f    246    354    355
f    246    355    248
f    246    248    247
f    248    355    356
f    248    356    250
f    248    250    249
f    250    356    357
f    250    357    358
f    250    358    359
f    250    359    251
f    251    359    360
f    251    360    254
f    251    254    253
f    251    253    252
f    360    361    362
f    360    362    363
f    360    363    255
f    360    255    254
f    256    255    363
f    256    363    364
f    256    364    258
f    256    258    257
f    364    365    366
f    364    366    259
f    364    259    258
f    259    366    367
f    259    367    264
f    259    264    262
f    259    262    260
f    367    368    369
f    367    369    265
f    367    265    264
f    369    370    371
f    369    371    372
f    369    372    373
f    369    373    266
f    369    266    265
f    267    266    373
f    267    373    374
f    267    374    269
f    267    269    268
f    269    374    375
f    269    375    376
f    269    376    377
f    269    377    270
f    271    270    377
f    271    377    378
f    271    378    379
f    271    379    272
f    272    379    380
f    272    380    381
f    272    381    274
f    272    274    273
f    381    382    383
f    381    383    278
f    381    278    276
f    381    276    275
f    381    275    274
f    383    384    385
f    383    385    279
f    383    279    278
f    280    279    385
f    280    385    386
f    280    386    387
f    280    387    281
f    281    387    388
f    281    388    389
f    281    389    282
f    282    389    390
f    282    390    391
f    282    391    392
f    282    392    285
f    282    285    283
f    392    393    394
f    392    394    395
f    392    395    286
f    392    286    285
f    286    395    396
f    286    396    289
f    286    289    288
f    286    288    287
f    289    396    397
f    289    397    398
f    289    398    399
f    289    399    290
f    291    400    292
f    292    400    401
f    292    401    297
f    292    297    294
f    292    294    293
f    297    401    402
f    297    402    403
f    297    403    298
f    299    298    403
f    299    403    404
f    299    404    405
f    299    405    300
f    300    405    406
f    300    406    407
f    300    407    408
f    300    408    301
f    301    408    409
f    301    409    304
f    301    304    302
f    304    409    410
f    304    410    411
f    304    411    412
f    304    412    305
f    305    412    413
f    305    413    309
f    305    309    306
f    309    413    414
f    309    414    415
f    309    415    310
f    311    310    415
f    311    415    416
f    311    416    417
f    311    417    313
f    311    313    312
f    314    313    417
f    314    417    316
f    314    316    315
f    144    318    418
f    144    418    145
f    145    418    419
f    145    419    420
f    145    420    319
f    145    319    221
f    145    221    146
f    421    422    423
f    421    423    321
f    421    321    320
f    322    321    423
f    322    423    424
f    322    424    324
f    322    324    323
f    324    424    425
f    324    425    426
f    324    426    427
f    324    427    325
f    325    427    428
f    325    428    328
f    325    328    327
f    325    327    326
f    329    328    428
f    329    428    429
f    329    429    430
f    329    430    431
f    331    330    329
f    331    329    431
f    331    431    432
f    331    432    433
f    331    433    332
f    432    434    435
f    432    435    436
f    432    436    433
f    332    433    436
f    332    436    437
f    332    437    438
f    332    438    333
f    333    438    439
f    333    439    440
f    333    440    441
f    333    441    442
f    333    442    335
f    333    335    334
f    336    335    442
f    336    442    443
f    336    443    337
f    337    443    444
f    337    444    445
f    337    445    339
f    337    339    338
f    445    446    447
f    445    447    341
f    445    341    340
f    445    340    339
f    447    448    342
f    447    342    240
f    447    240    239
f    447    239    341
f    343    449    450
f    343    450    344
f    344    450    451
f    344    451    452
f    344    452    346
f    344    346    345
f    346    452    453
f    346    453    454
f    346    454    348
f    346    348    347
f    348    454    455
f    348    455    456
f    348    456    457
f    348    457    349
f    349    457    458
f    349    458    459
f    349    459    351
f    349    351    350
f    351    459    460
f    351    460    353
f    351    353    352
f    353    460    461
f    353    461    462
f    353    462    354
f    354    462    357
f    354    357    356
f    354    356    355
f    357    462    461
f    357    461    463
f    357    463    464
f    357    464    465
f    357    465    358
f    358    465    466
f    358    466    467
f    358    467    468
f    358    468    361
f    358    361    360
f    358    360    359
f    468    469    470
f    468    470    362
f    468    362    361
f    363    362    470
f    363    470    471
f    363    471    472
f    363    472    365
f    363    365    364
f    472    473    474
f    472    474    368
f    472    368    367
f    472    367    366
f    472    366    365
f    474    475    370
f    474    370    369
f    474    369    368
f    476    477    371
f    476    371    370
f    476    370    475
f    371    477    478
f    371    478    479
f    371    479    372
f    373    372    479
f    373    479    480
f    373    480    375
f    373    375    374
f    375    480    481
f    375    481    482
f    375    482    483
f    375    483    376
f    377    376    483
f    377    483    484
f    377    484    485
f    377    485    378
f    378    485    486
f    378    486    487
f    378    487    380
f    378    380    379
f    380    487    488
f    380    488    489
f    380    489    382
f    380    382    381
f    489    490    491
f    489    491    384
f    489    384    383
f    489    383    382
f    385    384    491
f    385    491    492
f    385    492    493
f    385    493    386
f    386    493    494
f    386    494    495
f    386    495    388
f    386    388    387
f    388    495    496
f    388    496    497
f    388    497    390
f    388    390    389
f    390    497    498
f    390    498    499
f    390    499    391
f    391    499    500
f    391    500    501
f    391    501    393
f    391    393    392
f    501    502    503
f    501    503    394
f    501    394    393
f    394    503    504
f    394    504    397
f    394    397    396
f    394    396    395
f    397    504    505
f    397    505    506
f    397    506    507
f    397    507    398
f    398    507    508
f    398    508    509
f    398    509    510
f    398    510    511
f    398    511    399
f    290    399    511
f    290    511    512
f    290    512    513
f    290    513    402
f    290    402    401
f    290    401    400
f    290    400    291
f    512    514    515
f    512    515    516
f    512    516    513
f    403    402    513
f    403    513    516
f    403    516    517
f    403    517    404
f    516    515    518
f    516    518    519
f    516    519    520
f    516    520    517
f    404    517    520
f    404    520    406
f    404    406    405
f    406    520    519
f    406    519    521
f    406    521    522
f    406    522    407
f    407    522    523
f    407    523    410
f    407    410    409
f    407    409    408
f    410    523    524
f    410    524    525
f    410    525    526
f    410    526    411
f    414    413    412
f    414    412    411
f    414    411    526
f    414    526    527
f    416    415    414
f    416    414    527
f    416    527    528
f    416    528    529
f    316    417    416
f    316    416    529
f    316    529    530
f    316    530    317
f    317    530    531
f    317    531    532
f    317    532    419
f    317    419    418
f    317    418    318
f    419    532    533
f    419    533    534
f    419    534    420
f    420    534    535
f    420    535    536
f    420    536    421
f    420    421    320
f    420    320    319
f    536    537    538
f    536    538    422
f    536    422    421
f    423    422    538
f    423    538    539
f    423    539    425
f    423    425    424
f    425    539    540
f    425    540    541
f    425    541    542
f    425    542    426
f    428    427    426
f    428    426    542
f    428    542    543
f    428    543    429
f    429    543    544
f    429    544    545
f    429    545    546
f    429    546    430
f    431    430    546
f    431    546    547
f    431    547    434
f    431    434    432
f    547    548    549
f    547    549    550
f    547    550    435
f    547    435    434
f    436    435    550
f    436    550    551
f    436    551    437
f    437    551    552
f    437    552    553
f    437    553    554
f    437    554    439
f    437    439    438
f    439    554    555
f    439    555    556
f    439    556    440
f    440    556    557
f    440    557    558
f    440    558    559
f    440    559    441
f    442    441    559
f    442    559    560
f    442    560    561
f    442    561    444
f    442    444    443
f    444    561    562
f    444    562    563
f    444    563    446
f    444    446    445
f    563    564    565
f    563    565    448
f    563    448    447
f    563    447    446
f    565    566    567
f    565    567    449
f    565    449    343
f    565    343    342
f    565    342    448
f    568    451    450
f    568    450    449
f    568    449    567
f    569    453    452
f    569    452    451
f    569    451    568
f    570    455    454
f    570    454    453
f    570    453    569
f    571    572    456
f    571    456    455
f    571    455    570
f    456    572    573
f    456    573    574
f    456    574    458
f    456    458    457
f    575    576    574
f    575    574    573
f    458    574    576
f    458    576    577
f    458    577    463
f    458    463    461
f    458    461    460
f    458    460    459
f    463    577    578
f    463    578    579
f    463    579    580
f    463    580    464
f    464    580    581
f    464    581    466
f    464    466    465
f    466    581    582
f    466    582    583
f    466    583    584
f    466    584    467
f    467    584    585
f    467    585    586
f    467    586    469
f    467    469    468
f    470    469    586
f    470    586    587
f    470    587    588
f    470    588    471
f    471    588    589
f    471    589    590
f    471    590    473
f    471    473    472
f    590    591    592
f    590    592    476
f    590    476    475
f    590    475    474
f    590    474    473
f    592    593    478
f    592    478    477
f    592    477    476
f    479    478    593
f    479    593    594
f    479    594    595
f    479    595    481
f    479    481    480
f    481    595    596
f    481    596    482
f    483    482    596
f    483    596    597
f    483    597    598
f    483    598    484
f    484    598    599
f    484    599    600
f    484    600    486
f    484    486    485
f    486    600    601
f    486    601    488
f    486    488    487
f    488    601    602
f    488    602    603
f    488    603    604
f    488    604    490
f    488    490    489
f    604    605    606
f    604    606    607
f    604    607    492
f    604    492    491
f    604    491    490
f    492    607    608
f    492    608    609
f    492    609    494
f    492    494    493
f    494    609    610
f    494    610    496
f    494    496    495
f    496    610    611
f    496    611    612
f    496    612    498
f    496    498    497
f    498    612    613
f    498    613    614
f    498    614    500
f    498    500    499
f    500    614    615
f    500    615    616
f    500    616    502
f    500    502    501
f    616    617    505
f    616    505    504
f    616    504    503
f    616    503    502
f    505    617    618
f    505    618    619
f    505    619    620
f    505    620    506
f    506    620    621
f    506    621    508
f    506    508    507
f    508    621    622
f    508    622    509
f    509    622    623
f    509    623    624
f    509    624    625
f    509    625    626
f    509    626    510
f    511    510    626
f    511    626    627
f    511    627    628
f    511    628    514
f    511    514    512
f    627    629    630
f    627    630    631
f    627    631    632
f    627    632    628
f    628    632    633
f    628    633    518
f    628    518    515
f    628    515    514
f    633    632    631
f    633    631    634
f    633    634    635
f    633    635    636
f    519    518    633
f    519    633    636
f    519    636    637
f    519    637    521
f    638    637    636
f    638    636    635
f    638    635    639
f    638    639    640
f    638    640    641
f    521    637    638
f    521    638    524
f    521    524    523
f    521    523    522
f    525    524    638
f    525    638    641
f    525    641    642
f    525    642    643
f    527    526    525
f    527    525    643
f    527    643    644
f    527    644    528
f    529    528    644
f    529    644    645
f    529    645    646
f    529    646    647
f    529    647    531
f    529    531    530
f    531    647    648
f    531    648    649
f    531    649    533
f    531    533    532
f    533    649    650
f    533    650    535
f    533    535    534
f    535    650    651
f    535    651    537
f    535    537    536
f    651    652    540
f    651    540    539
f    651    539    538
f    651    538    537
f    540    652    653
f    540    653    654
f    540    654    541
f    542    541    654
f    542    654    655
f    542    655    544
f    542    544    543
f    544    655    656
f    544    656    657
f    544    657    658
f    544    658    545
f    546    545    658
f    546    658    659
f    546    659    548
f    546    548    547
f    659    660    661
f    659    661    662
f    659    662    549
f    659    549    548
f    550    549    662
f    550    662    663
f    550    663    552
f    550    552    551
f    552    663    664
f    552    664    665
f    552    665    666
f    552    666    553
f    553    666    667
f    553    667    555
f    553    555    554
f    555    667    668
f    555    668    669
f    555    669    670
f    555    670    557
f    555    557    556
f    557    670    671
f    557    671    558
f    559    558    671
f    559    671    672
f    559    672    673
f    559    673    674
f    559    674    560
f    560    674    675
f    560    675    676
f    560    676    562
f    560    562    561
f    562    676    677
f    562    677    678
f    562    678    679
f    562    679    564
f    562    564    563
f    679    566    565
f    679    565    564
f    680    681    682
f    680    682    683
f    683    682    684
f    683    684    685
f    683    685    686
f    687    688    575
f    687    575    573
f    687    573    572
f    687    572    571
f    689    690    691
f    689    691    692
f    689    692    688
f    689    688    687
f    692    578    577
f    692    577    576
f    692    576    575
f    692    575    688
f    691    693    694
f    691    694    579
f    691    579    578
f    691    578    692
f    579    694    695
f    579    695    696
f    579    696    582
f    579    582    581
f    579    581    580
f    582    696    697
f    582    697    698
f    582    698    583
f    583    698    699
f    583    699    585
f    583    585    584
f    585    699    700
f    585    700    701
f    585    701    702
f    585    702    587
f    585    587    586
f    587    702    703
f    587    703    704
f    587    704    589
f    587    589    588
f    589    704    705
f    589    705    706
f    589    706    591
f    589    591    590
f    706    707    594
f    706    594    593
f    706    593    592
f    706    592    591
f    596    595    594
f    596    594    707
f    596    707    708
f    596    708    597
f    597    708    709
f    597    709    710
f    597    710    599
f    597    599    598
f    599    710    711
f    599    711    712
f    599    712    602
f    599    602    601
f    599    601    600
f    602    712    713
f    602    713    714
f    602    714    603
f    603    714    715
f    603    715    605
f    603    605    604
f    715    716    717
f    715    717    718
f    715    718    606
f    715    606    605
f    606    718    719
f    606    719    608
f    606    608    607
f    608    719    720
f    608    720    721
f    608    721    611
f    608    611    610
f    608    610    609
f    611    721    722
f    611    722    613
f    611    613    612
f    613    722    723
f    613    723    724
f    613    724    615
f    613    615    614
f    615    724    725
f    615    725    618
f    615    618    617
f    615    617    616
f    725    726    727
f    725    727    728
f    725    728    619
f    725    619    618
f    619    728    729
f    619    729    623
f    619    623    622
f    619    622    621
f    619    621    620
f    623    729    730
f    623    730    624
f    624    730    731
f    624    731    732
f    624    732    733
f    624    733    734
f    624    734    625
f    626    625    734
f    626    734    629
f    626    629    627
f    734    733    735
f    734    735    736
f    734    736    630
f    734    630    629
f    630    736    737
f    630    737    738
f    630    738    634
f    630    634    631
f    739    738    737
f    739    737    740
f    739    740    741
f    635    634    738
f    635    738    739
f    635    739    742
f    635    742    639
f    640    639    742
f    640    742    743
f    642    641    640
f    642    640    743
f    642    743    744
f    642    744    745
f    644    643    642
f    644    642    745
f    644    745    746
f    644    746    747
f    644    747    645
f    645    747    748
f    645    748    646
f    646    748    749
f    646    749    750
f    646    750    751
f    646    751    752
f    646    752    753
f    646    753    648
f    646    648    647
f    648    753    754
f    648    754    653
f    648    653    652
f    648    652    651
f    648    651    650
f    648    650    649
f    654    653    754
f    654    754    656
f    654    656    655
f    656    754    753
f    656    753    752
f    656    752    755
f    656    755    756
f    656    756    757
f    656    757    758
f    656    758    657
f    658    657    758
f    658    758    660
f    658    660    659
f    758    757    759
f    758    759    760
f    758    760    761
f    758    761    762
f    758    762    661
f    758    661    660
f    662    661    762
f    662    762    664
f    662    664    663
f    664    762    761
f    664    761    763
f    664    763    665
f    665    763    764
f    665    764    765
f    665    765    668
f    665    668    667
f    665    667    666
f    668    765    766
f    668    766    767
f    668    767    669
f    671    670    669
f    671    669    767
f    671    767    768
f    671    768    672
f    672    768    769
f    672    769    770
f    672    770    771
f    672    771    673
f    673    771    772
f    673    772    675
f    673    675    674
f    675    772    773
f    675    773    774
f    675    774    775
f    675    775    677
f    675    677    676
f    677    775    776
f    677    776    777
f    677    777    678
f    776    778    779
f    776    779    780
f    776    780    681
f    776    681    680
f    776    680    777
f    780    781    782
f    780    782    684
f    780    684    682
f    780    682    681
f    686    685    783
f    686    783    690
f    686    690    689
f    783    784    785
f    783    785    693
f    783    693    691
f    783    691    690
f    785    786    695
f    785    695    694
f    785    694    693
f    695    786    787
f    695    787    788
f    695    788    697
f    695    697    696
f    697    788    789
f    697    789    790
f    697    790    700
f    697    700    699
f    697    699    698
f    700    790    791
f    700    791    792
f    700    792    701
f    701    792    793
f    701    793    703
f    701    703    702
f    703    793    794
f    703    794    795
f    703    795    796
f    703    796    797
f    703    797    705
f    703    705    704
f    705    797    798
f    705    798    709
f    705    709    708
f    705    708    707
f    705    707    706
f    798    799    711
f    798    711    710
f    798    710    709
f    711    799    800
f    711    800    801
f    711    801    802
f    711    802    803
f    711    803    713
f    711    713    712
f    713    803    804
f    713    804    716
f    713    716    715
f    713    715    714
f    802    805    806
f    802    806    807
f    802    807    804
f    802    804    803
f    804    807    808
f    804    808    717
f    804    717    716
f    806    809    810
f    806    810    811
f    806    811    808
f    806    808    807
f    717    808    811
f    717    811    720
f    717    720    719
f    717    719    718
f    720    811    810
f    720    810    812
f    720    812    813
f    720    813    723
f    720    723    722
f    720    722    721
f    723    813    814
f    723    814    726
f    723    726    725
f    723    725    724
f    814    815    816
f    814    816    817
f    814    817    818
f    814    818    727
f    814    727    726
f    727    818    819
f    727    819    731
f    727    731    730
f    727    730    729
f    727    729    728
f    731    819    820
f    731    820    732
f    821    820    819
f    821    819    818
f    821    818    817
f    821    817    822
f    821    822    823
f    735    733    732
f    735    732    820
f    735    820    821
f    735    821    824
f    825    824    821
f    825    821    823
f    825    823    826
f    825    826    827
f    740    737    736
f    740    736    735
f    740    735    824
f    740    824    825
f    828    741    740
f    828    740    825
f    828    825    827
f    828    827    829
f    828    829    830
f    743    742    739
f    743    739    741
f    743    741    828
f    743    828    744
f    745    744    828
f    745    828    830
f    745    830    831
f    745    831    832
f    745    832    746
f    746    832    833
f    746    833    834
f    746    834    749
f    746    749    748
f    746    748    747
f    749    834    835
f    749    835    836
f    749    836    750
f    750    836    837
f    750    837    838
f    750    838    751
f    751    838    839
f    751    839    755
f    751    755    752
f    755    839    840
f    755    840    841
f    755    841    842
f    755    842    843
f    755    843    756
f    756    843    844
f    756    844    759
f    756    759    757
f    759    844    845
f    759    845    846
f    759    846    847
f    759    847    760
f    761    760    847
f    761    847    848
f    761    848    764
f    761    764    763
f    764    848    849
f    764    849    766
f    764    766    765
f    767    766    849
f    767    849    850
f    767    850    851
f    767    851    769
f    767    769    768
f    769    851    852
f    769    852    853
f    769    853    770
f    770    853    854
f    770    854    773
f    770    773    772
f    770    772    771
f    773    854    855
f    773    855    856
f    773    856    857
f    773    857    774
f    774    857    778
f    774    778    776
f    774    776    775
f    779    858    859
f    779    859    781
f    779    781    780
f    859    860    861
f    859    861    862
f    859    862    782
f    859    782    781
f    684    782    862
f    684    862    863
f    684    863    784
f    684    784    783
f    684    783    685
f    863    864    865
f    863    865    787
f    863    787    786
f    863    786    785
f    863    785    784
f    865    866    789
f    865    789    788
f    865    788    787
f    789    866    867
f    789    867    868
f    789    868    791
f    789    791    790
f    791    868    794
f    791    794    793
f    791    793    792
f    795    869    870
f    795    870    871
f    795    871    872
f    795    872    796
f    796    872    873
f    796    873    800
f    796    800    799
f    796    799    798
f    796    798    797
f    873    874    875
f    873    875    801
f    873    801    800
f    876    877    878
f    876    878    875
f    876    875    874
f    801    875    878
f    801    878    879
f    801    879    805
f    801    805    802
f    878    877    880
f    878    880    881
f    878    881    882
f    878    882    879
f    879    882    809
f    879    809    806
f    879    806    805
f    810    809    882
f    810    882    881
f    810    881    883
f    810    883    884
f    810    884    885
f    810    885    886
f    810    886    812
f    812    886    887
f    812    887    888
f    812    888    889
f    812    889    815
f    812    815    814
f    812    814    813
f    890    889    888
f    890    888    891
f    890    891    892
f    893    816    815
f    893    815    889
f    893    889    890
f    817    816    893
f    817    893    894
f    817    894    822
f    895    894    893
f    895    893    890
f    895    890    892
f    895    892    896
f    895    896    897
f    823    822    894
f    823    894    895
f    823    895    898
f    823    898    826
f    899    898    895
f    899    895    897
f    899    897    900
f    827    826    898
f    827    898    899
f    827    899    829
f    830    829    899
f    830    899    900
f    830    900    901
f    830    901    902
f    830    902    903
f    830    903    904
f    830    904    905
f    830    905    831
f    831    905    906
f    831    906    907
f    831    907    908
f    831    908    833
f    831    833    832
f    907    909    910
f    907    910    911
f    907    911    908
f    833    908    911
f    833    911    835
f    833    835    834
f    837    912    840
f    837    840    839
f    837    839    838
f    840    912    913
f    840    913    914
f    840    914    841
f    842    915    845
f    842    845    844
f    842    844    843
f    846    845    915
f    846    915    916
f    846    916    917
f    849    848    847
f    849    847    846
f    849    846    917
f    849    917    918
f    849    918    850
f    850    918    919
f    850    919    920
f    850    920    852
f    850    852    851
f    852    920    921
f    852    921    855
f    852    855    854
f    852    854    853
f    855    921    922
f    855    922    923
f    855    923    856
f    856    923    924
f    856    924    858
f    856    858    779
f    856    779    778
f    856    778    857
f    924    925    926
f    924    926    860
f    924    860    859
f    924    859    858
f    926    927    928
f    926    928    929
f    926    929    930
f    926    930    931
f    926    931    861
f    926    861    860
f    862    861    931
f    862    931    864
f    862    864    863
f    931    930    932
f    931    932    870
f    931    870    869
f    931    869    867
f    931    867    866
f    931    866    865
f    931    865    864
f    794    868    867
f    794    867    869
f    794    869    795
f    932    933    934
f    932    934    935
f    932    935    936
f    932    936    937
f    932    937    871
f    932    871    870
f    871    937    876
f    871    876    874
f    871    874    873
f    871    873    872
f    936    938    880
f    936    880    877
f    936    877    876
f    936    876    937
f    935    939    938
f    935    938    936
f    940    883    881
f    940    881    880
f    940    880    938
f    940    938    939
f    941    942    943
f    941    943    884
f    941    884    883
f    941    883    940
f    884    943    944
f    884    944    945
f    884    945    946
f    884    946    885
f    947    887    886
f    947    886    885
f    947    885    946
f    947    946    948
f    891    888    887
f    891    887    947
f    891    947    949
f    891    949    950
f    896    892    891
f    896    891    950
f    896    950    951
f    951    950    949
f    951    949    952
f    951    952    953
f    900    897    896
f    900    896    951
f    900    951    953
f    900    953    901
f    901    953    952
f    901    952    954
f    901    954    955
f    901    955    956
f    901    956    902
f    902    956    957
f    902    957    958
f    902    958    903
f    904    959    960
f    904    960    906
f    904    906    905
f    906    960    961
f    906    961    909
f    906    909    907
f    835    911    910
f    835    910    962
f    835    962    913
f    835    913    912
f    835    912    837
f    835    837    836
f    962    910    909
f    962    909    961
f    962    961    963
f    841    914    916
f    841    916    915
f    841    915    842
f    917    916    914
f    917    914    913
f    917    913    962
f    917    962    963
f    917    963    964
f    917    964    965
f    917    965    966
f    917    966    967
f    917    967    968
f    917    968    919
f    917    919    918
f    919    968    969
f    919    969    922
f    919    922    921
f    919    921    920
f    967    927    926
f    967    926    925
f    967    925    969
f    967    969    968
f    922    969    925
f    922    925    924
f    922    924    923
f    970    971    929
f    970    929    928
f    972    973    974
f    972    974    971
f    972    971    970
f    972    970    975
f    929    971    974
f    929    974    976
f    929    976    977
f    929    977    978
f    929    978    979
f    929    979    933
f    929    933    932
f    929    932    930
f    978    980    981
f    978    981    979
f    979    981    982
f    979    982    934
f    979    934    933
f    934    982    941
f    934    941    940
f    934    940    939
f    934    939    935
f    983    984    985
f    983    985    942
f    983    942    941
f    983    941    982
f    983    982    981
f    983    981    980
f    985    986    987
f    985    987    944
f    985    944    943
f    985    943    942
f    945    944    987
f    945    987    988
f    945    988    989
f    948    946    945
f    948    945    989
f    948    989    990
f    948    990    991
f    952    949    947
f    952    947    948
f    952    948    991
f    952    991    954
f    954    991    990
f    954    990    992
f    954    992    993
f    954    993    955
f    955    993    957
f    955    957    956
f    957    993    992
f    957    992    994
f    957    994    995
f    957    995    996
f    957    996    997
f    957    997    958
f    903    958    997
f    903    997    998
f    903    998    999
f    903    999    959
f    903    959    904
f    963    961    960
f    963    960    959
f    963    959    999
f    963    999   1000
f    963   1000    964
f    999    998   1001
f    999   1001   1002
f    999   1002   1003
f    999   1003   1000
f    964   1000   1003
f    964   1003   1004
f    964   1004    965
f    965   1004    972
f    965    972    975
f    965    975    966
f    966    975    970
f    966    970    928
f    966    928    927
f    966    927    967
f   1005   1006    976
f   1005    976    974
f   1005    974    973
f    976   1006   1007
f    976   1007   1008
f    976   1008   1009
f    976   1009    977
f    977   1009   1010
f    977   1010    983
f    977    983    980
f    977    980    978
f   1010   1011   1012
f   1010   1012    984
f   1010    984    983
f   1013    986    985
f   1013    985    984
f   1013    984   1012
f   1013   1012   1014
f    988    987    986
f    988    986   1013
f    988   1013   1015
f    990    989    988
f    990    988   1015
f    990   1015    994
f    990    994    992
f    994   1015   1013
f    994   1013   1014
f    994   1014   1016
f    994   1016   1017
f    994   1017    995
f    995   1017   1018
f    995   1018   1019
f    995   1019    996
f    997    996   1019
f    997   1019   1020
f    997   1020   1001
f    997   1001    998
f   1001   1020   1007
f   1001   1007   1006
f   1001   1006   1005
f   1001   1005   1002
f   1003   1002   1005
f   1003   1005    973
f   1003    973    972
f   1003    972   1004
f   1008   1021   1022
f   1008   1022   1011
f   1008   1011   1010
f   1008   1010   1009
f   1014   1012   1011
f   1014   1011   1022
f   1014   1022   1016
f   1016   1022   1021
f   1016   1021   1018
f   1016   1018   1017
f   1019   1018   1021
f   1019   1021   1008
f   1019   1008   1007
f   1019   1007   1020
f    678    777    680
f    678    680    683
f    678    683    686
f    678    686    689
f    678    689    687
f    678    687    571
f    678    571    570
f    678    570    569
f    678    569    568
f    678    568    567
f    678    567    566
f    678    566    679
