v   -10.922349   -13.145753   219.963771
v   -11.479356   -15.368071   220.237633
v   -11.538985   -16.249285   220.330111
v   -11.538985   -17.900670   220.492928
v    -6.930103   -22.509552   220.492928
v     1.300400   -27.100581   220.134444
v     3.032479   -27.100581   219.963771
v   -11.757860   -17.900670   220.471148
v   -12.124200   -18.235589   220.402236
v    -7.990917   -22.368872   220.402236
v    18.848642   -31.066404   218.015315
v    12.061003   -38.874153   217.914982
v    19.381727   -31.553786   217.914982
v    94.439585    19.477403   188.734206
v    84.147440    23.648533   191.332147
v    28.477734     1.160062   211.045221
v    27.594734     0.277419   211.424057
v    55.962850   -49.074535   209.019641
v   122.834838   -49.074535   188.734206
v   -10.922349   -10.470331   219.523878
v   -19.279249    20.941690   211.045221
v   -19.279249    14.296517   213.061160
v   -16.358173     1.149350   216.682067
v   -15.531587    -0.846951   217.183731
v   -31.156725    43.698668   202.649401
v   -26.778858    38.607047   204.744250
v   -25.274223   -20.375427   216.682067
v   -16.592044   -20.375427   219.315714
v   -34.759065   -24.402307   213.298960
v   -31.645177   -31.920483   213.298960
v   -19.996575   -27.214839   217.423673
v   -17.921722   -25.139985   218.313814
v     8.495083   -39.016618   217.423673
v    12.266667   -39.303334   217.810722
v    59.899038   -63.180398   206.053218
v    31.437016   -55.238396   212.038551
v    49.423009   -76.158677   203.432782
v    57.982003   -80.938232   200.907323
v    63.635274   -80.508336   200.327464
v    73.246156   -76.527516   200.327464
v   118.662279   -94.873779   184.245295
v   135.419999   -54.417524   184.245295
v   208.270536     1.862391   139.862850
v   205.124871    13.600971   139.862850
v   204.435038    14.163335   140.150995
v   197.933044    18.003118   143.076356
v   186.619004    17.436826   149.204869
v   163.783473   -46.992540   170.638597
v   173.339726   -46.992540   165.530550
v   173.958861   -46.634412   165.148500
v   187.479509   -34.009262   156.113193
v   202.541212    -9.793352   144.594559
v   168.153127    21.993935   156.379914
v   140.242043   -54.417524   182.158301
v   140.077440    50.069622   156.379914
v    85.471404    62.428409   174.310920
v    73.876361    74.281962   171.259517
v   -63.628131   115.454828   168.945793
v   -63.628131   111.111953   171.267373
v   -54.100443    80.902141   186.050214
v    70.839955    79.424285   168.945793
v   -75.845524   136.574703   155.907171
v   -92.435784   154.341464   144.034338
v   -77.427997   116.002909   166.676344
v   -77.012026   103.813367   172.026474
v  -101.085471   167.169780   134.918693
v  -140.294528   127.960722   134.918693
v  -141.477098   122.736276   136.634348
v  -141.423540   122.664150   136.687549
v   -94.821276   104.421434   164.209800
v   -49.162713   -24.402307   207.065115
v  -182.939537   -32.276111   136.687549
v  -180.539763   -33.664345   138.168975
v   -78.529515   -33.664345   192.694673
v  -169.356048   -75.403146   138.168975
v  -164.584706   -78.220677   140.315954
v  -118.028145   -75.890885   165.534478
v   -89.543628   -64.740376   182.356825
v   -57.613162   -57.888467   197.404602
v   -72.171058   -64.147306   189.981760
v  -109.834419   -84.084611   165.534478
v  -101.417533   -85.989506   168.298450
v   -46.489790   -58.504746   199.132040
v     8.784655   -73.315438   199.132040
v   112.008179   -97.653104   184.235297
v    77.782913  -102.143443   186.736833
v   101.422534  -100.489559   184.235297
v   120.946725   -97.158224   182.847063
v   143.283805  -106.761251   171.458041
v   146.088124  -108.855743   169.378902
v   146.972553  -107.971315   169.378902
v   147.216065  -106.895504   169.732031
v   148.312942  -105.822908   169.449600
v   154.554284   -94.799154   168.724775
v   164.106609   -81.451678   165.530550
v   212.245286     6.301314   135.875960
v   211.776828     8.657885   135.875960
v   210.959169     9.307370   136.440823
v   209.566650    10.821289   137.161720
v   207.594628    12.494454   138.275021
v   199.830441    21.054877   140.150995
v   198.251538    21.753636   140.977223
v   167.599333    52.405484   140.977223
v    69.111088   120.832809   139.030909
v   165.954018    56.124225   139.030909
v    68.950770   121.190222   138.800965
v    16.116805   169.781646   113.642784
v    15.318784   170.786045   112.948667
v   -83.812162   190.504475   112.948667
v  -108.268371   192.333317   115.439848
v  -108.268371   191.955551   115.750130
v  -103.272083   172.041455   131.277790
v  -122.952308   205.482626   102.251619
v  -123.589296   205.355871   102.251619
v  -122.170712   199.255208   107.489991
v  -119.306050   195.941013   110.677432
v  -126.448602   207.402874    99.310547
v  -132.410370   203.419555    99.310547
v  -133.815743   200.243540   100.972644
v  -145.443279   188.616004   100.972644
v  -146.988261   187.932599   100.163912
v  -151.852081   182.220770    99.385529
v  -193.037087   120.583584    99.385529
v  -196.423408   119.066095    97.208557
v  -214.175887    99.763993    88.017216
v  -226.980280    82.301444    82.080442
v  -239.228379    58.334046    77.823975
v  -206.509533   -32.276111   119.467085
v  -242.465451    52.832880    76.065116
v  -246.760837    44.349582    73.925278
v  -247.383900    42.789960    73.668555
v  -254.395056     7.541727    73.668555
v  -256.223541   -16.911982    76.159736
v  -256.162841   -17.332951    76.278279
v  -253.779491   -28.368845    80.035581
v  -253.437074   -29.727086    80.538317
v  -252.419107   -32.337524    81.800153
v  -250.604190   -34.364176    83.620426
v  -214.832870   -34.364176   112.977231
v  -250.391385   -37.211699    83.330139
v  -246.993281   -54.294697    83.330139
v  -246.871524   -54.599623    83.380484
v  -245.265129   -57.329317    84.253129
v  -238.112578   -63.011510    89.195502
v  -226.110848   -65.597668    98.622857
v  -208.018809   -73.704273   110.254320
v  -207.664609   -73.803534   110.493548
v  -175.928025   -82.090809   129.964181
v  -164.616841   -78.597728   140.104577
v  -189.893564   -81.667340   119.795577
v  -133.617577   -86.103407   152.224136
v  -131.771953   -87.336679   152.224136
v  -101.070117   -94.314272   162.284195
v  -100.085356   -95.219766   161.815381
v   -59.780850   -98.074074   167.620401
v    57.731707  -121.448759   167.620401
v    77.782913  -122.948038   169.663119
v   144.011842  -115.868327   164.661833
v    83.351562  -127.934328   164.661833
v   146.957199  -110.151143   168.262388
v   147.176789  -115.644096   164.205872
v   147.254984  -115.469853   164.317988
v   147.371027  -112.692669   166.324286
v   147.986949  -114.686828   164.536506
v   147.977666  -114.987112   164.317988
v   147.105735  -109.538435   168.501972
v   147.655244  -108.715420   168.501972
v   177.757226   -57.154003   160.313602
v   165.629097   -79.796366   164.742170
v   167.469008   -77.287332   163.889163
v   185.488921   -44.016476   156.113193
v   214.255155     7.331421   133.245884
v   212.984035     7.989476   134.668039
v   212.449165     6.347374   135.636376
v   213.384652     6.347374   134.496652
v   212.097107     8.625750   135.522832
v   211.766473     9.274878   135.522832
v   199.918277    21.049164   140.073513
v   165.424504    64.234757   131.913351
v   192.936399    36.722861   131.913351
v   151.472532    93.727957   113.403913
v   116.187165   125.389203   105.985356
v    18.834359   186.539008    92.581823
v    13.624552   187.841192    94.151442
v   103.542377   143.378053    92.581823
v     1.014398   197.363167    86.265498
v   -49.485491   201.682477    92.703579
v   -85.633506   207.407873    92.703579
v  -123.507887   210.502836    96.241292
v  -123.507887   207.940601    99.363749
v  -124.355181   211.073412    95.382929
v  -126.861002   210.676723    95.382929
v  -126.981687   210.443208    95.643937
v  -126.773880   209.003914    97.437430
v  -126.856717   208.171259    98.355065
v  -129.154731   209.335977    95.643937
v  -129.789934   208.432267    96.317345
v  -131.395259   206.991902    96.654763
v  -132.302539   205.073796    97.858400
v  -145.015525   192.360810    97.858400
v  -186.514384   143.591572    91.263928
v  -190.707295   138.557794    90.502327
v  -197.210717   127.923231    91.055407
v  -206.835882   114.169069    88.017216
v  -253.218913    29.131846    70.162620
v  -254.925999     9.172046    72.707003
v  -255.436946     5.944972    72.707003
v  -256.933012   -12.359872    74.416945
v  -252.167382   -35.419991    81.512366
v  -251.395070   -40.294522    81.512366
v  -251.228681   -42.240479    81.264212
v  -248.658591   -50.397071    82.329668
v  -245.099097   -57.994513    84.052821
v  -242.703607   -62.695515    84.052821
v  -241.513182   -63.532098    84.939749
v  -238.173992   -63.699557    88.717403
v  -218.466631   -73.022295   101.085117
v  -215.687306   -75.801621   101.085117
v  -197.607407   -83.855381   110.498547
v  -150.204266   -88.975210   139.419029
v   -98.375057  -115.383445   139.419029
v   -98.074773  -115.458427   139.509722
v   -45.586795  -155.092738   106.685543
v   -25.838372  -173.266900    88.351421
v    85.353933  -190.877983    88.351421
v    85.353933  -136.796820   154.249359
v    92.164780  -196.904378    79.693879
v   142.036964  -189.005224    79.693879
v   152.175576  -179.674987    89.106238
v   158.677569  -167.118034   103.152115
v   158.632937  -165.497356   105.135562
v   157.899187  -160.420017   111.464027
v   148.466119  -118.073149   161.186605
v   158.405850  -155.317683   117.087662
v   155.453709  -143.931875   130.549396
v   158.905371  -156.098922   115.885454
v   159.082828  -156.525248   115.285242
v   148.136556  -114.127321   164.742170
v   205.189498   -17.926378   139.797509
v   210.444294   -12.216335   134.496652
v   228.667729     8.203353   107.795631
v   226.965285     8.686450   110.861673
v   224.578007     8.517205   115.369508
v   224.513023     8.261553   115.554463
v   224.764748     8.203353   115.097788
v   223.352947     8.732153   117.453645
v   219.919852     8.261553   123.591798
v   225.137514     9.535886   113.569230
v   217.563995     8.056245   127.657240
v   190.878684    54.182910   113.569230
v   179.610704    75.935489   101.082617
v   163.200044    92.345793   101.082617
v   100.257459   159.005689    71.379468
v   133.112344   133.795021    71.379468
v    82.016885   182.127222    50.368851
v    74.013113   188.075778    47.527041
v    71.156663   188.919859    48.456101
v    19.203199   210.439637    48.456101
v     6.225276   213.950928    51.876343
v    -1.505348   211.732895    61.819644
v   -50.241379   216.426042    67.114431
v  -101.810295   223.215109    67.114431
v  -120.095858   224.820076    68.615495
v  -124.963605   222.184287    74.745794
v  -124.972175   222.170719    74.773287
v  -124.972175   213.742764    90.540532
v  -125.747344   221.378055    76.065473
v  -127.304109   215.894028    85.942005
v  -127.191636   214.308341    88.935922
v  -127.562975   212.191355    92.537548
v  -128.771253   212.737651    90.617300
v  -128.545236   212.235987    91.709177
v  -132.597110   209.801935    90.617300
v  -134.940113   206.574147    92.930667
v  -144.462802   197.051457    92.930667
v  -146.788667   195.363296    91.263928
v  -227.184516    86.789641    78.295646
v  -229.356132    84.481629    76.065116
v  -253.602034    28.450940    69.680237
v  -255.678316     6.891885    72.022526
v  -256.078219     3.854765    72.022526
v  -257.313634   -10.221105    73.178317
v  -252.510513   -36.766807    80.538317
v  -252.293780   -39.018046    80.293733
v  -246.161340   -57.225057    82.688509
v  -245.172651   -59.611978    82.688509
v  -244.364633   -62.346314    81.799439
v  -244.418905   -62.915819    81.004989
v  -244.273226   -63.260378    80.812536
v  -241.675999   -68.719411    78.237803
v  -240.761578   -69.911264    78.237803
v  -239.141971   -73.037649    76.443239
v  -239.067347   -73.569305    75.675568
v  -235.164365   -78.946215    71.822574
v  -191.615289  -112.362392    71.822574
v  -191.540665  -112.457369    71.736524
v  -182.455369  -119.209302    68.510521
v  -178.615944  -122.821997    64.800707
v   -23.410747  -187.109969    64.800707
v   -16.789496  -192.848220    56.595198
v    22.442055  -214.946072    28.800514
v    92.164780  -197.180026    79.211853
v    41.639183  -227.070273    10.845942
v    72.338163  -231.111792    10.845942
v    82.561753  -232.009074    11.685381
v    83.512237  -231.840187    12.235962
v    89.440084  -229.271524    18.501227
v    93.545874  -227.048135    23.672115
v    93.545874  -203.153219    68.376625
v    96.787944  -226.621453    23.672115
v   101.030843  -224.841528    25.957275
v   123.347571  -210.747091    46.829353
v   124.377321  -210.166874    47.558819
v   140.825830  -195.912833    67.942801
v   141.287861  -195.721451    67.942801
v   151.581077  -186.036301    77.888245
v   154.488943  -179.780319    87.155282
v   158.920011  -167.425460   102.497274
v   157.151154  -176.405781    90.221681
v   158.992493  -167.645406   102.107012
v   162.772290  -172.092185    90.221681
v   162.854413  -171.507684    91.065762
v   160.109008  -157.333980   113.099701
v   171.007078  -155.043107    98.314360
v   174.336984  -156.543100    91.065762
v   232.699251    -9.192069    95.968501
v   229.132974    -8.939273   102.703295
v   175.836977  -155.846127    88.843801
v   225.385311   -36.226224    88.843801
v   234.145686    -6.902268    93.826878
v   235.819565     5.812147    93.826878
v   233.750782     7.113260    98.017647
v   244.714193     6.487697    65.508392
v   242.218727     6.563750    73.706046
v   240.689812     6.364156    78.820876
v   240.668032     6.216692    78.947631
v   244.647423     6.216692    65.829029
v   237.655905     6.400219    88.128975
v   236.865026     6.038878    90.705492
v   240.051396     6.038878    80.913940
v   245.070178     7.402476    63.263223
v   234.627355     7.719184    94.929110
v   246.082789     9.816890    55.444049
v   246.312376    11.226548    51.995600
v   246.171696    12.081697    50.769469
v   229.478604    38.648465    50.769469
v   227.173449    41.204274    52.931444
v   245.106598     7.474244    63.011141
v   206.374924    66.087521    56.856920
v   127.468000   149.135941    46.030261
v   193.225615    83.377969    46.030261
v   114.859630   163.900573    34.310962
v    97.058950   178.779105    31.502715
v    84.592689   190.023520    20.957774
v    68.858650   199.909692    20.957774
v    57.298240   208.653285    10.122903
v    58.613636   207.899539    10.695621
v    53.004282   211.279791     6.390951
v     1.164361   229.419318     6.390951
v    -9.283818   233.387283    -1.574616
v   -23.358617   234.831576    -0.319206
v     0.265651   229.863139     5.390837
v   -80.271950   241.243948    -0.319206
v  -103.507383   243.374146     1.289332
v  -104.964172   243.082788     2.790753
v  -110.672430   241.679557     9.537331
v  -113.595292   240.279540    15.237733
v  -114.835349   239.540433    18.135244
v  -119.180366   236.526879    29.682799
v  -119.892336   235.955946    31.830136
v  -120.619659   234.962972    35.373919
v  -120.619659   226.636421    62.821901
v  -124.249136   230.820406    47.681646
v  -125.140705   228.709847    54.308253
v  -125.183195   227.312329    58.899282
v  -125.894094   225.139642    65.288088
v  -125.904805   224.244502    68.034208
v  -126.271859   226.423616    60.585301
v  -126.609991   222.625609    71.669397
v  -128.523813   223.067645    66.584917
v  -127.991799   222.317827    69.935889
v  -154.838499   196.752958    66.584917
v  -159.433813   190.710496    70.368641
v  -186.236238   158.643991    65.310226
v  -190.078519   154.384311    61.706815
v  -235.751723    81.695877    61.706815
v  -239.061277    77.451907    57.455703
v  -245.756081    65.770812    52.370152
v  -247.942693    62.196323    49.263405
v  -257.893493    33.757866    49.263405
v  -257.699968    27.110551    57.631018
v  -258.445502    19.843385    58.279432
v  -259.904791     6.893670    58.279432
v  -260.193649     3.742649    58.497236
v  -257.780663    -8.321209    70.932790
v  -254.740686   -29.955245    76.278279
v  -254.278299   -31.735885    77.141641
v  -252.460525   -38.565656    79.963813
v  -248.500058   -50.956578    82.206483
v  -246.138845   -57.704226    82.206483
v  -244.984125   -61.374407    81.205298
v  -242.825720   -66.630989    78.739824
v  -241.589592   -69.108602    77.749708
v  -241.244318   -69.835568    77.259826
v  -239.203028   -73.519317    75.450980
v  -239.115906   -73.746405    75.086068
v  -237.223865   -76.787096    72.082511
v  -237.199586   -76.821730    72.055375
v  -234.684839   -80.249827    69.668454
v  -229.716401   -86.696477    63.602783
v  -210.989874  -108.127705    47.342800
v  -203.177484  -115.940453    38.367121
v  -174.360548  -141.120057    16.503497
v  -169.246432  -144.333563    16.503497
v  -149.137382  -160.015829    -3.638758
v  -148.653571  -160.354676    -4.017952
v  -112.840118  -180.880766   -19.610597
v   -84.967239  -189.651138   -12.008156
v    -5.220161  -217.555796   -12.008156
v    42.998496  -231.224979    -1.371451
v    45.339000  -232.088698    -3.078180
v    57.389647  -233.325541    -2.003440
v    61.453661  -233.783287    -2.003440
v    70.437195  -234.606658    -1.381449
v    78.795881  -232.934921     7.235032
v    90.749766  -229.465406    17.375786
v    84.223850  -231.759849    12.235962
v    85.918796  -231.319599    13.057548
v    91.853427  -229.058362    18.180590
v   102.381944  -224.368428    25.957275
v   125.703071  -210.104747    46.224857
v   134.069969  -205.309125    49.867545
v   138.676351  -201.716782    54.481782
v   166.064349  -184.507743    54.481782
v   165.025315  -183.043456    61.026265
v   167.365104  -176.684999    71.533359
v   174.980756  -181.073220    40.150617
v   180.464783  -176.902803    36.716807
v   183.892523  -173.474706    36.716807
v   181.227812  -171.584094    48.626417
v   183.545107  -161.174477    61.682178
v   203.014311  -160.642820     2.531888
v   204.198310  -159.330281     1.421443
v   210.147580  -149.862222     1.421443
v   210.196140  -149.566222     1.845626
v   221.799753  -112.688742    11.903899
v   243.962232   -21.948617    43.745102
v   243.450571    -4.405017    65.829029
v   241.606375    -4.461431    71.888630
v   225.994806  -100.700222    11.903899
v   237.993324   -58.374421    21.240919
v   239.302292   -50.991570    25.473464
v   247.204660    11.694291    43.022063
v   246.944723    11.798909    45.556805
v   246.745129    11.515763    47.866602
v   246.745129    10.240001    49.142720
v   247.204660    10.240001    44.476353
v   247.033273    13.232489    39.744287
v   246.911874    13.239631    41.066466
v   246.794045    12.565151    44.647740
v   246.313091    16.303530    29.360378
v   245.518997    18.724728    23.721746
v   245.244064    19.380283    22.874094
v   242.045198    25.364546    22.874094
v   241.031872    27.145542    22.177835
v   238.955233    30.450097    22.177835
v   185.301109    96.067033    20.135473
v   236.995351    33.077317    20.135473
v   179.274714   102.898232    15.762249
v   123.948496   158.224093    15.762249
v   110.004023   170.526108     6.835486
v    80.543314   194.704170     6.835486
v    67.792837   204.215076    -3.077108
v    55.078422   212.283119   -17.410059
v    47.774837   216.187171   -17.410059
v    59.701586   209.651614   -15.602641
v    31.265629   223.771045   -31.387739
v    23.025485   227.229849   -42.042296
v    19.627024   228.326011   -42.763550
v   -14.172631   238.578881   -42.763550
v   -15.921850   238.961288   -44.409222
v   -23.249715   239.787159   -44.409222
v   -37.112779   241.243948   -43.478377
v   -73.961338   244.246791   -37.117777
v   -86.409389   244.828793   -30.576507
v   -94.763433   244.828793   -22.222463
v   -99.528706   244.489589   -14.014455
v  -101.815294   244.271428    -9.513761
v  -103.507383   244.082902    -5.906779
v   -56.467369   243.150272   -43.478377
v  -105.510825   243.671217    -3.730164
v  -106.676614   243.312732    -1.257193
v  -107.378229   243.082788     0.376696
v  -110.315374   242.058751     6.528775
v  -110.588165   241.944136     6.881189
v  -118.175967   237.469507    25.111766
v  -120.278671   236.056636    28.367047
v  -120.201189   235.831690    31.366320
v  -124.397314   230.981796    45.999555
v  -123.730333   233.224109    28.367047
v  -130.815043   226.973840    32.902732
v  -144.496366   213.292516    32.902732
v  -144.540998   213.241815    32.934868
v  -199.614420   146.134527    32.934868
v  -206.698772   136.637545    25.551659
v  -230.526919    98.714961    25.551659
v  -241.008661    80.300858    18.352692
v  -254.315432    55.404756    18.352692
v  -255.279127    53.307408    16.576694
v  -258.978587    34.483047    38.909846
v  -260.783863    33.257273    22.987638
v  -259.904791    33.611116    31.561629
v  -257.503230    48.009408     9.726213
v  -259.347783    41.929098     9.726213
v  -259.391701    41.727004     9.916167
v  -260.348254    37.072419    14.973512
v  -260.523926    35.590279    18.015273
v  -260.783863     3.742649    52.502619
v  -257.780663   -15.276307    63.977692
v  -260.707096     2.963196    52.502619
v  -257.053697   -19.377098    66.328907
v  -248.334027   -51.800302    81.205298
v  -250.219641   -45.952435    79.963813
v  -241.549602   -69.408886    76.387895
v  -241.011161   -70.416856    76.387895
v  -163.812750  -149.249156     6.579120
v  -144.660254  -162.839430    -7.962709
v  -139.277632  -166.126846   -12.589086
v  -130.387646  -171.229537   -16.545983
v  -120.737845  -176.722490   -20.318639
v  -112.684799  -181.026802   -20.318639
v  -107.798485  -183.271615   -24.455492
v  -101.120819  -185.720306   -25.324210
v   -28.545572  -211.115573   -25.324210
v   -13.806292  -215.868705   -22.194612
v    23.914198  -227.310929   -22.194612
v    31.075318  -229.170477   -18.724026
v    45.576799  -232.341494    -5.083764
v    49.885039  -232.826733    -5.083764
v    58.984260  -233.783287    -4.472484
v    67.426854  -234.614871    -4.472484
v    70.437195  -234.614871    -1.462143
v    78.849797  -232.934921     7.181117
v    70.895655  -234.569525    -1.462143
v    93.741183  -228.687380    15.941134
v    91.511010  -229.623225    13.057548
v   101.653192  -225.052548    22.639866
v   152.216637  -198.025892    22.639866
v   162.168865  -192.360838    18.749024
v   168.844031  -188.166498    18.749024
v   197.710955  -166.132202     1.521061
v   191.003654  -171.636938     1.521061
v   201.887085  -162.448096    -1.152218
v   209.109618  -155.081312   -13.396390
v   209.216735  -155.118446   -14.826043
v   210.953456  -150.487784    -6.504134
v   213.832043  -147.420314   -20.466103
v   210.598185  -153.452422   -20.361129
v   211.454049  -152.179159   -22.332436
v   213.226119  -148.863535   -22.332436
v   221.465548  -123.747844   -15.440180
v   229.466464   -97.371744   -15.440180
v   245.106598   -11.060187    44.476353
v   244.355351    16.303530     9.483772
v   244.355351    19.192829    12.373071
v   242.557573    15.154880    -7.621006
v   243.081018    18.368029     0.237801
v   244.338570    19.208896    12.239889
v   244.293223    19.438841    12.513037
v   242.982827    18.963599     1.091880
v   243.999009    19.752693    11.085526
v   230.683669    38.537778     1.091880
v   227.012774    42.607504    -2.350499
v   187.121739    90.333067    -9.879744
v   169.878780   105.057708   -23.566065
v    95.106923   179.829922   -23.566065
v    67.026594   201.184383   -41.148585
v    62.925089   202.764357   -47.741271
v    48.101543   210.977364   -55.020219
v    30.012004   222.343892   -55.020219
v    26.210784   224.240931   -56.539493
v    14.318312   226.197956   -73.588927
v    -0.219232   231.284936   -73.588927
v    -3.385249   232.848128   -70.065854
v    -7.181828   234.249217   -67.296169
v   -13.920550   236.835732   -61.272630
v   -34.116364   239.787159   -55.275514
v   -23.762090   237.944749   -61.272630
v   -87.142425   244.766308   -30.478317
v   -93.769389   244.766308   -23.851353
v   -94.408162   244.781304   -23.058689
v   -86.526860   244.818081   -30.568295
v   -88.608855   244.615630   -30.347277
v  -105.069504   243.631940    -5.652912
v  -105.213041   243.619086    -5.311209
v  -104.700665   243.638724    -6.600182
v  -110.527108   241.767393     4.520691
v  -110.780261   241.474607     3.637334
v  -111.980684   240.561971     4.388937
v  -153.222106   199.320550     4.388937
v  -155.777200   195.960294     2.284805
v  -201.870301   140.814746    10.984479
v  -210.546053   125.156760     3.295631
v  -245.036255    70.265436     3.295631
v  -253.959447    52.384775    -3.850849
v  -254.386130    51.640670    -3.526642
v  -255.320546    50.112826    -2.198750
v  -257.281856    48.022976     7.312513
v  -258.271972    42.983842     1.334321
v  -257.174739    44.813755    -2.198750
v  -257.715679    43.785790    -0.797305
v  -258.308749    42.907432     1.483571
v  -259.391701    38.570627     6.759790
v  -259.345283    38.689884     6.467718
v  -259.743401    37.459111     9.219908
v  -260.523926    10.691677    42.913875
v  -251.801400   -37.904745    70.415773
v  -241.300376   -69.674536    75.179260
v  -246.795829   -52.210202    70.415773
v  -230.619040   -85.260040    63.602783
v  -122.273901  -175.725232   -20.530373
v  -120.596808  -176.778904   -20.530373
v  -109.223496  -182.454670   -25.076056
v   -66.471727  -196.622661   -34.774417
v   -20.580005  -212.680907   -34.774417
v     2.045576  -219.095065   -39.765706
v    14.068016  -223.531489   -30.996405
v    63.525301  -232.826733   -18.724026
v    66.367468  -233.087384   -18.920764
v    66.968037  -233.207355   -18.301629
v    67.426854  -233.925395   -11.470786
v    71.154521  -233.925395    -7.743119
v    71.098463  -232.742111   -18.301629
v    71.584417  -233.468720   -11.365812
v    91.515295  -229.552171    12.280236
v    75.666998  -230.338408   -24.529046
v    99.602618  -221.962941   -24.529046
v   118.436620  -210.443593   -40.896860
v   121.521228  -208.675808   -42.239749
v   127.849336  -203.740577   -48.578568
v   204.244013  -155.738653   -48.578568
v   204.508234  -156.026440   -45.577510
v   209.841583  -152.695820   -34.693365
v   205.017040  -154.587146   -50.636997
v   208.687577  -150.916251   -50.636997
v   210.127585  -152.237717   -35.628139
v   210.553910  -151.869235   -34.342379
v   208.968938  -150.185714   -51.811355
v   210.692448  -151.523604   -34.860468
v   213.186486  -148.866035   -22.764474
v   209.014284  -147.668825   -58.273001
v   209.393478  -145.364741   -61.576128
v   217.292632  -122.790219   -61.576128
v   218.984008  -119.364979   -57.764553
v   224.577650  -104.207228   -46.707950
v   225.919111  -100.712005   -43.583708
v   236.541533    -6.434881   -43.583708
v   239.302292     4.794537   -30.312643
v   239.959632     8.081953   -26.923822
v   241.061865    11.565394   -19.216407
v   234.926568    -6.434881   -48.908488
v   236.895733     6.864035   -37.477333
v   238.619957     8.122658   -31.324897
v   231.788044    -7.339305   -58.918202
v   235.707450     6.321309   -41.347465
v   238.493916    10.810220   -28.620910
v   233.113079    12.584789   -41.347465
v   233.618314    12.933633   -39.567897
v   230.484074    13.806636   -45.242234
v   221.097066    21.211982   -53.771950
v   151.598930   111.783933   -53.771950
v   109.043899   142.673938   -84.267765
v    71.058473   180.659721   -84.267765
v    50.726978   191.191808   -95.938504
v    17.510395   216.679552   -95.938504
v    16.988379   217.802851   -94.274979
v    17.048721   217.889972   -93.967554
v    13.960185   224.980395   -78.048560
v    14.037309   219.025054   -94.274979
v     8.570064   223.762833   -87.499481
v     7.063644   225.303531   -84.988304
v     0.350630   229.543573   -78.709471
v    -8.215863   230.671157   -78.709471
v   -13.182872   233.360861   -72.454203
v   -79.429297   243.766908   -36.668957
v   -81.410602   243.506257   -36.668957
v   -84.183143   243.239179   -36.367602
v   -88.602428   244.507085   -30.683624
v   -88.626708   244.560287   -30.510452
v   -93.726542   244.321059   -25.378840
v   -94.388524   244.714178   -23.303986
v   -92.685723   242.815710   -30.683624
v  -103.952989   242.585409   -11.307968
v  -111.115894   223.118704   -43.474449
v   -96.699392   234.180662   -43.474449
v  -121.727248   208.500108   -53.950478
v  -121.758669   208.477256   -53.927984
v  -204.863146   100.173536   -53.927984
v  -218.502337    89.413647   -41.533848
v  -233.096296    69.777340   -34.561612
v  -246.337011    55.705041   -20.964554
v  -252.449814    44.089645   -17.399705
v  -254.692127    45.113682   -10.094691
v  -250.384244    45.934197   -20.964554
v  -251.949221    44.404568   -18.413744
v  -255.447301    44.866599    -7.873802
v  -255.303050    43.891479    -8.711813
v  -252.556931    43.891479   -17.150479
v  -255.670104    43.785790    -7.540668
v  -256.437775    38.600977    -3.083893
v  -251.990282    39.587523   -17.150479
v  -252.630484    37.355208   -14.279390
v  -250.652750    30.044839   -12.352715
v  -204.553936   -81.247442   -12.352715
v  -205.745075   -93.785471     5.136613
v  -207.793864   -95.201913    12.356289
v  -162.939748  -149.570150     5.136613
v  -130.201977  -167.401894   -25.687336
v  -118.162041  -176.640367   -25.687336
v  -110.081502  -180.485148   -29.498554
v   -84.597686  -178.064664   -65.045643
v   -36.388312  -198.033390   -65.045643
v    -1.782067  -207.396118   -74.166287
v    65.118843  -215.972608   -74.876829
v     8.095180  -204.562163   -86.870348
v    65.118843  -212.069627   -86.870348
v    66.367468  -220.305486   -61.057325
v    75.930148  -221.721214   -52.837891
v    79.015114  -212.292073   -80.564378
v    67.595028  -210.728524   -89.989234
v    77.693649  -209.399203   -89.989234
v    79.712088  -207.334704   -93.354488
v   115.268103  -192.606850   -93.354488
v   135.273606  -186.695070   -86.848567
v   145.858180  -178.828764   -90.606941
v   166.408551  -166.261814   -89.538272
v   179.763524  -159.907641   -83.239800
v   204.832441  -154.327567   -51.797786
v   196.204892  -147.291774   -83.239800
v   203.323522  -143.604454   -79.153292
v   204.671766  -143.414857   -77.207692
v   207.525359  -146.268451   -65.595867
v   207.641046  -146.694419   -64.410083
v   205.193425  -142.734665   -77.207692
v   207.477871  -144.313925   -69.157860
v   207.828857  -144.904853   -67.306523
v   204.843510  -139.050202   -82.347516
v   206.824101  -132.347900   -84.527345
v   208.194126  -129.040131   -84.527345
v   209.165676  -125.449217   -85.473544
v   208.294816  -122.414239   -89.376882
v   207.726739  -116.602792   -93.474102
v   207.712457   -77.785425  -109.221710
v   208.479414   -69.821286  -110.086857
v   210.933104   -51.183666  -110.086857
v   213.350018   -43.682986  -105.693994
v   215.109948   -40.267029  -101.667828
v   216.249671   -37.549474   -98.920638
v   225.143227   -17.023740   -77.226259
v   229.380056   -10.451407   -65.700127
v   218.001032   -30.675428   -93.950415
v   224.397694   -17.520048   -78.743034
v   212.825502   -40.371289  -105.693994
v   202.691532    25.081043   -78.743034
v   194.381406    30.922483   -84.935103
v   111.302279   123.510373  -104.401451
v    90.056006   133.561149  -117.735358
v    29.980583   193.636572  -117.735358
v    25.211741   195.760699  -120.217970
v    24.608316   196.302353  -120.091215
v    20.668200   201.907422  -115.914729
v    18.766876   206.900853  -110.197187
v    16.965527   215.470559   -98.570723
v    14.539330   215.065301  -101.064760
v    14.678939   215.366299  -100.499183
v    11.257626   215.585174  -101.064760
v     3.480942   222.466362   -91.179302
v    -8.215863   230.342665   -79.324679
v   -24.520835   229.010131   -77.801477
v   -81.728739   219.949116   -77.801477
v   -86.472588   230.184132   -58.577213
v   -95.075500   230.575823   -51.321831
v   -87.352374   209.088894   -89.949243
v   -97.580964   203.877301   -89.949243
v  -100.033226   206.988689   -83.322994
v  -118.087774   204.860991   -64.354382
v   -99.116306   173.269728  -124.573342
v  -119.860915   152.525119  -124.573342
v  -124.514786   150.323867  -121.652622
v  -135.439992   138.147893  -119.092886
v  -182.892763   104.791701   -83.735394
v  -199.205948    72.775184   -83.735394
v  -221.693348    56.637671   -62.060653
v  -232.249358    51.171498   -50.252804
v  -235.969884    47.128907   -46.499786
v  -244.969486    45.550719   -31.189216
v  -244.677414    44.404568   -32.017943
v  -236.415490    44.315661   -46.499786
v  -244.293936    44.315661   -32.713846
v  -245.379387    40.055981   -29.633879
v  -230.307687    37.413051   -55.274086
v  -211.466901    25.233506   -80.582231
v  -209.479883    23.798854   -83.137325
v  -192.841421     5.719312   -99.921823
v  -196.636571   -77.680808   -29.587104
v  -189.786805     4.137196  -103.338852
v  -135.956652   -34.493073  -155.223762
v  -111.988539   -81.533087  -155.223762
v  -125.951937   -92.538631  -125.485978
v  -118.508029  -155.708303   -59.118510
v   -85.784898  -159.564510   -93.498739
v  -106.622699   -81.802308  -161.293717
v   -61.170156  -127.254850  -161.293717
v   -61.119097  -128.269604  -160.145782
v   -82.755633  -173.975299   -73.947055
v    -0.302783  -162.547001  -155.146995
v     3.236002  -169.380700  -147.502778
v     2.913223  -170.076959  -146.195238
v    -4.024737  -157.360759  -160.145782
v     8.344405  -201.048373   -93.505523
v    38.234652  -174.923997  -147.502778
v    40.066707  -175.792358  -146.491238
v    52.706140  -185.912403  -132.286113
v    56.068896  -188.887752  -128.011436
v    66.512076  -195.920331  -117.426862
v    67.595028  -200.603838  -108.931423
v    79.449294  -203.624176  -100.360646
v    73.179030  -194.864516  -117.426862
v    73.965982  -195.035903  -116.908416
v    80.356931  -198.447218  -109.167794
v   105.502258  -192.162672  -101.590347
v   115.976145  -186.825752  -101.590347
v   180.668305  -153.466347   -92.536473
v   193.925802  -147.560637   -85.633862
v   200.397803  -141.088636   -85.633862
v   203.810190  -139.474385   -83.492239
v   204.039420  -139.219090   -83.438680
v   206.686634  -129.327204   -87.074584
v   206.899083  -127.998955   -87.694076
v   205.339818   -68.525529  -115.940080
v   205.595471   -65.534469  -116.321416
v   206.282090   -61.198736  -116.321416
v   206.568806   -57.692087  -116.648836
v   206.594157   -57.627102  -116.617415
v   206.574519   -57.365380  -116.590636
v   212.073185   -40.480192  -106.631981
v   203.037163   -39.582195  -116.590636
v   189.098045   -28.508811  -126.222585
v   184.362766   -27.488344  -129.942039
v   171.666561   -21.799367  -138.104701
v    66.845210   135.076496  -138.104701
v    54.183639   140.679422  -144.732379
v    34.035314   160.827390  -144.732379
v    26.360033   178.173538  -135.652796
v    15.228449   185.611376  -135.652796
v    20.719616   195.956366  -122.793060
v    20.348278   199.694030  -118.673702
v    14.983865   185.436062  -135.904164
v     8.974966   186.631486  -135.904164
v    11.257626   196.733677  -124.035258
v    -0.183883   178.430262  -144.130025
v   -87.007458   206.702687   -92.923522
v   -14.275107   160.477475  -161.163749
v   -76.041905   148.191527  -161.163749
v   -84.545198   154.279693  -152.416586
v   -91.006131   166.452454  -137.285257
v   -94.985522   166.805939  -134.520571
v   -87.226334   152.487985  -152.416586
v   -95.748551   155.119846  -144.776297
v   -98.453252   153.922994  -143.360569
v  -134.285986   125.165329  -128.112126
v  -110.567456   135.793107  -143.360569
v  -156.850511   100.630568  -116.429247
v  -190.871898    73.603198   -92.920665
v  -201.152618    21.917168   -92.920665
v  -188.572099     7.867720  -105.539032
v  -134.407742   -34.646964  -156.930847
v   -97.979439   -61.979618  -183.053080
v   -99.326969   -77.139868  -172.521350
v  -129.731020   -36.755381  -161.113047
v   -69.682019   -74.279133  -201.478252
v   -66.331047   -79.294345  -201.478252
v   -96.346264   -62.331318  -184.335983
v   -54.405726   -84.571279  -207.720666
v   -52.504045  -113.694569  -182.161868
v   -22.450980  -111.023074  -203.040373
v   -51.831708   -83.776114  -210.027963
v   -48.057981   -84.690178  -211.503320
v   -28.043908   -98.063005  -211.503320
v   -22.649146  -110.102226  -203.763412
v    -6.652670  -130.909320  -189.299065
v     8.324053  -144.544940  -177.316972
v    17.821748  -156.645218  -165.836187
v    -3.977962  -131.441334  -189.299065
v    65.878301  -190.201719  -124.517284
v    44.516699  -174.907216  -146.491238
v   111.745029  -186.449415  -104.529634
v   154.596774  -157.817077  -104.529634
v   180.798630  -151.473259   -94.285691
v   189.359767  -142.911765   -94.285691
v   192.282630  -141.618508   -92.755705
v   206.251383  -120.712866   -92.755705
v   207.238643  -116.369634   -94.178931
v   202.661897   -70.378294  -118.536235
v   204.372553   -61.778595  -118.536235
v   204.505735   -59.996170  -118.717977
v   191.256093   -59.996170  -129.591767
v   174.172024   -55.710067  -142.912463
v   154.650332   -55.710067  -157.175431
v   133.237671   -49.248421  -171.554799
v    93.950775   -26.521436  -195.808914
v    91.791656   -18.464462  -195.808914
v    51.488222     5.335477  -213.943085
v    45.093702    33.589693  -204.664979
v    -9.332377    88.015772  -204.664979
v   -12.038149    98.980254  -200.404584
v   -10.592429   127.875386  -184.753025
v    10.154680   158.800382  -158.096993
v     9.946873   163.774889  -154.503579
v   -20.426471   130.510461  -184.753025
v   -14.275107   155.028440  -165.635521
v   -24.424430   126.229000  -187.614116
v   -75.198181   144.563122  -164.279064
v   -27.263027   121.321976  -190.643381
v   -46.207358   116.245708  -190.643381
v   -66.315336   131.263135  -175.734856
v   -75.200323   144.507064  -164.319412
v   -79.620322   144.882330  -161.846083
v   -67.892096   129.686732  -175.734856
v   -78.960839   137.112430  -166.194314
v   -98.257943   -39.009120  -186.574369
v  -107.241477   -36.755381  -179.569640
v   -56.973317   115.066708  -186.574369
v   -90.530175   -46.224869  -191.738473
v   -68.941485   -58.713624  -205.066310
v   -64.715010   -74.486583  -205.066310
v   -51.696026   -82.174717  -210.924175
v   -36.876051   -81.433111  -218.951870
v   -34.748710   -83.560452  -218.951870
v   -30.713618   -84.473445  -220.276905
v   -28.451310   -88.305015  -218.553038
v   -25.483458   -89.100180  -218.553038
v   -14.943873  -107.320044  -207.304696
v    -8.224075  -114.516155  -202.495863
v    40.126693  -156.028939  -162.700876
v    40.456613  -148.128714  -168.408063
v     3.512363  -111.371561  -202.495863
v    28.132460  -129.758171  -184.242435
v   109.814426   -48.076206  -184.242435
v   183.606878   -75.136425  -132.216487
v   196.528385   -74.596913  -122.881252
v   199.849008   -75.368869  -120.030159
v    59.236699   -26.521436  -214.364054
v    32.503900   -18.090267  -227.445523
v    39.085874     0.480227  -221.267379
v    10.309285   -18.090267  -237.051049
v     8.006273   -12.529831  -237.051049
v     7.695991    -8.270150  -236.421916
v     7.554239    -2.572604  -235.461792
v     8.363686    -0.568447  -234.751964
v     4.323238     9.401990  -232.235075
v    -9.369868    57.281444  -217.725381
v   -10.245727    61.261192  -216.408201
v   -23.799938    93.187374  -205.020607
v   -23.799938    94.811623  -204.317206
v   -27.263027   105.792173  -198.944224
v   -45.287581   113.896635  -192.030902
v   -41.563485   110.860586  -194.186807
v   -23.863494    93.160952  -205.020607
v   -54.814913   114.221556  -187.849059
v     6.490212    -0.350643  -234.921566
v     6.323824    -3.352772  -235.387881
v    -4.166845   -28.679484  -235.387881
v    -6.404516   -42.086230  -236.111634
v   -10.765958   -48.533595  -234.704119
v   -20.008001   -56.479524  -230.901827
v   -27.091997   -58.713624  -227.435525
v    -5.006284   -39.723946  -236.520821
v   -34.865110   -80.645803  -220.139439
v   -24.650446   -75.672724  -225.451721
v   -29.438570   -80.460847  -222.521361
v   -18.370541   -60.432850  -230.901827
v   -19.641662   -63.580301  -229.787455
v   -29.466777   -81.288504  -222.157877
v   -25.483458   -79.876703  -223.482913
v   -24.650446   -77.235916  -224.775456
v    -7.466045   -83.326581  -219.058629
v   -18.257712   -60.320377  -230.950387
v   -10.783454   -48.576084  -234.693050
v    -8.681821   -47.705581  -234.693050
v     4.551397   -27.079158  -237.831217
v     5.485099   -26.700678  -237.595560
v    59.959380   -28.560227  -213.685647
v     8.783584   -18.737967  -237.595560
v     8.006273   -18.737967  -237.831217
f      1      2      3
f      1      3      4
f      1      4      5
f      1      5      6
f      1      6      7
f      8      4      3
f      9     10      5
f      9      5      4
f      9      4      8
f     11      7      6
f     11      6     12
f     11     12     13
f     14     15     16
f     14     16     17
f     14     17     11
f     14     11     13
f     14     13     18
f     14     18     19
f     17     20      1
f     17      1      7
f     17      7     11
f     16     21     22
f     16     22     23
f     16     23     24
f     16     24     20
f     16     20     17
f     25     22     21
f     25     21     26
f     24      2      1
f     24      1     20
f     23     27     28
f     23     28      9
f     23      9      8
f     23      8      3
f     23      3      2
f     23      2     24
f     29     30     31
f     29     31     32
f     29     32     28
f     29     28     27
f     28     32     10
f     28     10      9
f      6      5     10
f      6     10     32
f      6     32     31
f      6     31     33
f      6     33     34
f      6     34     12
f     35     36     37
f     35     37     38
f     35     38     39
f     35     39     40
f     13     12     34
f     13     34     36
f     13     36     35
f     13     35     18
f     19     18     35
f     19     35     40
f     19     40     41
f     19     41     42
f     43     44     45
f     43     45     46
f     43     46     47
f     43     47     48
f     43     48     49
f     43     49     50
f     43     50     51
f     43     51     52
f     47     53     14
f     47     14     19
f     47     19     42
f     47     42     54
f     47     54     48
f     55     56     15
f     55     15     14
f     55     14     53
f     57     26     21
f     57     21     16
f     57     16     15
f     57     15     56
f     58     59     60
f     58     60     25
f     58     25     26
f     58     26     57
f     58     57     61
f     62     63     64
f     62     64     59
f     62     59     58
f     64     65     60
f     64     60     59
f     66     67     68
f     66     68     69
f     66     69     70
f     66     70     65
f     66     65     64
f     66     64     63
f     60     65     70
f     60     70     71
f     60     71     29
f     60     29     27
f     60     27     23
f     60     23     22
f     60     22     25
f     69     72     73
f     69     73     74
f     69     74     71
f     69     71     70
f     74     73     75
f     74     75     76
f     74     76     77
f     74     77     78
f     79     30     29
f     79     29     71
f     79     71     74
f     79     74     78
f     79     78     80
f     80     78     77
f     80     77     81
f     80     81     82
f     33     31     30
f     33     30     79
f     33     79     83
f     37     36     34
f     37     34     33
f     37     33     83
f     37     83     84
f     85     39     38
f     85     38     86
f     85     86     87
f     41     40     39
f     41     39     85
f     41     85     88
f     89     90     91
f     89     91     92
f     54     42     41
f     54     41     88
f     54     88     89
f     54     89     92
f     54     92     93
f     54     93     94
f     49     48     54
f     49     54     94
f     49     94     95
f     96     97     98
f     96     98     43
f     43     98     99
f     43     99    100
f     43    100     44
f     45    101    102
f     45    102     46
f     46    102    103
f     46    103     55
f     46     55     53
f     46     53     47
f    104     61     57
f    104     57     56
f    104     56     55
f    104     55    103
f    104    103    105
f    106    107     62
f    106     62     58
f    106     58     61
f    106     61    104
f    108    109    110
f    108    110    111
f    108    111    112
f    108    112     66
f    108     66     63
f    108     63     62
f    108     62    107
f    110    113    114
f    110    114    115
f    110    115    116
f    110    116    111
f    111    116    112
f    114    117    118
f    114    118    119
f    114    119    115
f    112    116    115
f    112    115    119
f    112    119    120
f    112    120     67
f    112     67     66
f    120    121    122
f    120    122    123
f    120    123     68
f    120     68     67
f     68    123    124
f     68    124    125
f     68    125    126
f     68    126    127
f     68    127    128
f     68    128     72
f     68     72     69
f    127    129    130
f    127    130    131
f    127    131    132
f    127    132    133
f    127    133    134
f    127    134    135
f    127    135    136
f    127    136    137
f    127    137    138
f    127    138    139
f    127    139    128
f    139    138    140
f    139    140    141
f    139    141    142
f    139    142    143
f    139    143    144
f    139    144    145
f     75     73     72
f     75     72    128
f     75    128    139
f     75    139    145
f     75    145    146
f     75    146    147
f    148    149     76
f    148     76     75
f    148     75    147
f    148    147    150
f     77     76    149
f     77    149    151
f     77    151     81
f     82     81    151
f     82    151    152
f     82    152    153
f     84     83     79
f     84     79     80
f     84     80     82
f     84     82    153
f     84    153    154
f     84    154    155
f     86     38     37
f     86     37     84
f     86     84    155
f     86    155    156
f     86    156    157
f    158     87     86
f    158     86    157
f    158    157    159
f    160     90     89
f    160     89     88
f    160     88     85
f    160     85     87
f    160     87    158
f    160    158    161
f    160    161    162
f    160    162    163
f    164    163    162
f    164    162    165
f    166     91     90
f    166     90    160
f     93     92     91
f     93     91    166
f     93    166    167
f    168     50     49
f    168     49     95
f    168     95    169
f    168    169    170
f    171     51     50
f    171     50    168
f    172    173    174
f    172    174    175
f    174    173    176
f    174    176     97
f    174     97     96
f     99     98     97
f     99     97    176
f     99    176    177
f    178    101     45
f    178     45     44
f    178     44    100
f    179    105    103
f    179    103    102
f    179    102    101
f    179    101    178
f    179    178    180
f    181    182    106
f    181    106    104
f    181    104    105
f    181    105    179
f    183    184    108
f    183    108    107
f    183    107    106
f    183    106    182
f    183    182    185
f    186    187    109
f    186    109    108
f    186    108    184
f    188    189    190
f    188    190    113
f    188    113    110
f    188    110    109
f    188    109    187
f    191    192    193
f    191    193    194
f    191    194    190
f    191    190    189
f    190    194    195
f    190    195    117
f    190    117    114
f    190    114    113
f    193    196    197
f    193    197    195
f    193    195    194
f    195    197    198
f    195    198    199
f    195    199    118
f    195    118    117
f    119    118    199
f    119    199    200
f    119    200    121
f    119    121    120
f    122    201    202
f    122    202    203
f    122    203    124
f    122    124    123
f    124    203    204
f    124    204    125
f    131    205    206
f    131    206    132
f    132    206    207
f    132    207    208
f    132    208    133
f    137    209    210
f    137    210    140
f    137    140    138
f    140    210    211
f    140    211    212
f    140    212    141
f    144    143    213
f    144    213    214
f    144    214    215
f    144    215    216
f    146    145    144
f    146    144    216
f    146    216    217
f    150    147    146
f    150    146    217
f    150    217    218
f    150    218    219
f    152    151    149
f    152    149    148
f    152    148    220
f    154    153    152
f    154    152    220
f    154    220    221
f    154    221    222
f    156    155    154
f    156    154    222
f    156    222    223
f    159    157    156
f    159    156    223
f    159    223    224
f    159    224    225
f    159    225    226
f    226    225    227
f    226    227    228
f    226    228    229
f    226    229    230
f    226    230    231
f    226    231    232
f    233    161    158
f    233    158    159
f    233    159    226
f    233    226    232
f    233    232    234
f    233    234    235
f    236    234    232
f    236    232    231
f    236    231    237
f    165    162    161
f    165    161    233
f    235    234    236
f    238    167    166
f    238    166    160
f    238    160    163
f    238    163    164
f     95     94     93
f     95     93    167
f     95    167    238
f     95    238    169
f    239     52     51
f    239     51    171
f    240    175    174
f    240    174     96
f    240     96     43
f    240     43     52
f    240     52    239
f    241    242    243
f    241    243    244
f    241    244    245
f    243    246    247
f    243    247    244
f    248    246    243
f    248    243    242
f    249    177    176
f    249    176    173
f    249    173    172
f    250    180    178
f    250    178    100
f    250    100     99
f    250     99    177
f    250    177    249
f    250    249    247
f    250    247    246
f    250    246    248
f    251    252    181
f    251    181    179
f    251    179    180
f    251    180    250
f    253    185    182
f    253    182    181
f    253    181    252
f    253    252    254
f    255    256    257
f    255    257    183
f    255    183    185
f    255    185    253
f    257    258    259
f    257    259    260
f    257    260    186
f    257    186    184
f    257    184    183
f    260    261    188
f    260    188    187
f    260    187    186
f    262    263    264
f    262    264    265
f    262    265    266
f    262    266    191
f    262    191    189
f    262    189    188
f    262    188    261
f    265    267    268
f    265    268    269
f    265    269    266
f    266    269    270
f    266    270    192
f    266    192    191
f    268    271    272
f    268    272    270
f    268    270    269
f    270    272    196
f    270    196    193
f    270    193    192
f    273    274    198
f    273    198    197
f    273    197    196
f    273    196    272
f    273    272    271
f    199    198    274
f    199    274    275
f    199    275    200
f    200    275    276
f    200    276    201
f    200    201    122
f    200    122    121
f    125    204    277
f    125    277    126
f    126    277    278
f    126    278    129
f    126    129    127
f    279    280    207
f    279    207    206
f    279    206    205
f    207    280    281
f    207    281    282
f    207    282    208
f    136    283    209
f    136    209    137
f    284    211    210
f    284    210    209
f    284    209    283
f    142    285    286
f    142    286    213
f    142    213    143
f    213    286    287
f    213    287    214
f    215    214    287
f    215    287    288
f    215    288    289
f    215    289    290
f    215    290    291
f    217    216    215
f    217    215    291
f    217    291    292
f    217    292    218
f    219    218    292
f    219    292    293
f    219    293    294
f    219    294    295
f    221    220    148
f    221    148    150
f    221    150    219
f    221    219    295
f    221    295    296
f    221    296    297
f    223    222    221
f    223    221    297
f    223    297    298
f    223    298    299
f    223    299    224
f    224    299    300
f    224    300    301
f    224    301    302
f    224    302    227
f    224    227    225
f    301    303    304
f    301    304    305
f    301    305    306
f    301    306    307
f    301    307    308
f    301    308    309
f    301    309    302
f    309    308    310
f    309    310    311
f    309    311    312
f    227    302    309
f    227    309    312
f    227    312    313
f    227    313    314
f    227    314    228
f    229    228    314
f    229    314    315
f    229    315    316
f    229    316    317
f    318    230    229
f    318    229    317
f    318    317    319
f    318    319    320
f    320    319    321
f    320    321    322
f    237    231    230
f    237    230    318
f    237    318    323
f    324    323    318
f    324    318    320
f    324    320    322
f    324    322    325
f    170    169    238
f    170    238    164
f    170    164    165
f    170    165    233
f    170    233    235
f    170    235    236
f    170    236    237
f    170    237    323
f    170    323    324
f    326    327    240
f    326    240    239
f    326    239    171
f    326    171    168
f    326    168    170
f    326    170    324
f    326    324    325
f    326    325    328
f    326    328    329
f    245    244    247
f    245    247    249
f    245    249    172
f    245    172    175
f    245    175    240
f    245    240    327
f    330    331    332
f    330    332    241
f    330    241    245
f    330    245    327
f    330    327    326
f    333    334    335
f    333    335    336
f    333    336    337
f    338    339    340
f    338    340    336
f    338    336    335
f    341    334    333
f    342    332    331
f    342    331    339
f    342    339    338
f    343    344    345
f    343    345    346
f    343    346    347
f    343    347    342
f    343    342    338
f    343    338    335
f    343    335    334
f    343    334    341
f    343    341    348
f    347    349    251
f    347    251    250
f    347    250    248
f    347    248    242
f    347    242    241
f    347    241    332
f    347    332    342
f    350    254    252
f    350    252    251
f    350    251    349
f    350    349    351
f    352    353    255
f    352    255    253
f    352    253    254
f    352    254    350
f    354    355    256
f    354    256    255
f    354    255    353
f    356    258    257
f    356    257    256
f    356    256    355
f    356    355    357
f    358    359    259
f    358    259    258
f    358    258    356
f    360    361    262
f    360    262    261
f    360    261    260
f    360    260    259
f    360    259    359
f    360    359    362
f    363    364    365
f    363    365    366
f    363    366    367
f    363    367    368
f    363    368    369
f    363    369    370
f    363    370    371
f    363    371    372
f    363    372    263
f    363    263    262
f    363    262    361
f    371    373    374
f    371    374    375
f    371    375    372
f    372    375    376
f    372    376    377
f    372    377    264
f    372    264    263
f    374    378    376
f    374    376    375
f    264    377    379
f    264    379    267
f    264    267    265
f    376    378    380
f    376    380    381
f    376    381    379
f    376    379    377
f    379    381    273
f    379    273    271
f    379    271    268
f    379    268    267
f    382    383    276
f    382    276    275
f    382    275    274
f    382    274    273
f    382    273    381
f    382    381    380
f    276    383    384
f    276    384    202
f    276    202    201
f    202    384    385
f    202    385    386
f    202    386    278
f    202    278    277
f    202    277    204
f    202    204    203
f    278    386    387
f    278    387    388
f    278    388    130
f    278    130    129
f    130    388    389
f    130    389    390
f    130    390    391
f    130    391    279
f    130    279    205
f    130    205    131
f    391    392    281
f    391    281    280
f    391    280    279
f    282    281    392
f    282    392    393
f    282    393    394
f    282    394    395
f    134    396    397
f    134    397    135
f    135    397    398
f    135    398    284
f    135    284    283
f    135    283    136
f    141    212    399
f    141    399    400
f    141    400    285
f    141    285    142
f    287    286    285
f    287    285    400
f    287    400    401
f    287    401    288
f    290    289    402
f    290    402    403
f    292    291    290
f    292    290    403
f    292    403    404
f    292    404    405
f    292    405    293
f    293    405    406
f    293    406    407
f    293    407    408
f    293    408    409
f    293    409    294
f    295    294    409
f    295    409    410
f    295    410    411
f    295    411    296
f    297    296    411
f    297    411    412
f    297    412    413
f    297    413    414
f    297    414    298
f    298    414    415
f    298    415    416
f    298    416    417
f    298    417    418
f    298    418    300
f    298    300    299
f    300    418    419
f    300    419    420
f    300    420    303
f    300    303    301
f    420    421    422
f    420    422    304
f    420    304    303
f    304    422    423
f    304    423    424
f    304    424    425
f    304    425    305
f    426    307    306
f    426    306    427
f    426    427    428
f    310    308    307
f    310    307    426
f    310    426    429
f    312    311    430
f    312    430    431
f    312    431    313
f    314    313    431
f    314    431    432
f    314    432    433
f    314    433    315
f    316    315    433
f    316    433    434
f    316    434    435
f    321    319    317
f    321    317    316
f    321    316    435
f    321    435    436
f    436    435    434
f    436    434    437
f    436    437    438
f    436    438    439
f    436    439    440
f    325    322    321
f    325    321    436
f    325    436    440
f    325    440    441
f    325    441    328
f    441    440    439
f    441    439    442
f    441    442    443
f    441    443    444
f    441    444    445
f    329    328    441
f    329    441    445
f    329    445    446
f    447    448    449
f    447    449    330
f    447    330    326
f    447    326    329
f    447    329    446
f    447    446    450
f    447    450    451
f    447    451    452
f    449    340    339
f    449    339    331
f    449    331    330
f    337    336    340
f    337    340    449
f    337    449    448
f    453    454    455
f    453    455    456
f    453    456    457
f    455    344    343
f    455    343    456
f    458    459    460
f    458    460    454
f    458    454    453
f    460    345    344
f    460    344    455
f    460    455    454
f    461    462    463
f    461    463    464
f    461    464    459
f    461    459    458
f    464    465    466
f    464    466    346
f    464    346    345
f    464    345    460
f    464    460    459
f    467    351    349
f    467    349    347
f    467    347    346
f    467    346    466
f    467    466    468
f    469    470    352
f    469    352    350
f    469    350    351
f    469    351    467
f    471    472    354
f    471    354    353
f    471    353    352
f    471    352    470
f    473    357    355
f    473    355    354
f    473    354    472
f    474    475    358
f    474    358    356
f    474    356    357
f    474    357    473
f    474    473    476
f    477    362    359
f    477    359    358
f    477    358    475
f    478    479    480
f    478    480    360
f    478    360    362
f    478    362    477
f    480    481    482
f    480    482    483
f    480    483    363
f    480    363    361
f    480    361    360
f    484    485    486
f    484    486    487
f    484    487    488
f    484    488    489
f    484    489    364
f    484    364    363
f    484    363    483
f    484    483    490
f    489    491    492
f    489    492    493
f    489    493    365
f    489    365    364
f    365    493    494
f    365    494    366
f    366    494    495
f    366    495    367
f    368    496    369
f    369    496    497
f    369    497    498
f    369    498    370
f    370    498    499
f    370    499    373
f    370    373    371
f    500    501    499
f    500    499    498
f    500    498    497
f    499    501    502
f    499    502    503
f    499    503    382
f    499    382    380
f    499    380    378
f    499    378    374
f    499    374    373
f    503    504    385
f    503    385    384
f    503    384    383
f    503    383    382
f    505    506    387
f    505    387    386
f    505    386    385
f    505    385    504
f    387    506    507
f    387    507    508
f    387    508    389
f    387    389    388
f    389    508    509
f    389    509    510
f    389    510    390
f    511    512    510
f    511    510    509
f    511    509    513
f    511    513    514
f    511    514    515
f    511    515    516
f    511    516    517
f    390    510    512
f    390    512    393
f    390    393    392
f    390    392    391
f    394    393    512
f    394    512    511
f    394    511    518
f    519    395    394
f    519    394    518
f    519    518    520
f    133    208    282
f    133    282    395
f    133    395    519
f    133    519    521
f    133    521    396
f    133    396    134
f    522    399    212
f    522    212    211
f    522    211    284
f    522    284    398
f    522    398    523
f    401    400    399
f    401    399    522
f    403    402    524
f    403    524    525
f    403    525    404
f    404    525    406
f    404    406    405
f    413    526    415
f    413    415    414
f    416    527    528
f    416    528    529
f    416    529    530
f    416    530    531
f    416    531    417
f    417    531    532
f    417    532    533
f    417    533    534
f    417    534    535
f    417    535    419
f    417    419    418
f    419    535    536
f    419    536    537
f    419    537    538
f    419    538    421
f    419    421    420
f    538    539    540
f    538    540    423
f    538    423    422
f    538    422    421
f    424    423    540
f    424    540    541
f    424    541    542
f    543    425    424
f    543    424    542
f    543    542    544
f    427    306    305
f    427    305    425
f    427    425    543
f    545    429    426
f    545    426    428
f    545    428    546
f    547    430    311
f    547    311    310
f    547    310    429
f    547    429    545
f    432    431    430
f    432    430    547
f    432    547    548
f    434    433    432
f    434    432    548
f    434    548    549
f    434    549    550
f    434    550    437
f    551    438    437
f    551    437    550
f    551    550    552
f    439    438    551
f    439    551    553
f    439    553    442
f    554    443    442
f    554    442    553
f    554    553    555
f    444    443    554
f    444    554    556
f    557    556    554
f    557    554    555
f    557    555    558
f    557    558    559
f    557    559    560
f    446    445    444
f    446    444    556
f    446    556    557
f    446    557    561
f    446    561    450
f    451    450    561
f    451    561    562
f    563    348    341
f    563    341    333
f    563    333    337
f    563    337    448
f    563    448    447
f    457    456    343
f    457    343    348
f    457    348    563
f    564    565    462
f    564    462    461
f    566    567    568
f    566    568    565
f    566    565    564
f    568    569    463
f    568    463    462
f    568    462    565
f    570    571    569
f    570    569    568
f    570    568    567
f    463    569    571
f    463    571    465
f    463    465    464
f    572    468    466
f    572    466    465
f    572    465    571
f    572    571    570
f    573    574    469
f    573    469    467
f    573    467    468
f    573    468    572
f    575    576    471
f    575    471    470
f    575    470    469
f    575    469    574
f    577    476    473
f    577    473    472
f    577    472    471
f    577    471    576
f    578    579    580
f    578    580    474
f    578    474    476
f    578    476    577
f    580    581    478
f    580    478    477
f    580    477    475
f    580    475    474
f    582    583    584
f    582    584    479
f    582    479    478
f    582    478    581
f    584    585    586
f    584    586    481
f    584    481    480
f    584    480    479
f    587    482    481
f    587    481    586
f    587    586    588
f    490    483    482
f    490    482    587
f    589    590    591
f    589    591    486
f    589    486    485
f    589    485    592
f    593    590    589
f    488    594    595
f    488    595    491
f    488    491    489
f    487    596    594
f    487    594    488
f    492    597    495
f    492    495    494
f    492    494    493
f    595    598    597
f    595    597    492
f    595    492    491
f    367    495    597
f    367    597    598
f    367    598    599
f    367    599    500
f    367    500    497
f    367    497    496
f    367    496    368
f    599    600    502
f    599    502    501
f    599    501    500
f    601    602    505
f    601    505    504
f    601    504    503
f    601    503    502
f    601    502    600
f    603    604    507
f    603    507    506
f    603    506    505
f    603    505    602
f    605    606    607
f    605    607    608
f    605    608    513
f    605    513    509
f    605    509    508
f    605    508    507
f    605    507    604
f    609    608    607
f    609    607    610
f    609    610    611
f    514    513    608
f    514    608    609
f    514    609    612
f    613    515    514
f    613    514    612
f    613    612    614
f    615    516    515
f    615    515    613
f    520    518    511
f    520    511    517
f    520    517    616
f    616    517    516
f    616    516    615
f    523    398    397
f    523    397    396
f    523    396    521
f    523    521    617
f    618    524    402
f    618    402    289
f    618    289    288
f    618    288    401
f    618    401    522
f    618    522    523
f    618    523    617
f    618    617    619
f    406    525    524
f    406    524    618
f    406    618    407
f    409    408    620
f    409    620    410
f    529    621    622
f    529    622    530
f    530    622    623
f    530    623    532
f    530    532    531
f    533    624    625
f    533    625    534
f    536    535    534
f    536    534    625
f    536    625    626
f    536    626    627
f    628    539    538
f    628    538    537
f    541    540    539
f    541    539    628
f    541    628    629
f    541    629    630
f    541    630    631
f    544    542    541
f    544    541    631
f    544    631    632
f    632    631    630
f    632    630    633
f    632    633    634
f    546    428    427
f    546    427    543
f    546    543    544
f    546    544    632
f    546    632    634
f    546    634    635
f    635    634    633
f    635    633    636
f    635    636    637
f    549    548    547
f    549    547    545
f    549    545    546
f    549    546    635
f    549    635    637
f    549    637    638
f    549    638    639
f    552    550    549
f    552    549    639
f    552    639    640
f    552    640    641
f    552    641    642
f    555    553    551
f    555    551    552
f    555    552    642
f    555    642    643
f    555    643    558
f    642    641    644
f    642    644    645
f    642    645    646
f    642    646    643
f    558    643    646
f    558    646    647
f    558    647    559
f    647    646    645
f    647    645    648
f    647    648    649
f    560    559    647
f    560    647    649
f    560    649    650
f    650    649    648
f    650    648    651
f    650    651    652
f    650    652    653
f    650    653    654
f    562    561    557
f    562    557    560
f    562    560    650
f    562    650    654
f    562    654    655
f    562    655    656
f    452    451    562
f    452    562    656
f    452    656    657
f    452    657    658
f    658    659    660
f    658    660    566
f    658    566    564
f    658    564    461
f    658    461    458
f    658    458    453
f    658    453    457
f    658    457    563
f    658    563    447
f    658    447    452
f    658    657    661
f    658    661    662
f    658    662    663
f    658    663    659
f    661    664    665
f    661    665    662
f    659    663    666
f    659    666    660
f    662    665    667
f    662    667    668
f    662    668    666
f    662    666    663
f    660    666    668
f    660    668    573
f    660    573    572
f    660    572    570
f    660    570    567
f    660    567    566
f    668    667    669
f    668    669    670
f    668    670    671
f    668    671    575
f    668    575    574
f    668    574    573
f    671    672    673
f    671    673    578
f    671    578    577
f    671    577    576
f    671    576    575
f    673    674    675
f    673    675    676
f    673    676    677
f    673    677    579
f    673    579    578
f    677    678    582
f    677    582    581
f    677    581    580
f    677    580    579
f    676    679    680
f    676    680    681
f    676    681    678
f    676    678    677
f    681    682    583
f    681    583    582
f    681    582    678
f    683    684    585
f    683    585    584
f    683    584    583
f    683    583    682
f    588    586    585
f    588    585    684
f    685    592    485
f    685    485    484
f    686    687    688
f    686    688    689
f    686    689    593
f    686    593    589
f    686    589    592
f    686    592    685
f    689    690    691
f    689    691    591
f    689    591    590
f    689    590    593
f    688    692    690
f    688    690    689
f    486    591    691
f    486    691    693
f    486    693    596
f    486    596    487
f    694    693    691
f    694    691    690
f    694    690    692
f    694    692    695
f    696    697    601
f    696    601    600
f    696    600    599
f    696    599    598
f    696    598    595
f    696    595    594
f    696    594    596
f    696    596    693
f    696    693    694
f    698    699    603
f    698    603    602
f    698    602    601
f    698    601    697
f    700    701    605
f    700    605    604
f    700    604    603
f    700    603    699
f    702    703    606
f    702    606    605
f    702    605    701
f    702    701    704
f    702    704    705
f    607    606    703
f    607    703    706
f    607    706    610
f    707    706    703
f    707    703    702
f    707    702    708
f    611    610    706
f    611    706    707
f    611    707    709
f    614    612    609
f    614    609    611
f    614    611    709
f    614    709    710
f    710    709    707
f    710    707    708
f    710    708    711
f    710    711    712
f    619    617    521
f    619    521    519
f    619    519    520
f    619    520    616
f    619    616    615
f    619    615    613
f    619    613    614
f    619    614    710
f    619    710    712
f    619    712    713
f    620    408    407
f    620    407    618
f    620    618    619
f    620    619    713
f    620    713    714
f    620    714    715
f    620    715    716
f    411    410    620
f    411    620    716
f    411    716    412
f    412    716    715
f    412    715    717
f    412    717    526
f    412    526    413
f    415    526    717
f    415    717    527
f    415    527    416
f    528    718    719
f    528    719    621
f    528    621    529
f    719    720    623
f    719    623    622
f    719    622    621
f    532    623    720
f    532    720    721
f    532    721    722
f    532    722    624
f    532    624    533
f    626    625    624
f    626    624    722
f    626    722    723
f    724    627    626
f    724    626    723
f    724    723    725
f    724    725    726
f    727    629    628
f    727    628    537
f    727    537    536
f    727    536    627
f    727    627    724
f    633    630    629
f    633    629    727
f    633    727    728
f    633    728    636
f    729    728    727
f    729    727    724
f    729    724    726
f    729    726    730
f    729    730    731
f    637    636    728
f    637    728    729
f    637    729    638
f    639    638    729
f    639    729    731
f    639    731    732
f    639    732    733
f    639    733    734
f    639    734    640
f    644    641    640
f    644    640    734
f    644    734    735
f    644    735    736
f    644    736    737
f    644    737    738
f    738    737    739
f    738    739    740
f    738    740    741
f    738    741    742
f    738    742    743
f    648    645    644
f    648    644    738
f    648    738    743
f    648    743    651
f    742    741    744
f    742    744    745
f    742    745    746
f    651    743    742
f    651    742    746
f    651    746    652
f    745    744    747
f    745    747    748
f    745    748    749
f    652    746    745
f    652    745    749
f    652    749    750
f    652    750    653
f    654    653    750
f    654    750    751
f    654    751    752
f    654    752    753
f    654    753    754
f    654    754    755
f    654    755    756
f    654    756    757
f    654    757    655
f    656    655    757
f    656    757    758
f    656    758    759
f    656    759    760
f    656    760    664
f    656    664    661
f    656    661    657
f    758    761    762
f    758    762    759
f    757    756    763
f    757    763    761
f    757    761    758
f    760    669    667
f    760    667    665
f    760    665    664
f    759    762    764
f    759    764    670
f    759    670    669
f    759    669    760
f    670    764    765
f    670    765    766
f    670    766    672
f    670    672    671
f    766    767    768
f    766    768    674
f    766    674    673
f    766    673    672
f    768    769    770
f    768    770    771
f    768    771    772
f    768    772    773
f    768    773    675
f    768    675    674
f    772    774    775
f    772    775    773
f    675    773    775
f    675    775    679
f    675    679    676
f    775    774    776
f    775    776    777
f    775    777    680
f    775    680    679
f    680    777    778
f    680    778    683
f    680    683    682
f    680    682    681
f    778    779    686
f    778    686    685
f    778    685    484
f    778    484    490
f    778    490    587
f    778    587    588
f    778    588    684
f    778    684    683
f    780    781    687
f    780    687    686
f    780    686    779
f    782    695    692
f    782    692    688
f    782    688    687
f    782    687    781
f    783    784    785
f    783    785    782
f    783    782    781
f    783    781    780
f    785    786    696
f    785    696    694
f    785    694    695
f    785    695    782
f    787    788    789
f    787    789    786
f    787    786    785
f    787    785    784
f    789    790    791
f    789    791    698
f    789    698    697
f    789    697    696
f    789    696    786
f    792    793    794
f    792    794    700
f    792    700    699
f    792    699    698
f    792    698    791
f    794    795    796
f    794    796    704
f    794    704    701
f    794    701    700
f    797    796    795
f    797    795    798
f    797    798    799
f    705    704    796
f    705    796    797
f    711    708    702
f    711    702    705
f    711    705    797
f    711    797    799
f    711    799    800
f    800    799    798
f    800    798    801
f    713    712    711
f    713    711    800
f    713    800    801
f    713    801    802
f    713    802    803
f    713    803    804
f    713    804    805
f    713    805    714
f    805    804    806
f    805    806    807
f    805    807    808
f    805    808    809
f    715    714    805
f    715    805    809
f    715    809    810
f    715    810    718
f    715    718    528
f    715    528    527
f    715    527    717
f    811    810    809
f    811    809    808
f    811    808    812
f    811    812    813
f    811    813    814
f    721    720    719
f    721    719    718
f    721    718    810
f    721    810    811
f    721    811    815
f    816    817    818
f    816    818    815
f    816    815    811
f    816    811    814
f    816    814    819
f    723    722    721
f    723    721    815
f    723    815    818
f    723    818    820
f    723    820    725
f    820    818    817
f    820    817    821
f    820    821    822
f    820    822    823
f    820    823    824
f    726    725    820
f    726    820    824
f    726    824    825
f    726    825    826
f    726    826    730
f    731    730    826
f    731    826    827
f    731    827    732
f    826    825    828
f    826    828    829
f    826    829    830
f    826    830    827
f    732    827    830
f    732    830    831
f    732    831    733
f    734    733    831
f    734    831    832
f    734    832    735
f    736    833    834
f    736    834    739
f    736    739    737
f    739    834    835
f    739    835    836
f    739    836    740
f    740    836    837
f    740    837    747
f    740    747    744
f    740    744    741
f    748    747    837
f    748    837    838
f    750    749    748
f    750    748    838
f    750    838    839
f    750    839    751
f    753    840    841
f    753    841    842
f    753    842    754
f    754    842    843
f    754    843    844
f    754    844    755
f    755    844    845
f    755    845    846
f    755    846    763
f    755    763    756
f    845    847    846
f    763    846    847
f    763    847    848
f    763    848    765
f    763    765    764
f    763    764    762
f    763    762    761
f    765    848    849
f    765    849    850
f    765    850    851
f    765    851    767
f    765    767    766
f    851    852    853
f    851    853    854
f    851    854    769
f    851    769    768
f    851    768    767
f    854    855    856
f    854    856    770
f    854    770    769
f    770    856    857
f    770    857    771
f    858    859    860
f    858    860    857
f    858    857    856
f    858    856    855
f    771    857    860
f    771    860    776
f    771    776    774
f    771    774    772
f    860    859    861
f    860    861    862
f    860    862    783
f    860    783    780
f    860    780    779
f    860    779    778
f    860    778    777
f    860    777    776
f    863    864    865
f    863    865    866
f    863    866    862
f    863    862    861
f    862    866    867
f    862    867    787
f    862    787    784
f    862    784    783
f    865    868    869
f    865    869    867
f    865    867    866
f    867    869    870
f    867    870    788
f    867    788    787
f    871    790    789
f    871    789    788
f    871    788    870
f    871    870    872
f    873    874    792
f    873    792    791
f    873    791    790
f    873    790    871
f    875    803    802
f    875    802    793
f    875    793    792
f    875    792    874
f    801    798    795
f    801    795    794
f    801    794    793
f    801    793    802
f    876    806    804
f    876    804    803
f    876    803    875
f    807    806    876
f    807    876    877
f    878    879    812
f    878    812    808
f    878    808    807
f    878    807    877
f    878    877    880
f    881    882    879
f    881    879    878
f    881    878    883
f    813    812    879
f    813    879    882
f    813    882    884
f    813    884    885
f    886    885    884
f    886    884    887
f    886    887    888
f    886    888    889
f    886    889    890
f    819    814    813
f    819    813    885
f    819    885    886
f    819    886    891
f    892    893    816
f    892    816    819
f    892    819    891
f    892    891    894
f    821    817    816
f    821    816    893
f    828    825    824
f    828    824    823
f    828    823    895
f    895    823    822
f    895    822    896
f    831    830    829
f    831    829    897
f    831    897    832
f    735    832    897
f    735    897    898
f    735    898    899
f    735    899    833
f    735    833    736
f    835    834    833
f    835    833    899
f    835    899    900
f    835    900    901
f    838    837    836
f    838    836    835
f    838    835    901
f    838    901    902
f    838    902    839
f    751    839    902
f    751    902    903
f    751    903    752
f    904    905    841
f    904    841    840
f    841    905    906
f    841    906    843
f    841    843    842
f    843    906    907
f    843    907    908
f    843    908    849
f    843    849    848
f    843    848    847
f    843    847    845
f    843    845    844
f    849    908    909
f    849    909    910
f    849    910    911
f    849    911    912
f    849    912    850
f    850    912    913
f    850    913    914
f    850    914    852
f    850    852    851
f    914    915    916
f    914    916    917
f    914    917    918
f    914    918    853
f    914    853    852
f    853    918    919
f    853    919    858
f    853    858    855
f    853    855    854
f    917    920    921
f    917    921    919
f    917    919    918
f    919    921    863
f    919    863    861
f    919    861    859
f    919    859    858
f    922    923    864
f    922    864    863
f    922    863    921
f    922    921    920
f    924    925    926
f    924    926    927
f    924    927    923
f    924    923    922
f    927    928    868
f    927    868    865
f    927    865    864
f    927    864    923
f    929    930    928
f    929    928    927
f    929    927    926
f    872    870    869
f    872    869    868
f    872    868    928
f    872    928    930
f    931    932    873
f    931    873    871
f    931    871    872
f    931    872    930
f    931    930    929
f    931    929    933
f    880    877    876
f    880    876    875
f    880    875    874
f    880    874    873
f    880    873    932
f    934    883    878
f    934    878    880
f    934    880    932
f    934    932    931
f    935    936    881
f    935    881    883
f    935    883    934
f    884    882    881
f    884    881    936
f    884    936    937
f    884    937    887
f    887    937    938
f    887    938    939
f    887    939    888
f    888    939    940
f    888    940    941
f    888    941    889
f    890    889    941
f    890    941    942
f    890    942    943
f    894    891    886
f    894    886    890
f    894    890    943
f    894    943    944
f    896    822    821
f    896    821    893
f    896    893    892
f    896    892    945
f    946    945    892
f    946    892    894
f    946    894    944
f    946    944    947
f    946    947    948
f    897    829    828
f    897    828    895
f    897    895    896
f    897    896    945
f    897    945    946
f    897    946    898
f    900    899    898
f    900    898    946
f    900    946    948
f    900    948    949
f    900    949    910
f    900    910    909
f    900    909    950
f    902    901    900
f    902    900    950
f    902    950    951
f    902    951    952
f    902    952    903
f    950    909    908
f    950    908    907
f    950    907    951
f    952    951    907
f    952    907    906
f    952    906    905
f    952    905    904
f    911    953    954
f    911    954    955
f    911    955    913
f    911    913    912
f    954    956    957
f    954    957    958
f    954    958    959
f    954    959    960
f    954    960    955
f    913    955    960
f    913    960    961
f    913    961    962
f    913    962    963
f    913    963    915
f    913    915    914
f    963    964    965
f    963    965    916
f    963    916    915
f    916    965    966
f    916    966    924
f    916    924    922
f    916    922    920
f    916    920    917
f    967    925    924
f    967    924    966
f    967    966    968
f    968    966    965
f    968    965    964
f    968    964    969
f    970    933    929
f    970    929    926
f    970    926    925
f    970    925    967
f    961    971    972
f    961    972    973
f    961    973    970
f    961    970    967
f    961    967    968
f    961    968    969
f    961    969    962
f    974    975    976
f    974    976    977
f    974    977    935
f    974    935    934
f    974    934    931
f    974    931    933
f    974    933    970
f    974    970    973
f    974    973    978
f    977    979    938
f    977    938    937
f    977    937    936
f    977    936    935
f    980    981    979
f    980    979    977
f    980    977    976
f    980    976    982
f    980    982    983
f    940    939    938
f    940    938    979
f    940    979    981
f    940    981    984
f    985    984    981
f    985    981    980
f    985    980    986
f    942    941    940
f    942    940    984
f    942    984    985
f    944    943    942
f    944    942    985
f    944    985    986
f    944    986    987
f    944    987    947
f    987    986    980
f    987    980    983
f    987    983    988
f    987    988    989
f    987    989    990
f    948    947    987
f    948    987    990
f    948    990    974
f    948    974    978
f    948    978    991
f    948    991    992
f    948    992    993
f    948    993    949
f    993    992    994
f    993    994    956
f    993    956    954
f    993    954    953
f    910    949    993
f    910    993    953
f    910    953    911
f    994    995    957
f    994    957    956
f    960    959    971
f    960    971    961
f    962    969    964
f    962    964    963
f    958    972    971
f    958    971    959
f    978    973    972
f    978    972    958
f    978    958    957
f    978    957    995
f    978    995    991
f    988    982    976
f    988    976    975
f    988    975    989
f    983    982    988
f    990    989    975
f    990    975    974
f    991    995    994
f    991    994    992
f    752    903    952
f    752    952    904
f    752    904    840
f    752    840    753
