v    -3.853437     5.229707    76.233369
v    -0.031705     1.590037    76.233369
v     4.652298     1.590037    75.815925
v     0.950539     5.115498    75.815925
v    -3.853437     5.721970    76.187253
v    -9.458316    11.320124    75.164058
v   -12.029035     8.871900    75.164058
v    -7.844621     5.229707    75.877773
v    -8.491804    10.555369    75.321740
v    -7.765119     4.658423    75.831296
v    -0.344308    -2.408954    75.831296
v    -0.304917    -2.413997    75.834419
v    -0.031705    -2.129136    75.885339
v     4.528002    -1.553408    75.532984
v     7.191793     0.983445    75.532984
v     8.210185     2.618637    75.125988
v     7.731133     0.983445    75.452642
v    14.719968    -2.204434    73.915086
v    20.304912    -2.204434    72.382334
v    20.223849    -2.018170    72.382334
v     3.548039     5.805795    75.321740
v     4.940763     5.732298    75.125988
v   -12.076472    14.734740    74.184816
v   -17.504214    20.747216    71.835068
v   -21.278509    19.258418    71.835068
v   -17.628750    15.782435    73.251690
v   -11.860064    14.249442    74.349224
v   -16.155445    10.754244    74.256151
v   -24.043660    20.322205    70.949139
v   -26.028323    15.758896    70.949139
v   -20.720435    11.412716    72.924676
v   -19.091968    10.754244    73.450205
v   -11.797856    -6.016679    73.450325
v   -11.387376    -5.858757    73.581827
v   -10.637273    -5.144321    73.872933
v    -0.304917    -6.878710    74.547738
v    -2.536253    -9.350352    73.581827
v    10.981941    -3.268582    74.304909
v     2.310597    -6.689443    74.304909
v    14.970123    -3.058419    73.744554
v    27.929282    -8.044096    69.592685
v    28.948995    -5.699393    69.592685
v    29.857261    -3.273626    68.823847
v    28.954519    -5.699393    69.590523
v    34.332542    -7.314889    67.209431
v    35.613097    -7.314889    66.590229
v    34.414926    -3.056497    66.590229
v    23.994061    -1.895674    70.885130
v     5.305366    15.903128    70.885130
v     5.299121    15.927267    70.876123
v     1.735590    19.396886    70.027663
v     0.449630    21.470779    69.141133
v   -17.822821    26.133765    69.141133
v   -17.822821    21.709164    71.387841
v   -27.529010    25.795702    68.055009
v   -27.142309    24.854890    68.582819
v   -18.947616    27.985605    68.055009
v   -27.083584    23.217417    69.265670
v   -30.753638    28.089366    65.892006
v   -30.941824    28.048774    65.836043
v   -34.609117    24.556098    65.836043
v   -31.394336    23.357566    67.553739
v   -28.885946    16.617324    69.683955
v   -37.054579    24.672589    64.637631
v   -37.785467    22.074488    64.637631
v   -31.649055    16.617324    68.347676
v   -31.627198    16.319492    68.317773
v   -26.145414    -3.164581    68.317773
v   -25.464485   -14.871406    66.590590
v   -20.940926   -14.724292    68.387067
v   -21.163580   -20.937204    65.796412
v   -28.765972   -19.081400    63.625364
v   -28.713491   -19.302012    63.556550
v   -22.804536   -24.929589    63.556550
v    -4.512029   -15.316472    70.808270
v    -4.512029   -17.520426    69.689120
v   -22.931955   -27.354274    62.308780
v   -13.398460   -29.787126    62.308780
v    -9.625366   -25.938974    64.751720
v    17.646284   -11.865949    69.689120
v    30.466735   -10.460736    68.187472
v    30.492795   -11.188261    67.884116
v    40.167039   -12.342239    63.703785
v    35.564940   -10.626465    66.162817
v    44.123156   -20.883041    58.740925
v    45.692537   -19.388359    58.740925
v    39.450442    -9.429013    64.446682
v    40.679238   -10.521863    63.703785
v    44.960087     0.095474    58.878672
v    42.887755    -0.363403    60.488644
v    44.403694   -11.411755    61.076261
v    47.363396   -11.411755    58.878672
v    38.879278    -0.204039    63.108722
v    40.137256    13.910419    55.604445
v    46.951956     2.745215    56.289338
v    46.426908     4.945446    55.604445
v    39.370820    16.925123    54.484695
v    33.730754    18.225735    56.479806
v     0.699064    39.245803    56.479806
v    -0.173055    35.673985    59.393272
v   -18.947616    29.217403    67.200064
v    -0.187226    43.163249    53.556493
v   -15.662221    46.094849    53.556493
v   -19.318705    41.658119    57.555483
v   -19.318705    30.626219    66.156452
v   -28.346606    39.947869    57.555483
v   -30.295362    37.611692    59.089196
v   -30.751236    35.596885    60.592645
v   -30.474301    34.462603    61.517844
v   -40.286532    29.529046    60.592645
v   -39.454765    28.736910    61.525530
v   -39.215659    26.053423    62.952240
v   -42.448333    30.164820    58.839041
v   -44.552970    29.277930    57.842386
v   -46.707326    26.207142    57.842266
v   -44.978461    25.824284    59.185511
v   -44.131563    23.590787    60.160669
v   -54.675403    24.571950    52.179502
v   -54.880282    23.590787    52.179502
v   -56.796973    22.157953    50.534102
v   -50.397196    -8.484238    50.534102
v   -43.119175   -13.990641    55.084201
v   -38.609308   -18.660833    57.196884
v   -38.533769   -18.693018    57.240838
v   -30.595835   -30.007258    57.240838
v   -29.581527   -29.041226    58.378483
v   -23.790503   -28.572982    61.310803
v   -31.551659   -32.954710    54.730406
v   -29.224489   -37.963445    52.239789
v   -23.473336   -41.623172    52.239789
v   -23.257168   -40.737843    52.961910
v   -15.588364   -38.100472    56.150750
v   -21.601440   -49.896286    46.066147
v   -16.668484   -50.830853    46.066147
v   -15.588364   -49.520274    47.247386
v    32.470974   -40.415873    47.247386
v    49.207791   -39.287115    45.066370
v    49.669430   -28.756605    52.293711
v    50.416771   -40.111556    43.941215
v    54.760669   -37.347246    43.941215
v    52.686296   -30.949991    49.389612
v    50.449436   -28.819654    51.898723
v    47.982958   -20.851817    56.954656
v    49.878392   -22.412191    55.305293
v    54.479891   -28.393563    49.389612
v    50.004370   -22.440172    55.207417
v    49.556542   -13.051150    56.995968
v    51.442248   -15.555698    55.207417
v    60.114313     1.731627    42.661259
v    58.553579     2.501185    44.240727
v    54.877640     1.995232    48.386111
v    49.908415   -12.538351    56.529165
v    61.419368    -6.115756    42.661259
v    48.034118    22.163717    44.240727
v    47.596978    23.719648    43.697545
v    46.571860    23.783297    44.511418
v    51.798926    37.826539    27.545343
v    45.176735    44.133364    27.545343
v    43.371371    47.767991    25.378378
v     0.348991    44.125438    52.420289
v    43.342909    48.308051    24.797966
v     2.035103    68.353201    24.797966
v    -0.155521    67.239574    27.198513
v    -1.285480    59.793423    36.015290
v   -14.215336    55.783505    42.914776
v   -15.662221    49.685402    49.721190
v    -6.965297    68.266733    27.198513
v   -14.215336    62.157102    35.536958
v   -18.551428    61.502953    35.536958
v   -20.821674    59.513245    37.443801
v   -24.649531    52.472650    44.925380
v   -27.424169    48.790466    48.297122
v   -36.142229    44.559936    48.297122
v   -40.625075    38.486212    52.596346
v   -41.955830    37.349048    52.849503
v   -46.467379    35.434999    50.724330
v   -53.517582    28.720457    50.724330
v   -55.274068    27.929161    49.726954
v   -54.974796    24.723268    51.842880
v   -63.002439    27.065330    42.094899
v   -64.495680    24.274359    42.094899
v   -62.549927    24.006431    44.289005
v   -62.206820    27.597944    42.631236
v   -61.917876    22.157953    45.324690
v   -71.127598    21.003735    35.383119
v   -67.281247    21.003735    39.623617
v   -73.149851    20.306833    33.025925
v   -77.832053    15.267114    26.939952
v   -77.845383    15.248379    26.921818
v   -76.279725     5.833777    26.921818
v   -73.464256     2.920191    29.491577
v   -72.844093    20.495140    33.397494
v   -73.259736     2.662351    29.644696
v   -58.004032    -7.764399    42.948763
v   -46.170989   -29.882120    42.948763
v   -41.184350   -33.220597    46.310537
v   -39.895148   -32.435906    48.105573
v   -38.442258   -39.083076    43.410882
v   -28.498404   -48.553281    43.410882
v   -26.587118   -52.401194    41.116738
v   -22.819668   -52.082226    43.484740
v   -26.162467   -60.465466    32.450318
v   -22.689366   -62.150737    32.450318
v   -22.144142   -58.558022    36.704386
v   -16.950703   -56.947330    39.475782
v   -16.668484   -55.757685    40.803534
v   -21.292680   -64.719895    29.720234
v   -16.950703   -65.374764    29.720234
v   -13.918105   -67.930472    26.232362
v    -7.184708   -72.248670    20.057880
v     0.129581   -74.493456    16.182346
v    15.594008   -73.289760    14.875369
v    31.921546   -70.826884    14.875369
v    37.890309   -70.340746    14.186874
v    39.643192   -69.398974    14.838020
v    47.355950   -63.852340    19.201974
v    52.251077   -57.356128    25.150440
v    53.477111   -45.602707    37.456531
v    55.046612   -45.735650    36.470084
v    53.884948   -56.563151    25.150440
v    55.282835   -54.669278    26.491043
v    55.701961   -46.712130    35.042414
v    55.569018   -38.117045    42.821704
v    56.739208   -38.044268    41.892541
v    59.311969   -43.273976    35.042414
v    57.979052   -38.798935    40.166319
v    55.905640   -29.114243    47.786245
v    60.654733   -29.145467    42.780512
v    58.585404   -28.860606    45.114047
v    61.928084   -31.417514    40.166319
v    54.355594   -16.489785    52.045237
v    62.644921   -17.177800    42.780512
v    84.250084    -3.639671     4.537249
v    82.759365     7.143636     4.537249
v    74.875473     6.611622    18.006804
v    69.039294   -15.201903    32.989777
v    81.345385   -15.201903    12.159337
v    82.253651   -13.604421    10.248290
v    84.677376    -8.276957     4.898970
v    72.187062     7.060651    22.144983
v    64.068268   -15.558100    40.953651
v    67.421876   -15.558100    35.644202
v    83.595455     9.918874     1.146292
v    83.043265    11.862466     0.659673
v    75.602278    28.971332     0.659673
v    73.343201    31.257910     2.758545
v    69.938674    35.620663     4.230170
v    69.315629    36.088787     4.742368
v    53.659293    39.222985    23.960675
v    54.419003    54.578007     4.742368
v    52.039713    52.312205    10.896435
v    47.114082    52.864995    15.578516
v    53.942713    57.806118     0.316446
v    52.122217    60.194655    -1.309619
v    44.222113    65.967905    -1.309619
v    38.142264    73.307774    -7.645746
v    37.668856    73.642834    -7.797905
v    28.212462    76.304224    -5.015581
v     5.423898    75.316576    12.372743
v    22.998006    78.361184    -5.015581
v    17.310863    79.826564    -3.659486
v    13.118883    79.962750    -1.014789
v     5.584463    77.903988     7.753110
v     5.401081    75.440272    12.172787
v    -6.105308    72.647981    19.699881
v    -6.965297    69.106066    25.803268
v     0.176177    78.582036     7.753110
v    -0.361001    78.626951     7.792981
v    -4.468315    76.931953    11.720876
v    -6.105308    76.087816    13.585926
v   -13.719230    75.133194    13.585926
v   -16.747505    73.311737    16.148479
v   -16.845501    73.216143    16.296434
v   -16.715800    71.472266    19.424867
v   -30.913963    67.666386    16.296434
v   -34.725007    64.251290    19.628065
v   -32.727974    60.029167    28.358976
v   -36.666557    63.371486    18.799541
v   -62.340845    44.608934    18.799541
v   -64.304732    42.032450    20.553745
v   -65.023371    37.161822    27.231419
v   -61.445068    33.754052    36.486897
v   -74.339016    25.599470    27.231419
v   -73.061702    25.051603    29.747015
v   -76.188454    24.780793    24.752811
v   -78.524751    19.409255    24.752811
v   -78.845881    19.056301    24.337288
v   -82.439076    15.710619    19.037926
v   -82.581266    14.682499    19.037926
v   -80.415262    14.682499    22.704258
v   -85.153787    10.157620    13.624596
v   -85.662382     9.039791    12.502203
v   -85.336449     6.682357    12.502203
v   -82.504526     6.873426    17.340526
v   -87.245454     0.345629     4.759422
v   -85.797848    -4.750054     3.483549
v   -79.667560   -18.845297     3.483549
v   -79.355918   -19.160662     3.773094
v   -74.407109   -21.351406    10.405613
v   -69.184847   -25.275097    14.699072
v   -45.855864   -54.230217    14.699072
v   -36.508154   -60.692563    20.759826
v   -35.846319   -60.062312    22.471637
v   -26.680190   -61.091032    31.184653
v   -36.323570   -60.934671    20.594937
v   -26.234283   -68.307805    20.594937
v   -25.452235   -66.654359    24.014237
v   -22.164678   -66.511808    26.522748
v   -25.704191   -69.394170    19.066268
v   -22.462870   -70.672805    19.066268
v   -21.610687   -70.439943    20.057880
v   -21.561929   -69.785434    21.232033
v     1.554969   -75.228428    14.558322
v     4.762544   -76.552097    11.491017
v     6.059553   -76.443653    11.394582
v    20.914986   -74.581004    11.394582
v    32.642587   -73.505448    10.241805
v    36.680007   -71.339563    12.829938
v    47.734004   -66.207252    14.838020
v    50.022624   -64.156417    16.838776
v    50.112694   -63.971833    17.098538
v    53.026040   -60.454778    20.134619
v    58.061797   -54.357396    23.849469
v    57.368137   -57.281670    20.134619
v    58.951328   -55.204534    21.548719
v    59.422935   -43.357200    34.828647
v    65.889124   -42.062714    26.891434
v    59.211691   -55.024514    21.379988
v    68.687541   -43.263407    21.379988
v    65.454866   -32.974165    34.172937
v    71.798200   -31.914821    24.409224
v    69.759374   -42.788918    19.943551
v    72.012326   -40.508465    17.850203
v    75.637226   -32.173863    17.850203
v    77.072462   -30.837463    15.733436
v    79.740096   -26.814935    12.159337
v    85.102387    -8.276957     3.631384
v    85.353502    -7.303961     2.538895
v    86.378860    -2.421683    -2.242144
v    85.913618     2.411836    -2.560031
v    85.601375     5.051849    -2.560031
v    85.128327     9.441263    -2.931960
v    85.183210    11.232696    -5.074306
v    83.872510    15.635921    -5.997104
v    82.700399    18.826082    -5.997104
v    80.408897    25.762076    -7.794182
v    79.434099    27.381776    -7.124301
v    76.508743    32.964558    -9.243949
v    67.295538    46.929138    -9.244069
v    62.766576    54.714073   -12.875574
v    62.602288    55.120109   -13.495496
v    57.458447    61.561919   -17.327436
v    48.180031    70.398511   -17.327436
v    47.795852    70.827004   -17.650487
v    47.052234    71.418825   -17.756650
v    46.913046    71.538438   -17.863173
v    40.621353    75.303486   -17.863173
v    38.820192    76.159632   -17.211906
v    36.340143    76.548254   -13.994844
v    31.567391    77.978446   -12.817088
v    31.120283    78.127482   -12.817088
v    26.936469    79.257081   -11.982079
v    22.302305    79.965152    -9.344227
v    11.257195    80.144691    -0.864552
v    10.731666    80.201135    -0.864552
v     7.611159    80.473507    -0.669040
v     5.542551    80.381515     0.314405
v     0.115890    79.347751     5.375501
v    -0.361001    79.236064     5.885417
v    -8.959928    78.313387     5.885417
v   -10.436357    77.773567     7.079626
v   -13.138338    76.823989     8.862653
v   -14.573815    76.436447     8.576230
v   -25.064934    72.940288     8.576230
v   -25.892738    72.692175     8.371951
v   -29.521240    70.711595     9.801303
v   -33.125122    68.998703     8.498049
v   -45.744657    61.446989     8.498049
v   -48.586547    59.947263     7.235387
v   -58.481163    52.070817     8.647686
v   -60.197658    50.156408    10.091208
v   -69.239130    41.545591    10.091208
v   -70.616481    39.820570    11.117286
v   -75.231910    34.561680    10.329233
v   -77.340750    25.539423    21.079154
v   -75.259892    34.532257    10.305575
v   -81.281255    25.405519    10.305575
v   -82.259176    23.539267    11.014126
v   -82.201411    23.523175    11.205555
v   -82.582947    15.773307    18.613877
v   -83.460710    21.668332     9.469365
v   -86.004168    14.745788     9.469365
v   -85.867742    14.749751     9.874800
v   -86.029028    14.700633     9.410999
v   -86.894781    12.552643     7.586901
v   -87.335163     8.830228     7.586901
v   -86.425816     8.830228    10.299090
v   -87.731832     7.293632     5.861639
v   -88.270211     4.729879     3.351086
v   -88.184224     3.836143     3.292361
v   -87.788996     0.495986     3.292361
v   -87.721864     0.494064     3.491956
v   -87.937072    -4.340536    -2.491458
v   -86.756433    -8.307101    -3.322744
v   -85.447295   -11.870152    -3.322744
v   -83.694772   -17.174797    -4.697093
v   -83.611668   -17.656012    -5.352563
v   -81.955219   -20.817110    -6.552776
v   -77.330422   -27.826962    -6.552776
v   -73.992787   -33.563944    -9.229058
v   -60.764378   -48.636866    -6.970101
v   -59.966838   -49.285371    -6.397375
v   -35.146895   -72.923475    -6.397375
v   -33.565265   -73.503766    -4.097467
v   -32.183951   -71.649644     3.774896
v   -27.987167   -72.539296     8.537200
v   -28.312259   -76.647211    -4.097467
v   -27.424049   -73.770734     5.910757
v   -24.021322   -73.922652     9.008566
v   -28.080599   -76.847887    -4.487050
v   -22.407507   -78.738518    -4.487050
v   -22.411710   -78.608216    -4.080413
v   -19.658689   -80.115869    -7.877046
v   -17.462181   -80.918813    -9.653468
v    -4.704059   -82.287878    -9.653468
v     1.767174   -82.852917    -9.248153
v     4.762544   -82.282354    -6.454540
v     6.317393   -82.146528    -6.551936
v    18.066371   -80.885788    -6.551936
v    22.639528   -79.754748    -4.546496
v    24.560181   -79.052562    -2.993088
v    29.276970   -77.394913     0.119733
v    31.697452   -76.256547     2.556788
v    37.579387   -74.296383     2.556788
v    43.151480   -71.050618     6.938276
v    44.469505   -70.331139     7.457440
v    46.557209   -68.780613     9.349391
v    51.538323   -65.799775     9.349391
v    54.574765   -63.191346    11.673199
v    54.997253   -62.855084    11.733606
v    55.379751   -62.428513    12.055216
v    63.735849   -54.470283    12.055216
v    64.879139   -53.038530    12.906918
v    67.928911   -49.563507    12.386073
v    68.341792   -48.853755    12.717171
v    74.539212   -39.460290    12.717171
v    74.543415   -39.455246    12.712367
v    76.835758   -35.646003    11.136862
v    77.518248   -34.583297    10.259459
v    80.454172   -26.592402    10.259459
v    80.743957   -26.033367     9.668479
v    83.200348   -19.693997     5.275703
v    83.539251   -18.853103     4.561628
v    84.090120   -16.832891     3.631384
v    86.408763    -2.421683    -2.516197
v    86.408763     2.941087    -7.610799
v    85.913618     7.728491    -7.610799
v    85.564626    10.890550    -7.812556
v    85.546492    10.974735    -7.899384
v    84.723973    14.557602   -11.101074
v    82.938064    20.164403   -11.101074
v    81.386577    24.746806   -12.025312
v    81.373127    24.783555   -12.025312
v    77.832773    32.123183   -17.928744
v    77.262930    33.225160   -18.424369
v    73.794512    39.405167   -18.424369
v    68.281144    48.629901   -21.850514
v    65.662988    52.598267   -21.850514
v    63.919112    54.824799   -23.494953
v    55.372305    64.743193   -23.494953
v    54.053439    66.167020   -24.360826
v    51.873504    68.243195   -24.360826
v    51.227521    68.785897   -23.986735
v    46.089085    72.802061   -23.986735
v    45.831845    72.984843   -23.805755
v    45.276293    73.340319   -23.027669
v    44.126038    73.963844   -22.620793
v    41.340112    75.382027   -22.620793
v    40.255068    75.856756   -21.789747
v    38.271965    76.649613   -19.469662
v    37.109822    77.006410   -19.246409
v    35.037009    77.605316   -19.246409
v    29.742452    78.707894   -14.740624
v    19.945712    80.201135    -9.201076
v    18.084505    80.375751    -9.201076
v    15.885955    80.473507    -8.155783
v    -0.100518    79.852144     0.314405
v    -5.139517    79.347751     0.620643
v    -5.140958    79.347631     0.620643
v    -8.662457    78.614221     3.617453
v   -17.012791    76.201785     3.617453
v   -18.862470    75.633743     3.972690
v   -24.824387    73.646918     3.972690
v   -25.989413    73.137241     3.080396
v   -37.115946    67.473156     3.080396
v   -37.605327    67.207870     2.907221
v   -46.190684    62.070274     2.907221
v   -47.508709    61.133906     3.834462
v   -57.139960    53.606091     3.834462
v   -60.145297    51.081007     5.575096
v   -66.925290    44.623825     5.575096
v   -67.935996    43.532777     6.238612
v   -76.144860    34.006608     6.238612
v   -76.594370    33.432682     6.662542
v   -80.204257    27.961226     6.662542
v   -80.788512    26.983666     6.299499
v   -84.183072    20.935282     6.299499
v   -84.773091    19.711891     5.315574
v   -85.279284    18.334299     5.315574
v   -85.985194    16.249598     4.895127
v   -87.269713    12.216381     4.895127
v   -87.731832    10.203856     3.096849
v   -88.017654     8.878865     1.729105
v   -88.138828     7.781692     1.659090
v   -88.454434     4.729879     1.659090
v   -88.454434    -0.558434    -3.364777
v   -88.184224    -3.171306    -3.364777
v   -88.068093    -4.223084    -3.431909
v   -87.368669    -7.464405    -6.777711
v   -86.416689   -11.611110   -10.483073
v   -85.445494   -14.660042   -10.483073
v   -84.860159   -16.388786   -10.831704
v   -83.772112   -18.857426   -13.864183
v   -82.334354   -21.838264   -16.261727
v   -79.084627   -27.628448   -16.261727
v   -77.035593   -31.056994   -17.535078
v   -75.106533   -33.791401   -21.556405
v   -69.803448   -40.562026   -26.557094
v   -56.011562   -56.567234   -26.557094
v   -54.479531   -58.221040   -25.551192
v   -50.242996   -62.255938   -25.551192
v   -43.200118   -68.173301   -21.472100
v   -35.171154   -72.948815    -6.647410
v   -39.457648   -71.098416   -21.472100
v   -34.092715   -74.909820   -17.698285
v   -32.996142   -75.611526   -16.162290
v   -32.926728   -75.419616   -13.729558
v   -28.344204   -77.171299    -7.508720
v   -27.600586   -78.358182   -16.162290
v   -26.476752   -78.849844   -15.301340
v   -26.477352   -78.839756   -15.196259
v   -24.675111   -79.403114   -15.647450
v   -17.350134   -81.519280   -15.647450
v   -16.743542   -81.645618   -15.131168
v   -10.634871   -82.287878   -15.019481
v   -12.473861   -82.103775   -15.131168
v    -1.453971   -83.023330   -13.806178
v     1.767174   -83.023330   -10.891871
v    -4.005715   -82.909722   -15.019481
v     6.727512   -82.557968   -10.891871
v    10.838069   -82.146528   -10.642077
v    15.133450   -81.496583    -9.047957
v    12.060140   -82.015386   -10.642077
v    31.415113   -76.994641    -2.175372
v    24.425316   -79.238827    -4.546496
v    30.363214   -77.415208    -3.405849
v    37.576264   -74.299145     2.544299
v    40.403984   -72.859705     2.544299
v    46.500285   -69.554855     4.700576
v    47.780360   -68.788899     4.700576
v    50.720487   -66.700115     6.768704
v    55.517137   -62.951039     6.768704
v    57.168182   -61.563720     7.725008
v    61.665679   -57.280589     7.725008
v    62.444125   -56.440175     8.236126
v    69.326918   -48.452883     8.236126
v    69.417708   -48.336873     8.321752
v    73.245205   -42.535521     8.321752
v    74.313076   -40.748772     7.658236
v    78.111030   -33.981629     7.658236
v    79.202438   -31.718949     5.838221
v    80.042732   -29.431770     5.838221
v    82.185799   -23.102488     4.561628
v    85.177565   -12.096768    -0.600707
v    85.353502   -11.151033    -1.115788
v    85.688443    -9.163607    -2.303632
v    86.056169    -5.831615    -2.516197
v    86.384024     2.941087    -7.838016
v    85.546492     6.928789   -11.742973
v    85.482362     7.177262   -12.021950
v    84.595593    14.672771   -12.021950
v    84.562087    14.755996   -12.092685
v    82.447002    20.214602   -15.875147
v    82.365578    20.444100   -15.959452
v    82.140764    21.091884   -16.144756
v    80.292766    25.427616   -17.928744
v    75.437030    36.068251   -20.771715
v    69.224598    46.391240   -25.041396
v    69.104985    46.537394   -25.180464
v    66.802314    49.623674   -26.774463
v    62.717698    55.814729   -26.774463
v    59.348717    59.371895   -29.633047
v    56.028495    63.155078   -30.200008
v    55.863367    63.289342   -30.318660
v    49.570713    69.282363   -30.318660
v    48.935899    69.990314   -29.784725
v    48.755279    70.134186   -29.758904
v    47.650419    71.083284   -28.913327
v    43.828207    73.370463   -28.913327
v    43.042436    74.051032   -27.592540
v    42.430680    74.407469   -27.111445
v    39.584947    75.355727   -27.111445
v    39.572457    75.361611   -27.098956
v    37.588394    76.355864   -24.652173
v    35.527591    77.109210   -22.985396
v    32.094601    77.477537   -22.985396
v    26.840034    78.707894   -17.366707
v     8.768620    79.852144    -7.709996
v     1.961245    79.121615    -7.709996
v    -1.163105    78.816338    -7.457800
v    -5.545913    78.937993    -2.466238
v   -12.669734    77.014697    -1.044452
v   -21.428025    74.095947    -1.044452
v   -26.676467    72.523204     0.250755
v   -31.963339    69.637359    -1.831785
v   -34.895299    68.243795    -0.771600
v   -44.038490    62.772340    -0.771600
v   -46.947032    61.237546     0.520605
v   -52.995777    56.422522    -0.342747
v   -55.710488    54.456352     1.195170
v   -68.046602    42.707615     1.195170
v   -68.336387    42.471992     1.403291
v   -74.776276    35.134165     2.502987
v   -75.362212    34.127062     2.033181
v   -82.049853    23.990578     2.033181
v   -83.196985    21.801276     1.201895
v   -83.954294    20.542937     1.722380
v   -85.354583    16.304601     0.624245
v   -86.767002    12.460291     0.624245
v   -87.765818     9.104761    -0.079021
v   -87.768220     4.322282    -4.603060
v   -88.138828     1.190006    -4.603060
v   -87.652330     5.397838    -4.511909
v   -88.307079    -0.558434    -4.717989
v   -87.368669    -5.026629    -9.093592
v   -86.493909    -8.415425   -12.898271
v   -86.080187   -11.912905   -12.898271
v   -84.287073   -16.362005   -16.676650
v   -84.152568   -16.605435   -16.991895
v   -81.807985   -21.127552   -21.772453
v   -81.078537   -23.112816   -21.772453
v   -77.374857   -28.879821   -26.533796
v   -76.712662   -29.980237   -26.988950
v   -72.704785   -34.874643   -31.646412
v   -67.938998   -42.098141   -31.646412
v   -57.479223   -54.328933   -30.896429
v   -66.351003   -43.774885   -32.993860
v   -61.424292   -49.388531   -33.835235
v   -49.466712   -62.717698   -26.984627
v   -54.118290   -57.529903   -30.896429
v   -45.053640   -66.230670   -26.354737
v   -39.708643   -70.822081   -22.264116
v   -34.303599   -74.064843   -22.212235
v   -32.183230   -75.639748   -20.290621
v   -34.408921   -73.993627   -22.264116
v   -28.224471   -77.800588   -18.731208
v   -21.769691   -79.946897   -18.766155
v   -28.082641   -77.843101   -18.766155
v   -20.406631   -80.314984   -19.038287
v   -17.547447   -81.319805   -17.151379
v   -15.550774   -81.514957   -17.312545
v   -10.062986   -82.103775   -17.312545
v    -5.408046   -82.642634   -16.327298
v    -7.771604   -82.303850   -17.456056
v     3.875294   -82.558088   -13.472438
v     3.977013   -82.547160   -13.472438
v    10.001979   -81.958222   -12.986180
v    21.396201   -79.805667    -7.798025
v    30.456287   -77.332104    -3.788827
v    21.559287   -79.751385    -7.798025
v    28.729584   -77.602674    -6.028569
v    37.656847   -73.909802    -1.185082
v    41.274420   -71.744998    -1.185082
v    48.612367   -67.872827     2.075094
v    50.906512   -66.046567     1.747599
v    53.634914   -64.070550     3.293321
v    63.075696   -55.130317     3.556206
v    62.709531   -55.428028     3.293321
v    67.915220   -49.615868     4.382689
v    68.988855   -47.770393     3.521739
v    75.536107   -37.846835     3.521739
v    76.898326   -35.247053     2.534691
v    78.737677   -32.190556     3.798794
v    82.238279   -21.595075     1.053459
v    82.828058   -19.989907     1.053459
v    85.558382    -4.918065    -7.380580
v    85.855132    -2.164323    -7.613922
v    86.056169    -0.465602    -7.613922
v    84.984575     7.177262   -13.506665
v    83.892206     9.578530   -15.917780
v    83.841887    10.123754   -15.875267
v    77.341831    30.417136   -21.287036
v    75.531063    34.158526   -22.597375
v    72.382694    39.001172   -25.180464
v    64.164823    52.293230   -29.224969
v    59.651353    58.076928   -31.175887
v    56.984919    60.080326   -33.368192
v    53.823580    64.004138   -33.368192
v    51.569667    65.562350   -34.829488
v    50.703794    66.387031   -34.829488
v    50.674491    66.425461   -34.803308
v    44.880825    70.659354   -34.803308
v    44.750044    70.927403   -34.426094
v    44.785231    70.975800   -34.264088
v    43.772483    73.190082   -29.541175
v    40.011638    72.796656   -34.426094
v    40.275243    73.346324   -32.725091
v    39.501362    72.657228   -35.019956
v    32.714043    73.508210   -35.019956
v    32.258649    73.742992   -34.501153
v    32.258649    74.330249   -32.786819
v    32.094601    74.872351   -31.144302
v    17.570385    71.901360   -34.501153
v    14.238634    71.595842   -34.173658
v     7.939495    72.182379   -30.155453
v    -2.465277    75.025470   -18.047396
v    -2.853419    74.925552   -17.954804
v   -14.372298    70.381458   -17.954804
v   -31.941722    65.436852   -12.785504
v   -33.807253    65.605704   -10.430952
v   -36.562316    64.357333    -9.255358
v   -55.189283    50.744866    -9.255358
v   -55.351409    50.532181    -9.400191
v   -57.631622    48.360652    -9.400191
v   -63.508152    44.298012    -5.589988
v   -75.808959    29.030658    -5.589988
v   -76.711941    28.352250    -4.847570
v   -81.166926    22.643370    -2.921993
v   -82.486633    18.389902    -4.236055
v   -85.604858    11.220326    -4.236055
v   -87.220714     5.532343    -5.660122
v   -85.301262    -0.839333   -13.445657
v   -86.084631    -6.506660   -13.445657
v   -86.260568    -8.415425   -13.594573
v   -83.740408   -13.954613   -19.156459
v   -82.035442   -16.953465   -22.744009
v   -81.442781   -21.241280   -22.744009
v   -78.655773   -25.443949   -26.478073
v   -77.443070   -27.494423   -27.858186
v   -74.425363   -30.810923   -31.762663
v   -72.647620   -34.898422   -31.762663
v   -69.351417   -38.234736   -34.825165
v   -66.916643   -41.354763   -35.877543
v   -60.619906   -49.670390   -35.037850
v   -66.811922   -41.433424   -35.963650
v   -61.543304   -47.972630   -35.963650
v   -54.292425   -57.079072   -31.604140
v   -58.136615   -52.035390   -35.037850
v   -44.394927   -66.370218   -27.102078
v   -48.715047   -61.154922   -31.604140
v   -37.356613   -71.352173   -24.840960
v   -24.297417   -78.012193   -22.212235
v   -20.486373   -80.082723   -19.687031
v   -24.258146   -78.022280   -22.221602
v   -21.055616   -79.740337   -20.168726
v   -12.497400   -81.084422   -19.687031
v   -10.277113   -81.269966   -19.852040
v     0.909467   -82.114583   -15.858093
v    10.016991   -81.914267   -13.109035
v     2.303031   -81.939847   -15.858093
v     8.148457   -81.403750   -15.283446
v    17.751366   -79.921438   -11.264761
v    29.322845   -76.305425    -8.795641
v    20.931079   -78.667062   -11.264761
v    37.293685   -72.588895    -5.702275
v    29.734526   -76.013959    -8.927863
v    44.618902   -67.235731    -5.702275
v    51.819582   -63.683249    -1.962446
v    59.194037   -56.659946    -1.962446
v    60.192133   -54.825039    -2.963064
v    70.261004   -42.327880    -2.963064
v    71.081362   -40.685603    -3.698877
v    74.572477   -36.211883    -2.189783
v    78.416427   -23.823408    -6.017160
v    82.602523   -14.198523    -6.017160
v    85.207829    -5.027350    -8.313346
v    83.976631    -0.940572   -13.306829
v    83.992964    -0.779646   -13.323402
v    84.768047     4.827635   -13.323402
v    81.248590     9.578530   -20.392340
v    80.461618    10.691555   -21.464173
v    80.290364    12.687748   -21.287036
v    68.995100    42.506939   -28.272388
v    63.998374    48.809080   -32.016420
v    58.011477    52.900903   -37.237361
v    53.832828    60.711297   -37.237361
v    52.019777    61.925201   -38.459671
v    51.263669    61.961349   -39.233433
v    46.070711    66.906916   -39.233433
v    45.508433    67.145541   -39.498359
v    44.779947    70.446068   -35.244411
v    45.333698    67.098345   -39.688827
v    39.610046    69.875865   -39.688827
v    39.782140    70.229420   -39.057857
v    39.453564    72.013888   -36.173934
v    38.240141    69.179443   -41.189995
v    32.628416    70.025982   -41.189995
v    32.714043    70.378336   -40.582682
v    30.616131    68.735458   -43.035230
v    30.556445    68.685139   -43.103923
v    22.387932    67.452980   -43.103923
v    -1.897476    69.840797   -27.473407
v   -32.537746    54.972274   -27.473527
v   -34.154923    55.409174   -25.710076
v   -42.160590    52.012692   -21.938903
v   -58.743086    39.377785   -18.365884
v   -52.450553    42.212710   -21.938903
v   -66.790905    30.836022   -16.659837
v   -68.017539    26.470747   -18.184062
v   -81.654866     0.980443   -18.184062
v   -82.011663    -0.379135   -18.573285
v   -84.920926    -0.865033   -14.095362
v   -78.701409    -6.285208   -25.369010
v   -80.480592   -16.983369   -25.369010
v   -80.616418   -16.953465   -25.145997
v   -77.514526   -21.178351   -29.408112
v   -73.528626   -30.960679   -33.142896
v   -74.641171   -24.270996   -33.142896
v   -70.069936   -34.540063   -36.299671
v   -69.225679   -35.604811   -36.932203
v   -66.795949   -37.265342   -39.051131
v   -64.296686   -41.936976   -39.051131
v   -62.458176   -43.167813   -40.290615
v   -62.089489   -43.559077   -40.368796
v   -51.867859   -52.739017   -40.996765
v   -59.916879   -44.537959   -41.602396
v   -51.897522   -52.175419   -41.602396
v   -50.019862   -55.242604   -39.224546
v   -29.885123   -71.028281   -30.541913
v   -37.001377   -61.559997   -39.224546
v   -29.932319   -70.941453   -30.634265
v   -24.710898   -75.563248   -26.195853
v   -14.348279   -78.112591   -24.556458
v   -15.773668   -76.911417   -26.195853
v   -10.277113   -80.723541   -20.823235
v    -4.546856   -80.277514   -20.338898
v     8.392367   -80.079360   -17.423871
v     5.006093   -78.836514   -20.338898
v     5.817685   -78.770462   -20.245345
v    15.342652   -78.424834   -15.528917
v    30.394439   -73.024113   -12.781541
v    27.874999   -72.343424   -15.528917
v    43.828927   -67.324360    -6.453099
v    60.624830   -51.328280    -6.453099
v    65.036821   -41.895664   -11.118607
v    64.972091   -41.678415   -11.367441
v    70.398271   -22.368357   -18.110205
v    77.695266    -8.729229   -18.110205
v    79.545065    -1.680707   -20.128014
v    79.419567    -1.456853   -20.385615
v    81.242105     9.502030   -20.385615
v    72.171210    10.691555   -30.603882
v    67.913539    11.607868   -35.129842
v    60.959170    19.004300   -41.440630
v    51.923342    25.758954   -49.197342
v    47.125611    48.730539   -49.197342
v    46.980058    50.687341   -48.929654
v    48.912241    53.257460   -46.418141
v    49.752654    53.682351   -45.472766
v    50.481021    61.484939   -40.323161
v    44.294409    59.839299   -46.418141
v    44.732390    61.190110   -45.267646
v    45.375370    61.802466   -44.377154
v    45.042111    66.663727   -40.324241
v    38.035021    65.451984   -45.267646
v    38.396742    66.101089   -44.501210
v    38.142625    68.537184   -41.950546
v    35.918255    64.008582   -47.237778
v    30.293080    65.074290   -47.237658
v    30.556445    66.184434   -45.998655
v    29.205034    64.146449   -48.121786
v    22.577799    66.201727   -44.585396
v    25.127983    59.199561   -52.580734
v    21.781220    58.565588   -52.580734
v    16.098400    51.752810   -57.052892
v    12.748275    48.818448   -58.496294
v   -30.887542    52.513001   -31.068883
v    11.140825    45.402031   -60.582797
v    -8.358501    32.993380   -60.582797
v    -8.409660    32.981611   -60.564663
v   -25.821042    38.102514   -46.441799
v   -31.504342    43.515243   -38.570397
v   -63.969671    -3.094927   -38.766150
v   -65.233414    -3.354329   -37.868091
v   -50.773808     2.536253   -46.441679
v   -67.913539    -5.382106   -36.192548
v   -78.194975    -6.354862   -25.940054
v   -71.867734   -24.314350   -36.192548
v   -72.069251   -24.270996   -35.978302
v   -67.985475   -28.443521   -39.715488
v   -63.622601   -37.565696   -42.215472
v   -65.073210   -30.620455   -42.215472
v   -62.046496   -38.758103   -43.200839
v   -60.726549   -39.029034   -44.139008
v   -60.027966   -39.327226   -44.545284
v   -56.210437   -44.768418   -44.545284
v   -52.368289   -46.387517   -46.364940
v   -52.249396   -46.500765   -46.364940
v   -51.863776   -52.125219   -41.675773
v   -50.547312   -46.893350   -46.966968
v   -43.550791   -51.345573   -46.966968
v   -43.516444   -51.418470   -46.922533
v   -37.352050   -58.199183   -42.743403
v   -41.629056   -53.071676   -46.109381
v   -21.203210   -68.234308   -35.292208
v   -28.016229   -59.967679   -42.743403
v   -15.773668   -72.864749   -30.880217
v   -14.534424   -72.776481   -30.766008
v     3.933299   -69.277920   -30.766008
v     6.828271   -69.082648   -30.388674
v     7.618005   -68.390910   -30.729019
v    26.283161   -69.971219   -18.996975
v     9.646983   -64.078356   -33.362787
v    27.464520   -52.739978   -33.362787
v    29.739810   -47.842809   -35.798041
v    34.097038   -43.693222   -35.798041
v    34.360884   -43.581895   -35.673024
v    64.681345    -0.365204   -35.673024
v    65.445619    -0.208362   -35.129842
v    68.472573    -1.738352   -31.725554
v    76.172122    -1.009865   -24.047743
v    48.174627    25.758954   -51.980987
v    39.226588    27.896976   -58.293457
v    38.380410    27.896976   -58.852732
v    34.308523    42.370033   -58.852732
v    38.980997    48.328587   -54.655948
v    42.924984    50.848507   -51.580116
v    43.673646    59.248079   -47.114442
v    32.612804    54.393544   -54.655948
v    35.571185    58.593090   -51.217073
v    35.422749    61.978883   -48.893386
v    31.043544    53.277275   -55.708686
v    24.226682    55.016828   -55.708686
v    25.127983    58.438530   -53.174115
v    19.783827    50.485464   -58.585404
v    15.968459    44.204099   -62.269269
v    11.033101    42.944679   -62.269269
v     2.943609    32.079709   -66.305608
v     6.357264    35.403534   -65.492696
v     2.206236    29.234216   -67.355945
v    -7.271175    20.208117   -67.355945
v    -8.482557    15.110512   -68.946222
v   -17.509498     6.701092   -66.843626
v   -22.947807     3.642673   -64.629825
v   -40.167400   -22.656461   -58.138176
v   -53.030243   -29.743052   -50.953468
v   -53.866093   -29.743052   -50.400918
v   -27.346588   -11.991927   -64.629825
v   -29.246466   -14.397277   -63.821236
v   -57.538430   -30.620455   -47.810144
v   -51.947842   -39.648476   -49.826752
v   -50.693466   -38.048712   -50.953468
v   -51.816820   -40.199825   -49.654778
v   -45.239184   -46.464257   -49.654778
v   -43.739938   -47.031218   -49.928111
v   -43.914314   -46.749839   -50.048324
v   -32.445514   -49.913339   -49.928111
v   -28.016229   -58.290454   -44.051100
v   -30.183315   -50.064056   -50.144639
v   -23.518131   -39.091002   -56.580324
v   -23.109573   -38.600901   -56.848133
v     0.731129   -32.517090   -56.848133
v    10.427110   -46.281595   -45.577127
v     0.179540   -22.018885   -62.250414
v     1.580910   -16.610719   -64.246727
v    23.454962     4.221763   -64.246727
v    23.839381     4.203389   -64.058300
v    30.189800     0.146034   -59.106009
v    57.474420     1.230837   -41.271778
v    29.060922    22.762503   -64.058300
v    26.656171    22.762503   -65.221285
v    33.895882    42.216313   -59.073223
v    22.872749    21.626059   -66.896347
v    18.911948    30.733102   -66.896347
v    20.335175    34.088512   -65.767590
v    28.691634    42.047101   -61.139911
v    28.907923    48.081555   -58.623714
v    13.653779    36.724202   -65.767590
v    15.968459    43.713878   -62.518222
v    11.035863    33.824186   -66.900911
v     8.607574    28.376990   -68.746747
v     2.325729    25.898862   -68.746747
v     0.154560    20.796334   -69.970378
v    -5.478181    15.431882   -69.970378
v    -6.479399    15.045421   -69.741720
v   -14.527098    -1.312981   -69.376276
v   -13.147946    -0.287263   -69.741720
v   -15.084812    -1.951878   -69.193494
v   -45.122693   -35.971937   -53.930103
v   -43.188589   -35.909008   -54.698101
v   -26.714297   -20.219285   -63.821236
v   -43.544906   -45.850940   -50.552596
v   -26.128601   -19.993870   -64.008822
v   -18.008366   -23.197241   -64.008822
v   -12.945228   -17.588639   -66.200767
v    -9.784730   -10.498685   -68.603235
v     1.206338    -6.162713   -68.603235
v     3.549961    -0.655230   -69.924022
v     8.399332     3.963202   -69.924022
v    10.366222     4.722313   -69.474753
v    23.234590     4.303907   -64.364538
v    15.598091    16.751708   -69.474753
v    18.209282    17.807449   -68.632057
v    12.680422    16.751708   -70.275536
v    15.950565    27.912709   -68.045761
v    11.106838    16.033910   -70.621765
v     6.041299    20.858302   -70.621765
v     8.607574    25.961311   -69.442928
v     4.797611    19.562374   -70.853785
v     4.176008    17.201458   -71.130120
v    -3.777298     9.626807   -71.130120
v    -4.232452     6.357144   -71.395407
v   -10.454491     0.941412   -70.334261
v   -18.142630   -12.388235   -67.108553
v    -6.224321    -3.087361   -70.334261
v    -9.784730   -10.167107   -68.698829
v    -2.378450     0.920276   -71.051939
v    -2.135621     1.842473   -71.159903
v     6.586763    10.149454   -71.159903
v     6.895643    12.368299   -71.339923
v     4.176008    12.368299   -71.582272
v    -2.135621     6.357144   -71.582272
f      1      2      3
f      1      3      4
f      1      4      5
f      6      7      8
f      6      8      1
f      6      1      5
f      6      5      9
f      8     10     11
f      8     11     12
f      8     12     13
f      8     13      2
f      8      2      1
f      3      2     13
f      3     13     14
f      3     14     15
f     16     17     18
f     16     18     19
f     16     19     20
f     21      4      3
f     21      3     15
f     21     15     17
f     21     17     16
f     21     16     22
f      9      5      4
f      9      4     21
f     23     24     25
f     23     25     26
f     23     26     27
f     27     26     28
f     27     28      7
f     27      7      6
f     25     29     30
f     25     30     31
f     25     31     32
f     25     32     28
f     25     28     26
f     28     32     33
f     28     33     34
f     28     34     35
f     28     35     10
f     28     10      8
f     28      8      7
f     35     11     10
f     36     12     11
f     36     11     35
f     36     35     34
f     36     34     37
f     38     14     13
f     38     13     12
f     38     12     36
f     38     36     39
f     15     14     38
f     15     38     40
f     15     40     18
f     15     18     17
f     19     18     40
f     19     40     41
f     19     41     42
f     43     44     45
f     43     45     46
f     43     46     47
f     48     20     19
f     48     19     42
f     48     42     44
f     48     44     43
f     49     22     16
f     49     16     20
f     49     20     48
f     50     51     23
f     50     23     27
f     50     27      6
f     50      6      9
f     50      9     21
f     50     21     22
f     50     22     49
f     52     53     54
f     52     54     24
f     52     24     23
f     52     23     51
f     55     56     54
f     55     54     53
f     55     53     57
f     54     56     58
f     54     58     29
f     54     29     25
f     54     25     24
f     59     60     61
f     59     61     62
f     59     62     58
f     59     58     56
f     59     56     55
f     62     63     30
f     62     30     29
f     62     29     58
f     61     64     65
f     61     65     66
f     61     66     63
f     61     63     62
f     30     63     66
f     30     66     67
f     30     67     68
f     30     68     31
f     31     68     69
f     31     69     70
f     31     70     33
f     31     33     32
f     71     70     69
f     71     69     72
f     71     72     73
f     71     73     74
f     37     34     33
f     37     33     70
f     37     70     71
f     37     71     75
f     76     75     71
f     76     71     74
f     76     74     77
f     76     77     78
f     76     78     79
f     80     39     36
f     80     36     37
f     80     37     75
f     80     75     76
f     81     41     40
f     81     40     38
f     81     38     39
f     81     39     80
f     81     80     82
f     83     84     81
f     83     81     82
f     83     82     85
f     83     85     86
f     42     41     81
f     42     81     84
f     42     84     45
f     42     45     44
f     87     46     45
f     87     45     84
f     87     84     83
f     87     83     88
f     89     90     87
f     89     87     88
f     89     88     91
f     89     91     92
f     47     46     87
f     47     87     90
f     47     90     93
f     94     93     90
f     94     90     89
f     94     89     95
f     94     95     96
f     97     98     50
f     97     50     49
f     97     49     48
f     97     48     43
f     97     43     47
f     97     47     93
f     97     93     94
f     99    100     52
f     99     52     51
f     99     51     50
f     99     50     98
f    101     57     53
f    101     53     52
f    101     52    100
f    102    103    104
f    102    104    105
f    102    105    101
f    102    101    100
f    102    100     99
f    104    106    107
f    104    107    108
f    104    108    109
f    104    109    105
f    105    109     59
f    105     59     55
f    105     55     57
f    105     57    101
f    108    110    111
f    108    111     60
f    108     60     59
f    108     59    109
f    111    112     64
f    111     64     61
f    111     61     60
f    113    114    115
f    113    115    116
f    113    116    112
f    113    112    111
f    113    111    110
f    116    117     65
f    116     65     64
f    116     64    112
f    115    118    119
f    115    119    117
f    115    117    116
f     65    117    119
f     65    119    120
f     65    120    121
f     65    121    122
f     65    122     67
f     65     67     66
f     69     68     67
f     69     67    122
f     69    122    123
f     69    123    124
f     69    124     72
f     72    124    125
f     72    125    126
f     72    126     73
f     74     73    126
f     74    126    127
f     74    127     77
f    126    125    128
f    126    128    129
f    126    129    130
f    126    130    131
f    126    131    127
f     77    127    131
f     77    131    132
f     77    132     78
f    132    131    130
f    132    130    133
f    132    133    134
f    132    134    135
f     79     78    132
f     79    132    135
f     79    135    136
f     85     82     80
f     85     80     76
f     85     76     79
f     85     79    136
f     85    136    137
f     85    137    138
f    138    137    139
f    138    139    140
f    138    140    141
f    138    141    142
f    143     86     85
f    143     85    138
f    143    138    142
f    143    142    144
f    144    142    141
f    144    141    145
f    144    145    146
f     91     88     83
f     91     83     86
f     91     86    143
f    147     92     91
f    147     91    143
f    147    143    144
f    147    144    146
f    147    146    148
f    149    150    151
f    149    151    152
f    149    152    153
f    151     95     89
f    151     89     92
f    151     92    147
f    151    147    152
f    154     96     95
f    154     95    151
f    154    151    150
f    155    156     97
f    155     97     94
f    155     94     96
f    155     96    154
f    157    158    156
f    157    156    155
f    159    160    102
f    159    102     99
f    159     99     98
f    159     98     97
f    159     97    156
f    159    156    158
f    161    162    163
f    161    163    164
f    161    164    160
f    161    160    159
f    164    165    166
f    164    166    103
f    164    103    102
f    164    102    160
f    163    167    168
f    163    168    165
f    163    165    164
f    168    169    170
f    168    170    171
f    168    171    166
f    168    166    165
f    166    171    172
f    166    172    106
f    166    106    104
f    166    104    103
f    172    173    174
f    172    174    107
f    172    107    106
f    107    174    175
f    107    175    113
f    107    113    110
f    107    110    108
f    175    176    177
f    175    177    114
f    175    114    113
f    177    178    179
f    177    179    118
f    177    118    115
f    177    115    114
f    180    181    182
f    180    182    179
f    180    179    178
f    180    178    183
f    179    182    184
f    179    184    120
f    179    120    119
f    179    119    118
f    185    186    184
f    185    184    182
f    185    182    181
f    187    188    189
f    187    189    190
f    187    190    191
f    187    191    186
f    187    186    185
f    187    185    192
f    120    184    186
f    120    186    191
f    120    191    193
f    120    193    194
f    120    194    121
f    122    121    194
f    122    194    195
f    122    195    196
f    122    196    197
f    122    197    123
f    123    197    128
f    123    128    125
f    123    125    124
f    128    197    196
f    128    196    198
f    128    198    199
f    128    199    129
f    130    129    199
f    130    199    200
f    130    200    201
f    130    201    133
f    201    200    202
f    201    202    203
f    201    203    204
f    134    133    201
f    134    201    204
f    134    204    205
f    134    205    206
f    204    203    207
f    204    207    208
f    204    208    205
f    206    205    208
f    206    208    209
f    206    209    210
f    206    210    211
f    206    211    212
f    206    212    213
f    136    135    134
f    136    134    206
f    136    206    213
f    136    213    214
f    136    214    215
f    136    215    216
f    136    216    217
f    136    217    218
f    136    218    139
f    136    139    137
f    219    218    217
f    219    217    220
f    219    220    221
f    219    221    222
f    140    139    218
f    140    218    219
f    140    219    223
f    224    223    219
f    224    219    222
f    224    222    225
f    224    225    226
f    145    141    140
f    145    140    223
f    145    223    224
f    145    224    227
f    228    229    227
f    228    227    224
f    228    224    226
f    228    226    230
f    148    146    145
f    148    145    227
f    148    227    229
f    148    229    231
f    231    229    228
f    231    228    232
f    233    234    235
f    233    235    236
f    233    236    237
f    233    237    238
f    233    238    239
f    235    240    149
f    235    149    153
f    235    153    241
f    235    241    242
f    235    242    236
f    243    244    245
f    243    245    246
f    243    246    240
f    243    240    235
f    243    235    234
f    246    247    248
f    246    248    249
f    246    249    157
f    246    157    155
f    246    155    154
f    246    154    150
f    246    150    149
f    246    149    240
f    248    250    251
f    248    251    249
f    249    251    252
f    249    252    161
f    249    161    159
f    249    159    158
f    249    158    157
f    253    254    255
f    253    255    252
f    253    252    251
f    253    251    250
f    252    255    256
f    252    256    257
f    252    257    258
f    252    258    259
f    252    259    162
f    252    162    161
f    258    260    261
f    258    261    262
f    258    262    263
f    258    263    264
f    258    264    259
f    259    264    265
f    259    265    266
f    259    266    167
f    259    167    163
f    259    163    162
f    263    267    268
f    263    268    269
f    263    269    270
f    263    270    265
f    263    265    264
f    265    270    271
f    265    271    272
f    265    272    273
f    265    273    274
f    265    274    266
f    266    274    169
f    266    169    168
f    266    168    167
f    273    275    276
f    273    276    277
f    273    277    170
f    273    170    169
f    273    169    274
f    170    277    173
f    170    173    172
f    170    172    171
f    276    278    279
f    276    279    280
f    276    280    281
f    276    281    282
f    276    282    176
f    276    176    175
f    276    175    174
f    276    174    173
f    276    173    277
f    282    183    178
f    282    178    177
f    282    177    176
f    281    283    284
f    281    284    180
f    281    180    183
f    281    183    282
f    284    192    185
f    284    185    181
f    284    181    180
f    285    286    187
f    285    187    192
f    285    192    284
f    285    284    283
f    287    188    187
f    287    187    286
f    288    289    290
f    288    290    189
f    288    189    188
f    288    188    287
f    291    292    293
f    291    293    294
f    291    294    290
f    291    290    289
f    290    294    190
f    290    190    189
f    191    190    294
f    191    294    293
f    191    293    295
f    191    295    296
f    191    296    297
f    191    297    298
f    191    298    299
f    191    299    193
f    194    193    299
f    194    299    300
f    194    300    195
f    195    300    301
f    195    301    302
f    195    302    303
f    195    303    198
f    195    198    196
f    199    198    303
f    199    303    304
f    199    304    202
f    199    202    200
f    303    302    305
f    303    305    306
f    303    306    307
f    303    307    304
f    202    304    307
f    202    307    308
f    202    308    207
f    202    207    203
f    308    307    306
f    308    306    309
f    308    309    310
f    308    310    311
f    308    311    312
f    208    207    308
f    208    308    312
f    208    312    209
f    209    312    311
f    209    311    210
f    211    313    314
f    211    314    315
f    211    315    316
f    211    316    212
f    213    212    316
f    213    316    317
f    213    317    318
f    213    318    214
f    216    215    319
f    216    319    320
f    216    320    321
f    220    217    216
f    220    216    321
f    220    321    322
f    323    221    220
f    323    220    322
f    323    322    324
f    323    324    325
f    225    222    221
f    225    221    323
f    225    323    326
f    327    326    323
f    327    323    325
f    327    325    328
f    327    328    329
f    230    226    225
f    230    225    326
f    230    326    327
f    230    327    330
f    331    330    327
f    331    327    329
f    331    329    332
f    331    332    333
f    331    333    334
f    241    232    228
f    241    228    230
f    241    230    330
f    241    330    331
f    241    331    242
f    236    242    331
f    236    331    334
f    236    334    335
f    236    335    336
f    236    336    237
f    233    239    337
f    233    337    338
f    233    338    339
f    233    339    340
f    233    340    341
f    341    342    243
f    341    243    234
f    341    234    233
f    342    343    344
f    342    344    345
f    342    345    244
f    342    244    243
f    345    346    347
f    345    347    245
f    345    245    244
f    245    347    348
f    245    348    349
f    245    349    247
f    245    247    246
f    349    350    253
f    349    253    250
f    349    250    248
f    349    248    247
f    351    352    353
f    351    353    254
f    351    254    253
f    351    253    350
f    353    354    355
f    353    355    256
f    353    256    255
f    353    255    254
f    256    355    356
f    256    356    357
f    256    357    358
f    256    358    359
f    256    359    257
f    257    359    360
f    257    360    260
f    257    260    258
f    360    361    362
f    360    362    363
f    360    363    261
f    360    261    260
f    262    364    267
f    262    267    263
f    365    366    367
f    365    367    368
f    365    368    369
f    365    369    268
f    365    268    267
f    365    267    364
f    268    369    370
f    268    370    371
f    268    371    269
f    269    371    372
f    269    372    271
f    269    271    270
f    271    372    373
f    271    373    374
f    271    374    272
f    272    374    375
f    272    375    376
f    272    376    275
f    272    275    273
f    376    377    378
f    376    378    278
f    376    278    276
f    376    276    275
f    378    379    380
f    378    380    381
f    378    381    279
f    378    279    278
f    279    381    382
f    279    382    383
f    279    383    280
f    280    383    384
f    280    384    385
f    280    385    285
f    280    285    283
f    280    283    281
f    384    386    387
f    384    387    388
f    384    388    389
f    384    389    385
f    385    389    390
f    385    390    288
f    385    288    287
f    385    287    286
f    385    286    285
f    388    391    392
f    388    392    393
f    388    393    390
f    388    390    389
f    390    393    291
f    390    291    289
f    390    289    288
f    392    394    395
f    392    395    396
f    392    396    397
f    392    397    292
f    392    292    291
f    392    291    393
f    396    398    399
f    396    399    400
f    396    400    401
f    396    401    402
f    396    402    397
f    293    292    397
f    293    397    402
f    293    402    295
f    295    402    401
f    295    401    403
f    295    403    404
f    295    404    405
f    295    405    296
f    296    405    406
f    296    406    297
f    297    406    407
f    297    407    408
f    297    408    409
f    297    409    298
f    299    298    409
f    299    409    410
f    299    410    411
f    299    411    412
f    299    412    301
f    299    301    300
f    301    412    413
f    301    413    414
f    301    414    415
f    301    415    305
f    301    305    302
f    306    305    415
f    306    415    416
f    306    416    309
f    416    415    414
f    416    414    417
f    416    417    418
f    310    309    416
f    310    416    418
f    310    418    419
f    419    418    417
f    419    417    420
f    419    420    421
f    419    421    422
f    210    311    310
f    210    310    419
f    210    419    422
f    210    422    313
f    210    313    211
f    422    421    423
f    422    423    424
f    422    424    425
f    422    425    426
f    422    426    427
f    422    427    314
f    422    314    313
f    314    427    428
f    314    428    429
f    314    429    430
f    314    430    431
f    314    431    315
f    316    315    431
f    316    431    432
f    316    432    433
f    316    433    317
f    317    433    434
f    317    434    435
f    317    435    318
f    214    318    435
f    214    435    436
f    214    436    437
f    214    437    319
f    214    319    215
f    320    319    437
f    320    437    438
f    320    438    439
f    322    321    320
f    322    320    439
f    322    439    440
f    322    440    441
f    322    441    324
f    325    324    441
f    325    441    442
f    325    442    443
f    325    443    328
f    329    328    443
f    329    443    444
f    329    444    445
f    329    445    332
f    332    445    446
f    332    446    333
f    334    333    446
f    334    446    447
f    334    447    448
f    334    448    335
f    335    448    449
f    335    449    450
f    335    450    336
f    237    336    450
f    237    450    451
f    237    451    452
f    237    452    238
f    239    238    452
f    239    452    453
f    239    453    454
f    239    454    337
f    339    455    456
f    339    456    457
f    339    457    340
f    340    457    458
f    340    458    343
f    340    343    342
f    340    342    341
f    458    459    460
f    458    460    461
f    458    461    344
f    458    344    343
f    344    461    462
f    344    462    463
f    344    463    346
f    344    346    345
f    463    464    465
f    463    465    466
f    463    466    348
f    463    348    347
f    463    347    346
f    348    466    467
f    348    467    468
f    348    468    351
f    348    351    350
f    348    350    349
f    468    469    470
f    468    470    352
f    468    352    351
f    470    471    472
f    470    472    473
f    470    473    354
f    470    354    353
f    470    353    352
f    473    474    475
f    473    475    476
f    473    476    356
f    473    356    355
f    473    355    354
f    356    476    477
f    356    477    357
f    357    477    478
f    357    478    479
f    357    479    480
f    357    480    358
f    358    480    481
f    358    481    361
f    358    361    360
f    358    360    359
f    481    482    483
f    481    483    362
f    481    362    361
f    261    363    484
f    261    484    365
f    261    365    364
f    261    364    262
f    484    485    486
f    484    486    366
f    484    366    365
f    367    487    488
f    367    488    368
f    368    488    489
f    368    489    490
f    368    490    370
f    368    370    369
f    370    490    491
f    370    491    492
f    370    492    373
f    370    373    372
f    370    372    371
f    373    492    493
f    373    493    375
f    373    375    374
f    375    493    494
f    375    494    495
f    375    495    377
f    375    377    376
f    495    496    497
f    495    497    498
f    495    498    379
f    495    379    378
f    495    378    377
f    498    499    500
f    498    500    380
f    498    380    379
f    380    500    501
f    380    501    502
f    380    502    382
f    380    382    381
f    382    502    503
f    382    503    504
f    382    504    386
f    382    386    384
f    382    384    383
f    504    505    387
f    504    387    386
f    387    505    506
f    387    506    507
f    387    507    391
f    387    391    388
f    507    508    509
f    507    509    394
f    507    394    392
f    507    392    391
f    509    510    511
f    509    511    395
f    509    395    394
f    395    511    512
f    395    512    398
f    395    398    396
f    512    513    514
f    512    514    515
f    512    515    399
f    512    399    398
f    399    515    516
f    399    516    517
f    399    517    400
f    401    400    517
f    401    517    518
f    401    518    403
f    403    518    519
f    403    519    520
f    403    520    521
f    403    521    404
f    404    521    522
f    404    522    407
f    404    407    406
f    404    406    405
f    407    522    523
f    407    523    524
f    407    524    525
f    407    525    408
f    409    408    525
f    409    525    526
f    409    526    410
f    410    526    527
f    410    527    528
f    410    528    529
f    410    529    530
f    410    530    411
f    413    412    411
f    413    411    530
f    413    530    531
f    413    531    532
f    413    532    533
f    533    532    534
f    533    534    535
f    533    535    536
f    533    536    537
f    417    414    413
f    417    413    533
f    417    533    537
f    417    537    538
f    417    538    420
f    537    536    539
f    537    539    540
f    537    540    541
f    537    541    538
f    420    538    541
f    420    541    423
f    420    423    421
f    423    541    540
f    423    540    542
f    423    542    543
f    423    543    544
f    423    544    424
f    545    425    424
f    545    424    544
f    545    544    546
f    547    548    426
f    547    426    425
f    547    425    545
f    547    545    549
f    428    427    426
f    428    426    548
f    428    548    550
f    428    550    551
f    552    429    428
f    552    428    551
f    552    551    553
f    554    432    431
f    554    431    430
f    554    430    555
f    554    555    556
f    557    434    433
f    557    433    432
f    557    432    554
f    435    434    557
f    435    557    558
f    435    558    559
f    435    559    436
f    437    436    559
f    437    559    560
f    437    560    561
f    437    561    438
f    439    438    561
f    439    561    562
f    439    562    563
f    439    563    440
f    441    440    563
f    441    563    564
f    441    564    565
f    441    565    442
f    443    442    565
f    443    565    566
f    443    566    567
f    443    567    444
f    446    445    444
f    446    444    567
f    446    567    568
f    446    568    447
f    447    568    569
f    447    569    570
f    447    570    449
f    447    449    448
f    450    449    570
f    450    570    571
f    450    571    572
f    450    572    451
f    452    451    572
f    452    572    573
f    452    573    453
f    337    454    574
f    337    574    575
f    337    575    338
f    338    575    576
f    338    576    577
f    338    577    455
f    338    455    339
f    456    578    579
f    456    579    459
f    456    459    458
f    456    458    457
f    579    580    581
f    579    581    460
f    579    460    459
f    460    581    582
f    460    582    583
f    460    583    584
f    460    584    585
f    460    585    462
f    460    462    461
f    462    585    586
f    462    586    464
f    462    464    463
f    465    587    588
f    465    588    467
f    465    467    466
f    467    588    589
f    467    589    590
f    467    590    591
f    467    591    469
f    467    469    468
f    591    592    593
f    591    593    471
f    591    471    470
f    591    470    469
f    593    594    595
f    593    595    596
f    593    596    472
f    593    472    471
f    472    596    597
f    472    597    598
f    472    598    474
f    472    474    473
f    598    599    600
f    598    600    475
f    598    475    474
f    475    600    601
f    475    601    478
f    475    478    477
f    475    477    476
f    478    601    602
f    478    602    603
f    478    603    604
f    478    604    479
f    479    604    605
f    479    605    482
f    479    482    481
f    479    481    480
f    605    606    607
f    605    607    483
f    605    483    482
f    362    483    607
f    362    607    485
f    362    485    484
f    362    484    363
f    486    608    487
f    486    487    367
f    486    367    366
f    609    610    611
f    609    611    489
f    609    489    488
f    609    488    487
f    609    487    608
f    489    611    612
f    489    612    491
f    489    491    490
f    491    612    613
f    491    613    614
f    491    614    494
f    491    494    493
f    491    493    492
f    494    614    615
f    494    615    616
f    494    616    496
f    494    496    495
f    616    617    618
f    616    618    497
f    616    497    496
f    497    618    619
f    497    619    620
f    497    620    499
f    497    499    498
f    620    621    622
f    620    622    501
f    620    501    500
f    620    500    499
f    501    622    623
f    501    623    503
f    501    503    502
f    503    623    624
f    503    624    625
f    503    625    506
f    503    506    505
f    503    505    504
f    625    626    627
f    625    627    508
f    625    508    507
f    625    507    506
f    627    628    629
f    627    629    510
f    627    510    509
f    627    509    508
f    629    630    513
f    629    513    512
f    629    512    511
f    629    511    510
f    631    632    514
f    631    514    513
f    631    513    630
f    631    630    633
f    514    632    634
f    514    634    516
f    514    516    515
f    517    516    634
f    517    634    635
f    517    635    519
f    517    519    518
f    519    635    636
f    519    636    637
f    519    637    520
f    520    637    638
f    520    638    523
f    520    523    522
f    520    522    521
f    523    638    639
f    523    639    640
f    523    640    641
f    523    641    524
f    525    524    641
f    525    641    642
f    525    642    643
f    525    643    527
f    525    527    526
f    528    527    643
f    528    643    644
f    528    644    645
f    646    529    528
f    646    528    645
f    646    645    647
f    646    647    648
f    649    531    530
f    649    530    529
f    649    529    646
f    649    646    650
f    534    532    531
f    534    531    649
f    534    649    651
f    534    651    652
f    653    654    535
f    653    535    534
f    653    534    652
f    653    652    655
f    539    536    535
f    539    535    654
f    539    654    656
f    657    542    540
f    657    540    539
f    657    539    656
f    657    656    658
f    543    542    657
f    543    657    659
f    543    659    660
f    546    544    543
f    546    543    660
f    546    660    661
f    546    661    662
f    663    549    545
f    663    545    546
f    663    546    662
f    663    662    664
f    550    548    547
f    550    547    665
f    553    551    550
f    553    550    665
f    553    665    666
f    553    666    667
f    555    430    429
f    555    429    552
f    555    552    668
f    669    556    555
f    669    555    668
f    669    668    670
f    669    670    671
f    672    558    557
f    672    557    554
f    672    554    556
f    672    556    669
f    560    559    558
f    560    558    672
f    560    672    673
f    560    673    674
f    562    561    560
f    562    560    674
f    562    674    675
f    562    675    676
f    677    564    563
f    677    563    562
f    677    562    676
f    677    676    678
f    565    564    677
f    565    677    679
f    565    679    566
f    567    566    679
f    567    679    680
f    567    680    681
f    567    681    569
f    567    569    568
f    570    569    681
f    570    681    682
f    570    682    683
f    570    683    571
f    572    571    683
f    572    683    684
f    572    684    685
f    572    685    573
f    453    573    685
f    453    685    574
f    453    574    454
f    576    686    687
f    576    687    688
f    576    688    577
f    577    688    578
f    577    578    456
f    577    456    455
f    689    690    691
f    689    691    582
f    689    582    581
f    689    581    580
f    582    691    583
f    586    692    693
f    586    693    587
f    586    587    465
f    586    465    464
f    693    694    589
f    693    589    588
f    693    588    587
f    590    695    696
f    590    696    592
f    590    592    591
f    696    697    698
f    696    698    594
f    696    594    593
f    696    593    592
f    698    699    700
f    698    700    701
f    698    701    595
f    698    595    594
f    595    701    702
f    595    702    703
f    595    703    704
f    595    704    597
f    595    597    596
f    597    704    705
f    597    705    599
f    597    599    598
f    703    706    707
f    703    707    705
f    703    705    704
f    705    707    602
f    705    602    601
f    705    601    600
f    705    600    599
f    602    707    706
f    602    706    708
f    602    708    709
f    602    709    710
f    602    710    711
f    602    711    603
f    603    711    712
f    603    712    606
f    603    606    605
f    603    605    604
f    607    606    712
f    607    712    609
f    607    609    608
f    607    608    486
f    607    486    485
f    710    713    714
f    710    714    715
f    710    715    716
f    710    716    610
f    710    610    609
f    710    609    712
f    710    712    711
f    716    717    613
f    716    613    612
f    716    612    611
f    716    611    610
f    613    717    718
f    613    718    719
f    613    719    720
f    613    720    615
f    613    615    614
f    615    720    721
f    615    721    617
f    615    617    616
f    721    722    619
f    721    619    618
f    721    618    617
f    619    722    723
f    619    723    724
f    619    724    725
f    619    725    621
f    619    621    620
f    725    726    727
f    725    727    624
f    725    624    623
f    725    623    622
f    725    622    621
f    624    727    728
f    624    728    626
f    624    626    625
f    729    730    628
f    729    628    627
f    729    627    626
f    729    626    728
f    731    633    630
f    731    630    629
f    731    629    628
f    731    628    730
f    732    733    631
f    732    631    633
f    732    633    731
f    734    636    635
f    734    635    634
f    734    634    632
f    734    632    631
f    734    631    733
f    735    639    638
f    735    638    637
f    735    637    636
f    735    636    734
f    640    639    735
f    640    735    736
f    640    736    737
f    642    641    640
f    642    640    737
f    642    737    738
f    642    738    739
f    644    643    642
f    644    642    739
f    644    739    740
f    644    740    741
f    647    645    644
f    647    644    741
f    647    741    742
f    647    742    743
f    744    648    647
f    744    647    743
f    744    743    745
f    744    745    746
f    747    650    646
f    747    646    648
f    747    648    744
f    747    744    748
f    749    651    649
f    749    649    650
f    749    650    747
f    749    747    750
f    655    652    651
f    655    651    749
f    655    749    751
f    658    656    654
f    658    654    653
f    658    653    752
f    753    659    657
f    753    657    658
f    753    658    752
f    753    752    754
f    753    754    755
f    661    660    659
f    661    659    753
f    661    753    756
f    664    662    661
f    664    661    756
f    664    756    757
f    666    665    547
f    666    547    549
f    666    549    663
f    666    663    758
f    759    667    666
f    759    666    758
f    759    758    760
f    759    760    761
f    670    668    552
f    670    552    553
f    670    553    667
f    670    667    759
f    670    759    762
f    763    671    670
f    763    670    762
f    763    762    764
f    765    673    672
f    765    672    669
f    765    669    671
f    765    671    763
f    765    763    766
f    675    674    673
f    675    673    765
f    675    765    767
f    675    767    768
f    678    676    675
f    678    675    768
f    678    768    769
f    680    679    677
f    680    677    678
f    680    678    769
f    680    769    770
f    680    770    771
f    682    681    680
f    682    680    771
f    682    771    772
f    682    772    773
f    684    683    682
f    684    682    773
f    684    773    774
f    684    774    775
f    574    685    684
f    574    684    775
f    574    775    776
f    574    776    686
f    574    686    576
f    574    576    575
f    776    777    778
f    776    778    779
f    776    779    687
f    776    687    686
f    687    779    689
f    687    689    580
f    687    580    579
f    687    579    578
f    687    578    688
f    583    691    690
f    583    690    780
f    583    780    781
f    583    781    782
f    583    782    584
f    584    782    692
f    584    692    586
f    584    586    585
f    589    694    783
f    589    783    784
f    589    784    695
f    589    695    590
f    784    785    786
f    784    786    697
f    784    697    696
f    784    696    695
f    786    787    699
f    786    699    698
f    786    698    697
f    788    789    700
f    788    700    699
f    788    699    787
f    700    789    790
f    700    790    791
f    700    791    702
f    700    702    701
f    792    793    794
f    792    794    791
f    792    791    790
f    702    791    794
f    702    794    795
f    702    795    708
f    702    708    706
f    702    706    703
f    794    793    796
f    794    796    797
f    794    797    798
f    794    798    795
f    795    798    709
f    795    709    708
f    709    798    797
f    709    797    799
f    709    799    713
f    709    713    710
f    799    800    801
f    799    801    714
f    799    714    713
f    715    802    718
f    715    718    717
f    715    717    716
f    803    804    719
f    803    719    718
f    803    718    802
f    719    804    805
f    719    805    723
f    719    723    722
f    719    722    721
f    719    721    720
f    806    724    723
f    806    723    805
f    806    805    807
f    808    726    725
f    808    725    724
f    808    724    806
f    809    810    729
f    809    729    728
f    809    728    727
f    809    727    726
f    809    726    808
f    811    812    732
f    811    732    731
f    811    731    730
f    811    730    729
f    811    729    810
f    813    814    815
f    813    815    812
f    813    812    811
f    815    736    735
f    815    735    734
f    815    734    733
f    815    733    732
f    815    732    812
f    738    737    736
f    738    736    815
f    738    815    814
f    738    814    816
f    817    740    739
f    817    739    738
f    817    738    816
f    817    816    818
f    741    740    817
f    741    817    819
f    741    819    820
f    741    820    742
f    743    742    820
f    743    820    821
f    743    821    822
f    743    822    745
f    746    745    822
f    746    822    823
f    746    823    824
f    825    748    744
f    825    744    746
f    825    746    824
f    825    824    826
f    825    826    827
f    828    750    747
f    828    747    748
f    828    748    825
f    829    751    749
f    829    749    750
f    829    750    828
f    829    828    830
f    829    830    831
f    754    752    653
f    754    653    655
f    754    655    751
f    754    751    829
f    754    829    832
f    833    755    754
f    833    754    832
f    833    832    834
f    757    756    753
f    757    753    755
f    757    755    833
f    757    833    835
f    760    758    663
f    760    663    664
f    760    664    757
f    760    757    835
f    760    835    836
f    837    761    760
f    837    760    836
f    837    836    838
f    837    838    839
f    764    762    759
f    764    759    761
f    764    761    837
f    764    837    840
f    841    766    763
f    841    763    764
f    841    764    840
f    841    840    842
f    843    767    765
f    843    765    766
f    843    766    841
f    769    768    767
f    769    767    843
f    769    843    844
f    769    844    770
f    771    770    844
f    771    844    845
f    771    845    772
f    773    772    845
f    773    845    846
f    773    846    847
f    773    847    848
f    773    848    774
f    775    774    848
f    775    848    849
f    775    849    777
f    775    777    776
f    849    850    851
f    849    851    778
f    849    778    777
f    778    851    780
f    778    780    690
f    778    690    689
f    778    689    779
f    781    852    853
f    781    853    854
f    781    854    783
f    781    783    694
f    781    694    693
f    781    693    692
f    781    692    782
f    854    855    856
f    854    856    857
f    854    857    858
f    854    858    859
f    854    859    785
f    854    785    784
f    854    784    783
f    859    860    788
f    859    788    787
f    859    787    786
f    859    786    785
f    858    861    862
f    858    862    863
f    858    863    860
f    858    860    859
f    863    864    792
f    863    792    790
f    863    790    789
f    863    789    788
f    863    788    860
f    862    865    866
f    862    866    864
f    862    864    863
f    866    867    796
f    866    796    793
f    866    793    792
f    866    792    864
f    868    869    870
f    868    870    867
f    868    867    866
f    868    866    865
f    870    800    799
f    870    799    797
f    870    797    796
f    870    796    867
f    871    872    801
f    871    801    800
f    871    800    870
f    871    870    869
f    873    874    872
f    873    872    871
f    714    801    872
f    714    872    874
f    714    874    875
f    714    875    876
f    714    876    877
f    714    877    803
f    714    803    802
f    714    802    715
f    878    879    880
f    878    880    881
f    878    881    882
f    878    882    877
f    878    877    876
f    877    882    807
f    877    807    805
f    877    805    804
f    877    804    803
f    883    884    809
f    883    809    808
f    883    808    806
f    883    806    807
f    883    807    882
f    883    882    881
f    883    881    885
f    886    887    813
f    886    813    811
f    886    811    810
f    886    810    809
f    886    809    884
f    888    889    887
f    888    887    886
f    818    816    814
f    818    814    813
f    818    813    887
f    818    887    889
f    890    819    817
f    890    817    818
f    890    818    889
f    890    889    888
f    891    821    820
f    891    820    819
f    891    819    890
f    891    890    892
f    822    821    891
f    822    891    893
f    822    893    823
f    824    823    893
f    824    893    894
f    824    894    895
f    824    895    896
f    824    896    826
f    827    826    896
f    827    896    897
f    827    897    898
f    827    898    899
f    899    898    900
f    899    900    901
f    899    901    902
f    903    830    828
f    903    828    825
f    903    825    827
f    903    827    899
f    903    899    902
f    903    902    904
f    905    831    830
f    905    830    903
f    905    903    906
f    834    832    829
f    834    829    831
f    834    831    905
f    834    905    907
f    836    835    833
f    836    833    834
f    836    834    907
f    836    907    908
f    836    908    838
f    839    838    908
f    839    908    909
f    839    909    910
f    842    840    837
f    842    837    839
f    842    839    910
f    842    910    911
f    842    911    912
f    912    911    913
f    912    913    914
f    845    844    843
f    845    843    841
f    845    841    842
f    845    842    912
f    845    912    914
f    845    914    915
f    845    915    916
f    845    916    917
f    845    917    846
f    846    917    918
f    846    918    919
f    846    919    920
f    846    920    847
f    848    847    920
f    848    920    921
f    848    921    850
f    848    850    849
f    920    919    853
f    920    853    852
f    920    852    921
f    921    852    781
f    921    781    780
f    921    780    851
f    921    851    850
f    922    923    856
f    922    856    855
f    856    923    924
f    856    924    925
f    856    925    926
f    856    926    927
f    856    927    857
f    857    927    928
f    857    928    861
f    857    861    858
f    926    929    930
f    926    930    928
f    926    928    927
f    928    930    931
f    928    931    868
f    928    868    865
f    928    865    862
f    928    862    861
f    932    933    934
f    932    934    931
f    932    931    930
f    932    930    929
f    931    934    873
f    931    873    871
f    931    871    869
f    931    869    868
f    935    875    874
f    935    874    873
f    935    873    934
f    935    934    933
f    936    937    878
f    936    878    876
f    936    876    875
f    936    875    935
f    938    879    878
f    938    878    937
f    938    937    939
f    940    941    880
f    940    880    879
f    940    879    938
f    885    881    880
f    885    880    941
f    885    941    942
f    885    942    943
f    885    943    944
f    945    946    947
f    945    947    883
f    945    883    885
f    945    885    944
f    945    944    948
f    945    948    949
f    950    892    890
f    950    890    888
f    950    888    886
f    950    886    884
f    950    884    883
f    950    883    947
f    894    893    891
f    894    891    892
f    894    892    950
f    951    895    894
f    951    894    950
f    951    950    947
f    951    947    946
f    951    946    952
f    953    897    896
f    953    896    895
f    953    895    951
f    900    898    897
f    900    897    953
f    900    953    954
f    955    901    900
f    955    900    954
f    955    954    956
f    904    902    901
f    904    901    955
f    904    955    957
f    958    906    903
f    958    903    904
f    958    904    957
f    958    957    959
f    908    907    905
f    908    905    906
f    908    906    958
f    908    958    909
f    910    909    958
f    910    958    959
f    910    959    960
f    910    960    961
f    910    961    962
f    910    962    963
f    910    963    913
f    910    913    911
f    914    913    963
f    914    963    915
f    915    963    962
f    915    962    964
f    915    964    965
f    915    965    966
f    915    966    967
f    915    967    968
f    915    968    916
f    916    968    969
f    916    969    918
f    916    918    917
f    967    970    924
f    967    924    923
f    967    923    922
f    967    922    969
f    967    969    968
f    918    969    922
f    918    922    855
f    918    855    854
f    918    854    853
f    918    853    919
f    971    972    925
f    971    925    924
f    971    924    970
f    973    974    975
f    973    975    976
f    973    976    972
f    973    972    971
f    925    972    976
f    925    976    977
f    925    977    932
f    925    932    929
f    925    929    926
f    975    978    979
f    975    979    977
f    975    977    976
f    977    979    936
f    977    936    935
f    977    935    933
f    977    933    932
f    980    939    937
f    980    937    936
f    980    936    979
f    980    979    978
f    981    982    940
f    981    940    938
f    981    938    939
f    981    939    980
f    942    941    940
f    942    940    982
f    942    982    983
f    942    983    984
f    942    984    985
f    986    943    942
f    986    942    985
f    986    985    987
f    948    944    943
f    948    943    986
f    948    986    988
f    952    946    945
f    952    945    989
f    990    989    945
f    990    945    949
f    990    949    991
f    956    954    953
f    956    953    951
f    956    951    952
f    956    952    989
f    956    989    990
f    956    990    992
f    960    992    990
f    960    990    991
f    960    991    993
f    960    993    994
f    960    994    961
f    959    957    955
f    959    955    956
f    959    956    992
f    959    992    960
f    962    961    994
f    962    994    995
f    962    995    964
f    964    995    996
f    964    996    997
f    964    997    965
f    965    997    998
f    965    998    999
f    965    999   1000
f    965   1000   1001
f    965   1001    966
f   1000   1002   1003
f   1000   1003   1001
f    966   1001   1003
f    966   1003    973
f    966    973    971
f    966    971    970
f    966    970    967
f   1003   1002   1004
f   1003   1004   1005
f   1003   1005    974
f   1003    974    973
f   1006   1007   1008
f   1006   1008   1005
f   1006   1005   1004
f   1005   1008    981
f   1005    981    980
f   1005    980    978
f   1005    978    975
f   1005    975    974
f   1009    983    982
f   1009    982    981
f   1009    981   1008
f   1009   1008   1007
f   1010   1011    984
f   1010    984    983
f   1010    983   1009
f    987    985    984
f    987    984   1011
f    987   1011   1012
f    987   1012   1013
f    991    949    948
f    991    948    988
f    991    988   1014
f    991   1014    993
f   1014    988    986
f   1014    986    987
f   1014    987   1013
f   1014   1013   1015
f   1014   1015   1016
f    994    993   1014
f    994   1014   1016
f    994   1016    996
f    994    996    995
f    996   1016   1015
f    996   1015   1017
f    996   1017    998
f    996    998    997
f    998   1017   1018
f    998   1018   1019
f    998   1019    999
f    999   1019   1020
f    999   1020   1006
f    999   1006   1004
f    999   1004   1002
f    999   1002   1000
f   1020   1021   1010
f   1020   1010   1009
f   1020   1009   1007
f   1020   1007   1006
f   1012   1011   1010
f   1012   1010   1021
f   1012   1021   1022
f   1015   1013   1012
f   1015   1012   1022
f   1015   1022   1018
f   1015   1018   1017
f   1018   1022   1021
f   1018   1021   1020
f   1018   1020   1019
f    153    152    147
f    153    147    148
f    153    148    231
f    153    231    232
f    153    232    241
