v    -1.032622    -6.445767    56.305703
v     0.596063    -8.074320    56.305703
v    49.114899    -8.074320    51.526984
v     8.105066    32.935512    51.526984
v     2.014019    33.743088    52.047369
v    -1.032622    30.409651    52.675747
v    -9.700242    29.260493    51.935304
v   -44.301750    -5.341015    51.935304
v   -39.896274    -6.445767    52.478024
v   -27.535899   -18.806141    52.478024
v     0.596063   -22.535681    54.881441
v    12.429089   -35.482787    52.440713
v    20.561478   -39.991132    51.195781
v    21.553902   -39.859492    51.111043
v    52.492216    -8.921179    51.111043
v    53.514332    -8.921179    50.942880
v    58.762331   -11.434690    49.666812
v    83.947631   -11.434690    42.026957
v    84.052733   -11.344434    41.983733
v    71.554543    18.828870    41.983733
v    62.303870    22.577722    44.318834
v    43.416800    41.464792    44.318834
v    41.864314    42.355793    44.427615
v    37.154042    46.328118    43.814345
v     2.014019    60.883546    43.814345
v     0.544169    64.345996    42.579398
v    -4.793167    70.553969    40.025554
v    -9.435911    70.201090    39.549311
v   -61.486564    48.641017    39.549311
v   -63.281441    44.211892    40.667332
v   -67.338505    40.154828    40.667332
v   -67.820397    31.448583    42.019599
v   -57.554571    -5.341015    49.756280
v   -77.351298     8.438892    42.019599
v   -77.749371     3.202060    42.556801
v   -76.785718     1.476287    43.066020
v   -68.711529    -5.465560    46.387502
v   -57.814567    -5.465560    49.693087
v   -68.543366    -7.678218    46.160482
v   -62.750414   -21.663467    46.160482
v   -62.647283   -21.705245    46.186495
v   -62.307804   -21.568087    46.306705
v   -41.551234   -22.716982    49.530574
v   -15.937250   -33.326491    49.530574
v    28.118040   -48.780277    47.580146
v    46.343625   -58.957948    42.202739
v    49.679821   -58.704390    41.860370
v    64.652766   -52.502459    41.860370
v    64.877158   -51.948441    42.000287
v    68.935010   -47.890721    42.000287
v    69.901685   -47.498953    41.756188
v    83.747018   -14.073272    41.756188
v    97.153944   -10.409158    35.114800
v    98.805620    -9.453651    34.095181
v   102.170719    -6.311499    31.846526
v   101.947247    -3.117979    31.508492
v    97.927625    11.883869    31.508492
v    95.440127    13.352668    32.627696
v    87.018313   -10.409158    40.532539
v    92.766729    15.967734    33.315982
v    80.004340    19.117243    38.274951
v    61.822504    37.299079    38.274951
v    22.487470    61.322083    39.954348
v    10.754816    67.964916    39.182637
v     5.384504    71.808229    37.897504
v    -4.793167    74.535360    37.897504
v    -5.458725    75.685831    37.187278
v    -7.699891    78.085832    35.583423
v    -8.931159    78.691088    35.083533
v   -11.966370    79.575914    34.175978
v   -24.849101    78.511495    32.899778
v   -27.660182    78.222071    32.651869
v   -30.169621    77.549682    32.651869
v   -43.464745    76.813180    30.587143
v   -44.405276    76.733040    30.453269
v   -59.630596    71.552174    29.966122
v   -60.528297    71.180245    29.966122
v   -60.861864    70.991456    29.988062
v   -62.202702    69.620665    30.340942
v   -67.641461    68.389659    28.554998
v   -89.404906    46.626345    28.554998
v   -89.589886    45.809178    28.823271
v   -85.838537    40.786359    32.547293
v   -86.241077    33.520798    33.675693
v   -89.600002    20.985035    33.675693
v   -90.041167    14.679579    34.342958
v   -76.585499    -1.385243    42.763195
v   -72.162944   -17.890704    42.763195
v   -71.936580   -21.977065    42.128511
v   -75.334130   -26.526400    38.755661
v   -65.954050   -35.906348    38.755661
v   -63.153742   -36.540244    39.675171
v   -62.974412   -36.723515    39.628006
v   -30.583591   -38.517604    44.658313
v     0.508172   -46.848635    44.658313
v    50.550590   -63.463403    39.191965
v    53.179057   -64.755367    38.124918
v    55.017026   -64.626749    37.930480
v    61.493272   -62.891386    37.930480
v    61.847728   -62.871810    37.875432
v    64.035424   -60.635243    38.451259
v    64.821586   -57.449605    39.688965
v    71.607225   -50.663965    39.688965
v    72.304971   -47.581064    40.701359
v    89.620242   -30.643897    36.243726
v    92.129024   -29.162355    35.114800
v   105.360036    -6.311499    29.229095
v   105.412061    -6.253299    29.176807
v   104.826250     1.581389    28.378690
v   104.406368     3.692098    28.378690
v   103.936168    10.332040    27.422394
v   103.653181    10.885927    27.520664
v   102.927453    11.675110    27.896535
v   101.810089    16.590988    26.285717
v    94.704282    27.225721    26.285717
v    93.757840    27.644421    26.781141
v    88.290309    33.111952    26.781141
v    68.615238    37.875694    34.473285
v    39.214959    57.520417    34.473285
v    -0.218345    76.961242    35.229493
v    -1.646680    77.062403    35.435230
v    -6.245675    77.977183    35.435230
v   -64.588646    70.144466    28.766910
v   -66.065590    69.672296    28.384339
v   -68.126375    68.935269    27.908753
v   -68.796268    68.487666    27.908753
v   -76.528350    66.615539    24.885760
v   -81.030914    65.362462    23.209517
v   -83.104180    64.214093    22.732354
v   -86.651106    61.878861    22.107392
v   -90.266479    58.263487    22.107392
v   -90.359888    57.877632    22.258082
v   -96.022252    49.403399    22.258082
v   -96.837448    45.816929    23.433252
v   -96.621727    45.515681    23.743172
v   -96.922712    41.264573    24.355521
v  -100.121356    25.184249    24.355521
v  -100.280980    23.048841    24.572951
v   -92.786822    14.679579    32.089574
v   -92.669765    13.114875    31.930214
v   -85.096912   -24.956440    31.930214
v   -84.724588   -30.214950    31.172823
v   -81.060343   -30.368005    33.819945
v   -81.643527   -37.238120    29.975056
v   -88.777711   -35.876131    25.349391
v   -86.678301   -39.018152    25.349391
v   -81.969211   -37.563804    29.571202
v   -75.192899   -42.091593    29.571202
v   -62.631123   -44.946686    33.687385
v   -56.604188   -50.489496    30.817447
v   -17.285445   -53.273776    36.480599
v    23.934985   -61.473036    36.480599
v    57.879213   -68.964172    33.903633
v    60.923620   -68.358523    33.903633
v    61.243261   -66.875010    35.068950
v    61.725547   -65.798766    35.760914
v    66.045366   -62.912275    35.760914
v    66.943724   -60.882101    36.823625
v    72.041822   -55.784003    36.823625
v    75.855706   -54.096329    34.827347
v    92.527097   -29.145801    34.827347
v    95.089481   -27.997694    33.180006
v   102.566297   -19.868064    29.308841
v   103.254320   -19.321403    28.833387
v   105.069561   -10.195276    28.833387
v   105.839300    -6.253299    28.656290
v   105.281341     0.574119    28.018584
v   105.025155     2.192162    28.018584
v   104.392442     9.588181    27.075689
v   104.255152     9.909662    27.158194
v   102.173873    16.804739    25.737085
v   101.880376    17.380566    25.737085
v    99.326400    26.923816    22.229442
v    99.346763    26.995811    22.142733
v    99.313262    27.304416    21.884445
v    99.088738    28.167171    21.285101
v    96.563272    33.836629    18.333315
v    87.661800    42.737970    18.333315
v    87.514000    43.050516    18.137169
v    78.158882    51.444872    16.170319
v    51.407171    58.604280    26.003125
v    27.697238    70.685084    26.003125
v    -0.289814    77.680271    34.437025
v    -0.465597    77.813093    34.327062
v    -5.442434    78.238756    34.961483
v    -7.624743    78.584409    34.961483
v   -64.365698    70.221191    28.809739
v   -72.719589    67.705971    26.220423
v   -88.298446    61.144987    21.249630
v   -91.243926    58.199638    21.249630
v   -91.676289    57.995083    20.978335
v   -96.103706    53.060813    19.940848
v   -96.286714    52.377257    20.192173
v   -99.778199    45.524746    20.192173
v  -100.129764    45.272370    19.853220
v  -104.694339    39.227567    16.073099
v  -104.923592    38.978476    15.841744
v  -106.739753    36.045082    14.194798
v  -108.798173    23.048841    14.194798
v  -109.672226    22.061015    12.939224
v  -111.473673    19.385910    10.227859
v  -110.598962     8.683254     9.228077
v  -105.204346   -25.377636     9.228077
v  -104.929504   -28.590469     8.818574
v   -99.258339   -36.100918    13.515314
v   -98.720217   -36.487036    14.033992
v   -91.314870   -37.222749    22.195678
v   -95.735061   -42.345677    14.033992
v   -95.670292   -42.391134    14.082207
v   -93.595449   -42.495184    16.429263
v   -91.674450   -41.267463    19.385648
v   -89.297440   -41.422751    21.471789
v   -89.042568   -41.382418    21.730339
v   -93.481151   -42.609614    16.429263
v   -83.599736   -42.838999    23.730953
v   -74.155150   -47.651220    23.730953
v   -56.446535   -52.077454    29.067370
v   -37.990120   -66.013962    17.525476
v   -31.770585   -68.671069    15.928978
v    -5.159184   -70.947050    19.321404
v    38.465714   -77.856579    19.321404
v    57.935048   -79.447690    21.140192
v    58.646982   -78.817736    22.045119
v    58.646982   -72.361984    29.911601
v    61.927606   -78.298138    22.045119
v    62.755808   -76.698750    23.834085
v    62.300980   -73.551869    27.756487
v    62.518409   -71.363254    30.168575
v    67.253512   -74.407004    23.834085
v    65.476370   -71.626271    28.113570
v    68.127828   -74.655044    22.780438
v    68.294414   -74.580948    22.693729
v    89.681726   -53.193636    22.693729
v    92.859876   -51.690153    20.699158
v    95.925303   -48.273948    19.980919
v    96.650900   -45.562451    20.977416
v   105.019243   -29.138707    20.977416
v   106.764591   -22.156001    23.081687
v   106.596559   -20.437717    24.293117
v   105.862291   -19.062327    25.958982
v   106.298070   -13.967908    26.608380
v   106.389246   -13.392475    26.608380
v   106.771817    -8.710187    27.045867
v   106.283881    -6.913470    27.987317
v   105.742607    -0.746880    27.480988
v   105.470787     1.317583    27.480988
v   104.732446     8.984634    26.648056
v   102.328110    17.032547    25.280943
v   102.198440    17.345619    25.280943
v    98.680023    29.874026    19.827864
v    96.487073    34.483268    17.653963
v    96.286197    34.991173    17.288208
v    92.410171    42.473639    12.993089
v    92.392435    42.600155    12.810343
v    92.160029    43.092294    12.302832
v    89.021030    47.416448     9.204035
v    77.694726    56.107454     9.204035
v    77.121395    56.380193     9.474410
v    68.086970    63.094758     6.266569
v    40.438607    71.264852    15.257772
v    32.199671    74.677641    15.257772
v    11.740540    80.212832    20.649761
v     5.499460    80.425663    25.001766
v    -0.616156    78.670987    32.867459
v    -5.455834    79.137114    33.393232
v    -8.596016    79.550427    33.393232
v   -11.447430    79.800701    33.627346
v   -64.018205    70.365049    28.809739
v   -86.645194    62.529441    21.062285
v   -88.476725    61.123966    21.062285
v   -90.832190    59.903865    19.710281
v   -91.534008    59.202047    19.710281
v   -92.090785    58.797930    19.311288
v   -96.491532    53.062652    19.311288
v   -96.535543    52.970031    19.354905
v  -100.252471    47.968890    17.579209
v  -101.944348    46.170728    15.841744
v  -107.521054    35.143571    13.077565
v  -111.297496    28.439122     8.327617
v  -112.977943    25.778337     5.839067
v  -113.819546    19.385910     5.839067
v  -114.763493    17.642532     3.643620
v  -116.282083    14.137779    -0.060695
v  -115.611402     6.496216    -0.688022
v  -114.093731    -5.031621    -0.688022
v  -113.750442    -8.596545    -1.075323
v  -110.481511   -18.488471     1.903133
v  -109.786393   -20.201106     2.644890
v  -105.075333   -28.564850     8.570402
v  -104.834519   -29.454801     8.335893
v  -100.627685   -39.611189     8.335893
v   -99.473797   -40.837465     9.520654
v   -99.437669   -40.886206     9.537996
v   -98.260528   -41.814781    10.607671
v   -97.654747   -42.604096    10.607671
v   -95.704450   -42.878281    13.422430
v   -95.622602   -42.796433    13.656413
v   -93.797902   -43.011366    15.573471
v   -93.993654   -44.190872    13.422430
v   -93.500726   -44.425512    13.654968
v   -90.773595   -46.452139    12.686717
v   -85.039763   -48.146512    14.551356
v   -49.275171   -62.960753    14.551356
v   -13.525819   -78.947799     3.002893
v    -2.674182   -82.533744    -0.264462
v    13.861233   -84.126037     1.531861
v    32.848676   -86.625885     1.531861
v    52.443606   -88.345615     3.140708
v    52.928783   -88.259300     3.421724
v    56.314246   -86.792472     6.999917
v    58.365309   -85.681808     9.583059
v    58.365309   -81.308650    17.764583
v    60.078075   -85.456233     9.583059
v    61.892002   -84.310622    11.279534
v    62.486747   -83.702214    12.271302
v    62.389922   -82.334050    14.854837
v    62.776435   -80.129538    18.605266
v    67.521916   -81.616599    12.271302
v    66.937286   -80.318853    15.096309
v    67.844972   -81.647341    11.820678
v    71.998730   -79.671163     9.861579
v    80.508172   -73.141577     9.861579
v    82.442966   -72.139300     8.750915
v    90.683873   -63.898524     8.750915
v    91.045160   -63.445404     8.860220
v    91.601149   -62.372314     9.476249
v    99.687819   -51.833355     9.476249
v   101.987579   -46.999588    11.756040
v   102.824059   -45.874078    11.356390
v   105.386311   -37.203436    14.176011
v   105.675998   -36.503983    14.176011
v   107.064920   -31.370151    15.529066
v   107.313880   -24.070563    20.619018
v   107.032075   -15.915183    24.784468
v   107.036017   -15.885097    24.784468
v   107.379174   -11.975833    25.105423
v   107.118784   -10.245988    26.018496
v   106.896888    -8.998823    26.740808
v   105.870174     0.114167    26.740808
v   105.040263     8.200968    26.019415
v   104.753598     8.977671    26.586046
v   102.299995    17.632942    24.676739
v   101.983770    18.817177    24.199314
v    98.539318    30.728898    18.602113
v    96.184774    35.447053    16.716454
v    95.161870    37.601641    15.264866
v    91.668283    44.368888    10.250981
v    91.030578    45.393631     9.238719
v    88.579339    48.616843     7.220500
v    88.079580    49.309202     6.509486
v    83.910845    54.190921     2.634642
v    83.041784    54.917175     2.497616
v    81.789101    56.047152     1.437926
v    70.972016    62.843958     1.437926
v    67.425222    64.614005     2.855488
v    63.306411    66.974594     1.062318
v    39.986012    74.312412     7.422821
v    37.583646    75.153096     7.422821
v    21.996513    79.571842    10.861360
v    17.442711    80.379024    13.471959
v     0.665036    80.921744    25.432947
v    -3.354322    81.374602    25.432947
v    -6.617079    81.673748    25.658785
v   -11.447430    80.707599    30.637986
v   -13.564181    80.513554    30.491369
v   -27.650986    78.926253    30.491369
v   -44.244864    77.223472    29.011140
v   -44.580796    77.233193    28.588237
v   -51.979442    75.135886    26.956004
v   -65.860378    70.278734    26.956004
v   -80.958788    65.527998    22.838113
v   -83.014975    65.189570    19.890268
v   -85.115042    64.141573    19.051030
v   -88.248786    62.172489    19.051030
v   -90.445283    60.955541    17.972422
v   -92.441168    60.186720    14.764450
v   -94.842352    57.785405    14.764450
v   -95.580561    57.155057    14.178507
v   -96.147586    56.774588    13.164668
v  -103.136729    45.651394    13.164668
v  -105.106470    43.125796    10.634866
v  -107.328586    39.248719     8.946798
v  -109.833164    35.153687     5.387917
v  -113.131261    25.728151     5.387917
v  -114.876083    22.194889     1.456056
v  -115.276784    21.109055     0.663982
v  -116.194455    18.718250    -1.473133
v  -116.710505    14.137779    -1.473133
v  -116.912695    13.315225    -2.445194
v  -117.138138    12.188008    -3.607227
v  -116.661633     6.989012    -3.967069
v  -116.176193     2.681412    -3.967069
v  -115.507483    -3.835167    -4.548414
v  -104.839248   -34.339016     2.644890
v  -104.586084   -34.752986     3.004601
v  -103.020329   -37.484978     4.194091
v  -101.739925   -39.126801     5.838673
v   -99.506379   -42.681477     5.838673
v   -99.462368   -42.710906     5.917368
v   -99.090176   -42.446838     7.580605
v   -97.925909   -42.875259     9.504364
v   -97.749470   -43.354918     8.711895
v   -98.193131   -43.980143     5.917368
v   -98.124027   -44.083142     5.733177
v   -89.424613   -49.549360     5.733177
v   -87.207489   -51.278417     3.512243
v   -73.759441   -58.986194    -2.342720
v   -63.203140   -62.307676     0.536415
v   -24.706819   -75.778058     0.536415
v     2.242221   -84.348065    -3.850669
v     3.377321   -84.497441    -3.850669
v    13.350964   -85.669984    -3.418569
v    28.680335   -87.243096    -2.051062
v    37.042634   -88.185203    -2.051062
v    47.238042   -89.119953    -1.345303
v    49.262698   -89.025230    -0.281278
v    51.495456   -88.578678     2.020190
v    55.048688   -88.020456     3.421724
v    57.709736   -86.998997     5.800442
v    59.217554   -86.442614     6.900333
v    59.858938   -86.125863     7.613975
v    65.050314   -84.309309     7.613975
v    65.310309   -84.150342     7.839944
v    67.235382   -83.047035     8.678000
v    69.298006   -82.017694     7.853739
v    73.599563   -79.314736     7.853739
v    75.572982   -78.221414     6.884699
v    82.169044   -72.708164     7.925339
v    82.282686   -72.575078     8.030835
v    89.809294   -65.048470     8.030835
v    96.298021   -57.160969     7.868847
v    97.674855   -55.366617     7.868847
v    98.200496   -54.575200     8.056717
v    99.666536   -51.929260     9.355907
v   102.123555   -48.018945     9.355907
v   103.296623   -45.668341    10.295387
v   104.047970   -44.357327     9.724683
v   105.528330   -39.652704    11.007846
v   106.266408   -37.543441    11.007846
v   107.153731   -34.413507    11.698234
v   107.696319   -20.344307    20.951534
v   108.056293   -17.149473    20.951534
v   108.168621   -15.923328    21.036404
v   107.118784     2.165361    13.607278
v   109.055549   -15.923328    12.031275
v   107.416880     0.714956    12.031275
v   105.995902     7.301033    18.437892
v   101.029444    23.673409    18.437892
v    98.866711    30.379960    17.014024
v    98.410306    31.467239    15.608024
v    96.486285    35.655548    12.062149
v    94.305158    39.736260    12.062149
v    87.805658    50.193634     1.808279
v    87.475507    50.636244     1.464202
v    86.535633    51.781461     1.464202
v    85.022429    53.496723     0.366150
v    82.560943    55.958209    -4.226014
v    80.165014    57.924402    -4.226014
v    78.387085    59.250657    -5.608235
v    77.589887    59.751599    -5.608235
v    74.990980    61.230907    -4.592294
v    67.582875    65.190621    -4.592294
v    62.929621    67.328261    -0.652550
v    54.664015    70.220534    -0.652550
v    42.150980    74.255526     2.004162
v    34.798184    76.485919     2.004162
v    28.760213    78.092927     4.499281
v    10.644722    81.144954    13.471959
v     8.459917    81.374602    13.618708
v    -6.617079    82.859560    13.618708
v   -10.214979    82.859560    10.020808
v   -34.034874    80.513554    10.020808
v   -35.697060    80.338823     9.909137
v   -42.363803    79.587607     9.909137
v   -49.564989    78.013049     3.135715
v   -67.676145    72.519112     3.135715
v   -69.581379    71.676720     6.072919
v   -81.884736    66.250179    14.746320
v   -91.526782    62.019960     4.337555
v   -92.148065    61.687969     4.337555
v   -92.036263    61.363599     8.666045
v   -92.756868    60.530666    11.178899
v   -92.342241    61.557512     4.036964
v   -94.823696    59.521031     4.036964
v   -94.650672    59.348007     7.314172
v   -96.217610    56.838831    12.434867
v   -95.398209    58.946518     2.965056
v   -96.506509    57.690288     2.160896
v   -99.622911    53.892826     2.160896
v  -101.721007    51.080168    -0.025880
v  -102.254662    50.230945    -0.025880
v  -106.723462    42.379966    -3.095118
v  -111.582190    33.289837    -3.095118
v  -113.466667    29.187579    -6.568341
v  -113.546938    28.958457    -6.568341
v  -114.644596    25.554207    -7.291179
v  -116.860669    18.249101    -7.291179
v  -116.904155    18.049933    -7.103835
v  -116.912695    17.973866    -7.103835
v  -116.931482    17.795850    -7.115790
v  -117.435445    12.678045    -7.115790
v  -117.435445    12.188008    -6.625753
v  -116.702885     4.750211    -6.625753
v  -116.661633     4.356867    -6.599346
v  -115.967303    -1.804993    -6.599346
v  -115.527583    -3.816249    -4.707512
v  -110.243324   -21.235965    -4.707512
v  -109.470825   -23.631763    -4.198819
v  -106.250241   -32.835402    -4.198819
v  -105.652868   -34.135775    -5.299892
v  -101.323196   -42.235977    -5.299892
v  -101.138874   -42.172522    -2.839195
v  -100.013101   -43.146422     0.557304
v  -100.402504   -43.606505    -7.421374
v   -99.656806   -44.515111    -7.421374
v   -99.349909   -44.208214    -1.609766
v   -98.643493   -44.649379    -0.168162
v   -98.536026   -45.635760    -9.512113
v   -96.001757   -47.715726    -9.512113
v   -95.971146   -47.738454    -9.488334
v   -95.871956   -47.800727    -9.488334
v   -95.827945   -47.825820    -9.505544
v   -74.971266   -58.973976    -9.505544
v   -72.622502   -60.052978    -7.517017
v   -36.177769   -72.805514    -7.517017
v   -30.474285   -74.644666    -6.306112
v    -3.699451   -82.766807    -6.306112
v    32.450865   -87.821945    -3.418569
v    35.907271   -88.185203    -3.186425
v    45.396788   -89.119953    -3.186425
v    51.101850   -88.844192    -0.281278
v    51.359612   -88.816997    -0.263936
v    52.519411   -88.578678     0.996235
v    55.042513   -88.027025     3.369436
v    59.140172   -86.783932     3.369436
v    61.730145   -85.948767     3.919381
v    62.412782   -85.710054     3.919381
v    64.655919   -84.679530     5.818572
v    69.166366   -82.268624     5.818572
v    70.346791   -81.596761     6.279969
v    74.924898   -78.720122     6.279969
v    75.535671   -78.264506     6.754899
v    80.910975   -73.853117     6.754899
v    81.593349   -73.268488     7.010559
v    82.372811   -72.580859     7.509530
v    89.330555   -65.623115     7.509530
v    89.740846   -65.158039     7.807231
v    95.801414   -57.773187     7.807231
v   101.647969   -49.088488     8.056717
v   101.804834   -48.812990     8.164446
v   104.369713   -44.014563     8.164446
v   104.513309   -43.701885     7.899721
v   105.751540   -40.163237     7.899721
v   106.230279   -38.678541     7.584415
v   107.672146   -33.925177     7.584415
v   107.863300   -33.051255     6.762387
v   108.056293   -31.338620     6.762387
v   108.145892   -30.486375     6.705107
v   109.055549   -21.249497     6.705107
v   108.239039   -21.249497    -1.585329
v   107.196166   -16.035130    -6.960239
v   107.196166     0.803767     9.878789
v   106.782458   -14.352712    -8.948635
v   106.032031   -10.715136   -11.971497
v   105.369101    -6.989406   -14.129370
v   104.246613     2.973069   -14.129370
v   104.177508     3.646115   -14.069330
v   103.718607     4.889602   -14.976359
v   103.440613     5.870597   -14.759981
v    94.759592    30.679500   -14.759981
v    91.532965    40.934027   -11.963220
v    91.496967    40.996957   -11.990546
v    90.312206    42.516073   -13.512159
v    83.265388    53.730969   -13.512159
v    83.572548    54.012773   -10.311675
v    82.435740    55.833007    -6.596981
v    83.137164    53.817021   -13.741281
v    80.293764    56.660552   -13.741281
v    79.941016    57.186193   -12.801539
v    80.060438    57.316388   -11.444279
v    76.259691    59.499354   -12.801539
v    74.182484    61.119237   -10.720784
v    70.164177    63.422282    -8.971364
v    68.162906    64.646324    -7.232059
v    49.118314    71.310309    -7.232059
v    47.845531    71.671202    -7.512812
v    18.337654    79.162470     3.569523
v     0.742286    81.144954     3.569523
v   -10.214979    82.149465     2.810951
v   -16.727091    80.846990    -3.901643
v   -22.270164    80.338823    -3.517890
v   -39.925702    78.349507    -3.517890
v   -50.245393    77.290474    -2.597198
v   -57.647718    74.558876    -7.996675
v   -60.904825    73.635556    -7.278172
v   -68.563073    72.130497     1.807753
v   -70.161541    70.396448    -7.278172
v   -78.445408    67.789921    -5.018745
v   -82.482240    66.013306    -5.141451
v   -88.509438    63.005421    -2.732516
v   -92.314914    61.478028     2.977274
v   -89.496345    62.385320    -2.732516
v   -93.402062    60.221273    -0.814670
v   -93.535673    60.109602    -0.835690
v   -94.082203    59.469663    -1.343726
v   -97.578942    55.972923    -1.343726
v   -99.596898    53.319495    -3.005124
v  -100.809379    51.868827    -2.776265
v  -106.115448    42.292206    -7.478786
v  -107.896005    39.458397    -7.478786
v  -112.174177    30.885631   -10.905107
v  -112.646478    30.061633   -10.546315
v  -113.988629    25.796336   -11.709662
v  -115.376499    21.829922   -11.709662
v  -115.974660    19.719871   -12.175132
v  -116.321365    18.780523   -11.489999
v  -116.335554    18.743474   -11.456760
v  -116.886551    13.853215   -11.456760
v  -116.931482    13.670601   -11.241039
v  -117.129993    12.678045   -10.217872
v  -116.702885     8.019930    -9.895341
v  -116.122591     2.869675    -9.895341
v  -115.608249    -2.143159    -9.448263
v  -113.280768    -8.450322   -14.048835
v  -112.788628    -9.939484   -14.497226
v  -111.728282   -13.679929   -13.672045
v  -104.759371   -33.595683   -13.672045
v  -104.053086   -35.840659   -13.059695
v  -101.836750   -39.707489   -14.743165
v  -100.287680   -43.566961    -8.952314
v  -100.870339   -40.946771   -15.984549
v   -98.514217   -44.696543   -15.984549
v   -98.741237   -44.904776   -13.618312
v   -98.381395   -45.481129   -12.442353
v   -97.410253   -46.087566   -14.424180
v   -98.509225   -44.699828   -15.993483
v   -97.272044   -45.937008   -15.993483
v   -96.999831   -46.041847   -16.431101
v   -91.212264   -49.678503   -16.431101
v   -90.957787   -49.805414   -16.532787
v   -88.832101   -50.949973   -16.439509
v   -75.189746   -58.769027   -10.499939
v   -64.749451   -62.053987   -13.347412
v   -31.263468   -73.771269   -13.347412
v   -24.102352   -75.801312   -14.927093
v    -9.484126   -80.632057   -10.525558
v    20.102446   -86.213886    -5.342721
v    34.375018   -87.821945    -5.342721
v    44.750937   -88.773117    -6.060961
v    45.396788   -88.902392    -5.395272
v    46.031867   -88.844192    -5.351261
v    50.423548   -88.349293    -5.351261
v    51.763335   -88.388312    -3.664901
v    53.541790   -87.884218    -3.272609
v    57.369206   -86.544957    -3.272609
v    59.866426   -85.759189    -2.591548
v    60.376433   -85.637008    -2.156033
v    62.939999   -85.215155     1.519249
v    67.521390   -82.928796     3.350386
v    69.370395   -81.767157     3.350386
v    74.975741   -78.661397     6.102873
v    77.404119   -76.631617     5.719776
v    80.419229   -74.227017     6.446950
v    89.483215   -65.378622     7.010559
v    89.852648   -64.892920     6.706420
v    90.186478   -64.490905     6.747541
v    98.602248   -53.692870     7.046950
v   101.918081   -48.415573     7.046950
v   102.450290   -47.349052     6.620631
v   103.769450   -44.898996     6.728229
v   104.364984   -43.859932     7.180561
v   106.190209   -38.059228     5.598515
v   106.559248   -37.004662     5.598515
v   107.613157   -33.286684     4.778326
v   107.568883   -31.765597     2.863502
v   107.709457   -27.642976    -0.011166
v   107.840834   -25.161126    -1.326647
v   108.057476   -23.050549    -1.514911
v   108.145892   -22.266358    -1.514911
v   103.698638    -3.134007   -18.204169
v   103.513133    -2.691528   -18.651509
v   103.444948    -2.440860   -18.782887
v   103.188237    -1.643925   -19.249670
v   102.265443     5.365057   -19.249670
v   101.899163     5.945219   -19.792127
v    98.655719    11.703357   -23.871657
v    97.394890    14.438633   -24.879978
v    95.128237    22.816698   -22.672050
v    90.158758    34.813945   -22.672050
v    87.523985    43.730526   -19.772289
v    84.524377    47.766569   -21.205353
v    84.022910    48.820478   -20.708353
v    82.941543    53.678287   -14.615597
v    80.686451    53.168674   -20.708353
v    80.631273    53.275090   -20.647262
v    80.487152    54.301147   -19.166377
v    80.691969    54.505964   -18.332919
v    80.033900    56.294272   -15.377849
v    78.239942    56.025474   -19.166377
v    77.600529    56.835941   -18.429876
v    77.566239    56.861560   -18.417658
v    77.299149    57.112753   -18.159632
v    61.292133    63.743105   -18.159632
v    61.175996    63.843740   -18.015774
v    47.973361    71.280355    -8.661970
v    32.822926    72.739300   -10.307865
v     2.192692    76.771928   -10.307865
v   -16.727091    78.432406   -11.861271
v   -16.809859    78.396540   -11.948900
v   -31.522413    77.105232   -10.740885
v   -43.467767    75.532645   -10.740885
v   -57.780015    74.154365    -9.185903
v   -60.240975    72.768203   -10.929412
v   -68.765526    70.461874    -8.682859
v   -72.727078    68.820971    -8.682859
v   -82.287276    65.995964    -5.573814
v   -82.231572    66.123794    -5.286623
v   -84.078081    64.664980    -6.209681
v   -88.318678    62.647549    -4.209592
v   -94.062365    58.240234    -4.209592
v   -94.645811    57.937934    -3.874711
v   -99.070600    53.513145    -3.874711
v  -103.217001    45.508849    -8.469371
v  -106.291230    41.502497    -8.469371
v  -110.536821    32.578822   -12.678044
v  -111.613721    31.129730   -12.163570
v  -113.049018    26.272710   -13.743120
v  -114.083352    23.775489   -13.743120
v  -115.103497    20.004960   -14.736858
v  -115.074857    19.905113   -14.865083
v  -115.133714    19.294208   -14.931560
v  -115.728459    14.776667   -14.931560
v  -115.809519    13.853215   -15.007364
v  -115.807811    13.849274   -15.011568
v  -115.319876     8.290961   -14.555164
v  -113.729553    -3.788660   -14.555164
v  -107.479933   -19.364101   -21.174348
v  -106.613368   -21.392567   -21.694997
v  -105.062984   -27.123378   -20.184683
v  -100.761033   -37.509020   -20.184683
v   -99.579031   -41.509197   -18.883784
v   -99.241128   -41.963894   -19.045247
v   -98.894555   -42.692250   -18.701695
v   -98.456017   -44.662122   -16.231013
v   -97.568038   -44.421045   -18.701695
v   -97.273227   -44.990040   -18.375091
v   -97.261534   -45.073596   -18.254487
v   -97.282029   -45.094091   -18.171062
v   -96.955951   -45.980100   -16.707124
v   -95.761205   -46.224856   -18.254487
v   -95.740841   -46.250606   -18.231102
v   -81.268445   -53.184965   -18.899155
v   -59.232129   -62.312800   -18.899155
v   -44.802298   -66.216678   -22.702135
v   -29.550702   -72.732468   -18.787091
v     8.859567   -82.398425   -12.518421
v    28.450819   -84.977757   -12.518421
v    44.154353   -86.356036   -13.807758
v    44.594336   -86.546533   -13.342813
v    44.750937   -87.090173   -11.609289
v    50.436292   -87.931908    -6.722446
v    47.923700   -86.108259   -13.342813
v    50.766180   -86.923849    -9.686845
v    51.075837   -86.840030    -9.605259
v    52.944417   -86.066086    -9.605259
v    54.271197   -85.673925    -9.173816
v    56.461520   -85.435738    -7.340971
v    67.754453   -82.126737     1.323628
v    69.745740   -80.598818     1.323628
v    89.490572   -65.155806     6.446950
v    98.655324   -53.454026     6.747541
v    99.975798   -50.678548     5.438498
v   106.120973   -36.941207     4.140227
v   106.258131   -36.610005     4.140227
v   106.812018   -14.639509    -8.744606
v   100.850114     1.828247   -22.768744
v   100.082345     2.695994   -23.871657
v    95.370234    16.638547   -26.922501
v    92.147022    20.907259   -29.591958
v    89.929635    29.778646   -26.918560
v    82.438499    44.480953   -26.918560
v    81.510318    47.949052   -25.643806
v    81.631054    48.374715   -25.130777
v    81.114741    49.533857   -24.527230
v    78.059035    52.589563   -24.527230
v    78.772020    53.494096   -22.600712
v    76.746050    52.216976   -26.109670
v    68.445367    56.446539   -26.109670
v    64.904748    57.331497   -27.176585
v    62.036780    59.497121   -25.383022
v    44.963900    60.957380   -27.559550
v     8.962435    66.659419   -27.559550
v    -6.561769    67.928130   -29.009693
v    -8.270331    68.594345   -28.183987
v   -16.809859    74.344863   -19.528978
v   -33.464827    72.983793   -17.973208
v   -42.789597    71.506849   -17.973208
v   -59.269440    70.097302   -15.872353
v   -60.586103    70.800170   -14.277563
v   -69.154797    68.658457   -11.695473
v   -78.671377    63.809582   -11.695473
v   -84.590846    62.225303    -9.519601
v   -88.271645    58.922608   -10.293545
v   -89.222686    56.912009   -11.555293
v  -103.563049    42.571646   -11.555293
v  -106.497099    35.985306   -14.984505
v  -109.325259    32.833563   -14.321837
v  -110.494517    28.464347   -15.927794
v  -112.931173    23.682211   -15.927794
v  -113.820203    20.125170   -16.999702
v  -113.153463    18.876165   -18.512381
v  -113.871703    14.341414   -18.512381
v  -113.911905    13.849274   -18.558363
v  -111.461586    10.210516   -22.246387
v  -111.146149     6.350124   -21.885757
v  -107.957227   -13.783717   -21.885757
v  -102.514263   -26.821079   -25.089787
v  -100.619671   -34.401420   -22.805529
v   -99.002547   -37.575103   -22.805529
v   -97.970972   -41.429451   -21.388756
v   -98.185511   -42.185791   -20.477260
v   -97.704013   -43.266764   -19.914440
v   -96.861096   -44.109681   -19.914440
v   -96.395758   -45.093434   -19.297097
v   -95.906771   -45.532234   -19.194229
v   -88.552661   -47.500267   -21.897318
v   -77.713374   -53.023239   -21.897318
v   -59.385840   -57.604104   -27.420421
v   -49.555399   -62.627580   -25.674548
v    -2.725156   -75.026842   -22.206843
v    22.259399   -78.984059   -22.206843
v    39.130352   -80.362733   -23.782845
v    43.193196   -83.098798   -19.664954
v    43.857440   -83.697616   -18.708133
v    44.154353   -84.981829   -16.378550
v    47.911745   -85.939307   -13.662060
v    43.886474   -83.709308   -18.679624
v    47.924751   -85.864948   -13.788445
v    48.017241   -85.841825   -13.760593
v    50.465458   -84.594397   -13.760593
v    66.447118   -80.987432    -2.141975
v    82.958491   -64.476191    -2.141975
v    89.961035   -61.163642     2.252728
v    99.228130   -50.835675     4.424133
v   106.007726   -34.451475     2.040554
v   100.963624   -44.351152     2.040554
v   103.128329    -5.120695   -18.651509
v   105.188063    -8.979379   -13.977892
v    98.077527     2.695994   -26.314618
v    92.301653     4.001097   -33.100521
v    91.534147     4.858203   -33.870392
v    84.676644    10.240864   -40.376855
v    82.361512    21.879452   -40.376855
v    81.431098    22.618580   -41.019816
v    80.758183    25.579563   -40.049594
v    71.094722    40.041844   -40.049594
v    72.411255    44.304776   -36.227827
v    76.389755    48.283276   -30.137568
v    76.189799    51.346602   -27.449324
v    64.988041    49.264796   -36.227827
v    65.592902    50.404495   -34.811054
v    62.534963    47.508412   -38.751192
v    53.917003    48.118660   -39.992445
v    23.883223    54.092782   -39.992445
v    12.067801    54.976295   -41.196124
v     2.832500    59.515908   -37.447009
v   -29.069467    67.039100   -26.065133
v   -39.262509    65.011553   -26.065133
v   -59.920020    63.548798   -23.089830
v   -59.980717    63.492963   -23.118733
v   -64.234584    62.526157   -21.724819
v   -88.659340    46.206069   -21.724819
v   -89.941977    45.895493   -21.223352
v   -99.388008    36.449462   -21.223352
v   -99.762039    34.904596   -21.827294
v  -109.739623    19.972247   -21.827294
v  -109.924471    19.158758   -22.093858
v  -112.996730    18.853437   -18.707870
v  -109.116763    18.030489   -23.254446
v  -109.125040    17.912381   -23.271393
v  -110.477044    11.115837   -23.271393
v  -110.544703    10.210516   -23.363620
v  -104.997164     4.015286   -28.927714
v  -104.590945     3.188791   -29.263251
v  -104.187485    -2.206745   -28.713569
v  -101.032327   -18.068852   -28.713569
v  -100.397643   -27.031283   -27.422786
v  -100.351267   -27.081732   -27.446697
v   -98.711152   -34.298026   -25.082167
v   -96.190152   -38.071052   -25.082167
v   -95.687634   -40.146420   -24.270781
v   -97.032149   -41.490805   -22.212755
v   -92.117717   -41.010752   -25.666534
v   -83.127171   -47.017981   -25.666534
v   -66.881443   -50.710210   -30.989681
v   -20.167863   -64.708597   -29.907263
v    10.331256   -70.775209   -29.907263
v    31.721721   -72.374859   -32.086419
v    38.832519   -78.742194   -25.700035
v    39.130352   -80.060171   -24.151490
v    41.591181   -80.861573   -22.700165
v    39.647190   -78.580205   -25.700035
v    40.829586   -79.426670   -24.483744
v    50.262086   -84.276070   -14.250368
v    51.023417   -72.615280   -24.483744
v    53.701807   -66.562726   -27.651908
v    53.890334   -66.374068   -27.651908
v    55.257972   -60.725236   -29.860493
v    93.774656    -3.080930   -29.860493
v    97.468987    -5.041737   -25.268198
v   100.499074    -4.740751   -21.928586
v    91.519564     0.068842   -33.100521
v    74.524591    10.240864   -48.708412
v    70.954543    11.136463   -51.492035
v    74.520387    21.011573   -46.953605
v    62.422241    11.136463   -57.725890
v    61.498921    14.582097   -57.725890
v    66.131812    20.785604   -53.126632
v    66.940439    21.328061   -52.429675
v    68.290867    37.237989   -43.525576
v    59.897826    27.019590   -53.126632
v    59.519590    28.552238   -52.531099
v    59.685783    31.873457   -50.732017
v    62.982566    36.787364   -46.496543
v    30.548915    39.680688   -50.732017
v    27.020382    39.927546   -51.105523
v    25.138665    40.978433   -50.550191
v   -19.680848    57.940693   -35.064481
v   -38.590383    52.873995   -35.064481
v   -60.474564    51.661776   -31.665880
v   -65.634147    46.387107   -33.023797
v   -72.496248    44.834095   -30.770544
v   -95.534316    21.796027   -30.770544
v   -98.585555    21.043103   -29.584995
v  -101.003030    18.678311   -28.962529
v  -101.566244    18.345795   -28.709233
v  -104.852649     6.080538   -28.709233
v   -98.175921    -2.801228   -33.550094
v   -97.744740    -8.964533   -32.897806
v   -94.040162   -22.790028   -32.897806
v   -93.844015   -26.333275   -32.347466
v   -95.275372   -27.293643   -31.113701
v   -92.977845   -26.547026   -32.684055
v   -79.578538   -39.946333   -32.684055
v   -70.297385   -42.046925   -35.731746
v   -67.107018   -45.308499   -34.892114
v   -37.089003   -46.971211   -39.553907
v     0.821769   -57.129307   -39.553907
v    24.820337   -58.808309   -42.093563
v    30.270527   -64.645011   -38.193101
v    31.721721   -70.429424   -33.682917
v    38.304645   -72.806434   -30.657559
v    36.984303   -62.846061   -38.193101
v    38.618768   -65.282453   -36.093165
v    36.052969   -44.236328   -48.273685
v    39.578743   -29.949568   -53.824903
v    51.623286   -17.904893   -53.824903
v    55.915515     1.059427   -60.052320
v    56.935792     2.057501   -59.789566
v    57.949762     2.656319   -59.333292
v    76.976486     3.450626   -45.587806
v    59.818474     9.630222   -59.333292
v    58.807131     9.630222   -59.873910
v    60.411248    14.156303   -58.368194
v    58.354930     9.487678   -60.095281
v    57.700539    11.067227   -60.095281
v    58.581425    13.247566   -59.323176
v    59.457580    14.123853   -58.786762
v    43.295933    19.579034   -59.323176
v    42.106574    22.380525   -58.323920
v     0.299676    39.090278   -48.001996
v   -32.220684    25.619896   -48.001996
v   -59.331581    24.119435   -43.791221
v   -64.951510    26.389504   -41.801117
v   -77.781559    21.189983   -38.562534
v   -88.374382    -4.383274   -38.562534
v   -93.390107    -2.801228   -36.108142
v   -87.716707    -4.948590   -38.833040
v   -83.896123    -6.570575   -40.195817
v   -75.863581   -25.962791   -40.195817
v   -69.831653   -28.407329   -41.718481
v   -56.699436   -23.102443   -46.368582
v   -27.378903   -24.725216   -50.922646
v    -2.914471   -34.858745   -50.922646
v    23.757889   -36.886160   -53.658973
v    24.820337   -40.255201   -52.010450
v    29.225551   -24.007108   -58.252845
v    39.234271   -19.861364   -58.252845
v    44.774717    -6.190238   -61.703734
v    52.041854     1.077031   -61.703734
v    52.303033     1.182790   -61.637913
v    54.108683     5.542022   -61.637913
v    55.355585     6.515791   -61.272684
v    56.501327     7.894070   -60.857795
v    57.265286    10.631843   -60.281968
v    53.577393     5.287544   -61.767057
v    50.203623     8.661446   -61.767057
v    48.142706     8.934579   -61.943103
v    43.295933    14.237757   -60.943453
v    19.754558    11.116757   -58.932197
v     3.979030    -4.658772   -58.932197
v    -1.423470    -6.013535   -58.266639
v   -50.923300    -6.013535   -50.128076
v   -52.086515    -6.570575   -49.845220
v     7.543428   -14.980433   -58.266639
v    29.225551   -17.854969   -60.119060
v    40.324178    -5.711499   -62.408179
v    42.178043    -5.465692   -62.249869
v    50.803492     3.159757   -62.249869
v    51.417812     3.313731   -62.174196
v    48.142706     3.159757   -62.511836
v    40.324178    -4.658772   -62.511836
f      1      2      3
f      1      3      4
f      1      4      5
f      1      5      6
f      6      7      8
f      6      8      9
f      6      9      1
f      1      9     10
f      1     10     11
f      1     11      2
f      2     11     12
f      2     12     13
f      2     13     14
f      2     14     15
f      2     15      3
f     16     17     18
f     16     18     19
f     16     19     20
f     16     20     21
f      3     15     16
f      3     16     21
f      3     21     22
f      3     22     23
f      3     23      4
f      4     23     24
f      4     24     25
f      4     25      5
f      5     25     26
f      5     26     27
f      5     27     28
f      5     28     29
f      5     29     30
f      5     30      7
f      5      7      6
f      7     30     31
f      7     31     32
f      7     32     33
f      7     33      8
f     32     34     35
f     32     35     36
f     32     36     37
f     32     37     38
f     32     38     33
f     38     37     39
f     38     39     40
f     38     40     41
f     38     41     42
f      8     33     38
f      8     38     42
f      8     42     43
f      8     43     10
f      8     10      9
f     10     43     44
f     10     44     12
f     10     12     11
f     13     45     46
f     13     46     47
f     13     47     48
f     13     48     49
f     13     49     14
f     14     49     50
f     14     50     17
f     14     17     16
f     14     16     15
f     50     51     52
f     50     52     18
f     50     18     17
f     53     54     55
f     53     55     56
f     53     56     57
f     53     57     58
f     53     58     59
f     19     59     58
f     19     58     60
f     19     60     61
f     19     61     20
f     21     20     61
f     21     61     62
f     21     62     22
f     24     63     64
f     24     64     26
f     24     26     25
f     26     64     65
f     26     65     66
f     26     66     27
f     27     66     67
f     27     67     68
f     27     68     69
f     27     69     70
f     27     70     71
f     27     71     72
f     27     72     73
f     27     73     28
f     28     73     74
f     28     74     75
f     28     75     76
f     28     76     77
f     28     77     78
f     28     78     79
f     28     79     29
f     29     79     80
f     29     80     81
f     29     81     82
f     29     82     83
f     29     83     31
f     29     31     30
f     31     83     84
f     31     84     34
f     31     34     32
f     84     85     86
f     84     86     35
f     84     35     34
f     36     87     88
f     36     88     39
f     36     39     37
f     39     88     89
f     39     89     40
f     40     89     90
f     40     90     91
f     40     91     92
f     40     92     41
f     42     41     92
f     42     92     93
f     42     93     94
f     42     94     44
f     42     44     43
f     12     44     94
f     12     94     95
f     12     95     45
f     12     45     13
f     46     96     97
f     46     97     98
f     46     98     99
f     46     99     47
f     47     99    100
f     47    100    101
f     47    101    102
f     47    102     48
f     48    102    103
f     48    103    104
f     48    104     51
f     48     51     50
f     48     50     49
f    104    105     52
f    104     52     51
f     18     52    105
f     18    105    106
f     18    106     53
f     18     53     59
f     18     59     19
f     55    107    108
f     55    108    109
f     55    109    110
f     55    110     56
f     56    110    111
f     56    111    112
f     56    112    113
f     56    113     57
f     58     57    113
f     58    113    114
f     58    114    115
f     58    115    116
f     58    116     60
f     61     60    116
f     61    116    117
f     61    117    118
f     61    118     62
f     22     62    118
f     22    118    119
f     22    119     63
f     22     63     24
f     22     24     23
f     65    120    121
f     65    121     67
f     65     67     66
f     67    121    122
f     67    122     68
f     72     74     73
f     78    123    124
f     78    124    125
f     78    125    126
f     78    126     80
f     78     80     79
f     80    126    127
f     80    127    128
f     80    128    129
f     80    129    130
f     80    130    131
f     80    131    132
f     80    132     81
f     81    132    133
f     81    133    134
f     81    134    135
f     81    135     82
f     82    135    136
f     82    136     85
f     82     85     84
f     82     84     83
f    136    137    138
f    136    138    139
f    136    139     86
f    136     86     85
f     35     86    139
f     35    139    140
f     35    140    141
f     35    141     87
f     35     87     36
f    141    142    143
f    141    143     90
f    141     90     89
f    141     89     88
f    141     88     87
f    144    143    142
f    144    142    145
f    144    145    146
f    144    146    147
f     90    143    144
f     90    144     91
f     92     91    144
f     92    144    147
f     92    147    148
f     92    148    149
f     92    149     93
f     94     93    149
f     94    149    150
f     94    150    151
f     94    151     95
f     95    151    152
f     95    152     96
f     95     96     46
f     95     46     45
f     97    153    154
f     97    154    155
f     97    155     98
f     98    155    156
f     98    156    100
f     98    100     99
f    100    156    157
f    100    157    158
f    100    158    101
f    101    158    159
f    101    159    103
f    101    103    102
f    103    159    160
f    103    160    161
f    103    161    106
f    103    106    105
f    103    105    104
f    106    161    162
f    106    162    163
f    106    163     54
f    106     54     53
f    163    164    165
f    163    165    107
f    163    107     55
f    163     55     54
f    108    166    167
f    108    167    168
f    108    168    109
f    109    168    169
f    109    169    170
f    109    170    111
f    109    111    110
f    113    112    171
f    113    171    172
f    113    172    114
f    114    172    173
f    114    173    115
f    116    115    173
f    116    173    174
f    116    174    175
f    116    175    176
f    116    176    177
f    116    177    178
f    116    178    117
f    118    117    178
f    118    178    179
f    118    179    180
f    118    180    181
f    118    181    119
f    119    181    182
f    119    182    183
f    119    183    120
f    119    120     65
f    119     65     64
f    119     64     63
f    183    184    185
f    183    185    122
f    183    122    121
f    183    121    120
f     68    122    185
f     68    185    186
f     68    186     69
f     77    187    123
f     77    123     78
f    125    188    127
f    125    127    126
f    130    189    190
f    130    190    131
f    131    190    191
f    131    191    192
f    131    192    193
f    131    193    133
f    131    133    132
f    133    193    194
f    133    194    134
f    134    194    195
f    134    195    196
f    134    196    137
f    134    137    136
f    134    136    135
f    196    197    198
f    196    198    199
f    196    199    138
f    196    138    137
f    139    138    199
f    139    199    200
f    139    200    201
f    139    201    202
f    139    202    203
f    139    203    140
f    140    203    204
f    140    204    205
f    140    205    206
f    140    206    207
f    140    207    145
f    140    145    142
f    140    142    141
f    206    208    209
f    206    209    210
f    206    210    211
f    206    211    207
f    207    211    212
f    207    212    213
f    207    213    146
f    207    146    145
f    212    211    210
f    212    210    214
f    147    146    213
f    147    213    215
f    147    215    148
f    149    148    215
f    149    215    216
f    149    216    217
f    149    217    150
f    150    217    218
f    150    218    219
f    150    219    220
f    150    220    152
f    150    152    151
f    152    220    221
f    152    221    222
f    152    222    223
f    152    223    224
f    152    224    153
f    152    153     97
f    152     97     96
f    223    225    226
f    223    226    227
f    223    227    224
f    224    227    228
f    224    228    154
f    224    154    153
f    226    229    230
f    226    230    228
f    226    228    227
f    154    228    230
f    154    230    157
f    154    157    156
f    154    156    155
f    157    230    229
f    157    229    231
f    157    231    232
f    157    232    233
f    157    233    160
f    157    160    159
f    157    159    158
f    160    233    234
f    160    234    235
f    160    235    236
f    160    236    162
f    160    162    161
f    162    236    237
f    162    237    238
f    162    238    239
f    162    239    240
f    162    240    164
f    162    164    163
f    240    241    165
f    240    165    164
f    165    241    242
f    165    242    243
f    165    243    244
f    165    244    166
f    165    166    108
f    165    108    107
f    244    245    246
f    244    246    167
f    244    167    166
f    167    246    247
f    167    247    169
f    167    169    168
f    111    170    248
f    111    248    249
f    111    249    171
f    111    171    112
f    173    172    171
f    173    171    249
f    173    249    174
f    176    250    251
f    176    251    177
f    178    177    251
f    178    251    252
f    178    252    253
f    178    253    179
f    179    253    254
f    179    254    255
f    179    255    256
f    179    256    257
f    179    257    258
f    179    258    180
f    180    258    259
f    180    259    260
f    180    260    182
f    180    182    181
f    182    260    261
f    182    261    262
f    182    262    263
f    182    263    264
f    182    264    184
f    182    184    183
f    185    184    264
f    185    264    265
f    185    265    186
f     69    186    265
f     69    265    266
f     69    266    267
f     69    267     70
f     76    268    187
f     76    187     77
f    124    188    125
f    129    269    270
f    129    270    189
f    129    189    130
f    270    271    272
f    270    272    191
f    270    191    190
f    270    190    189
f    191    272    273
f    191    273    274
f    191    274    275
f    191    275    192
f    192    275    276
f    192    276    195
f    192    195    194
f    192    194    193
f    195    276    277
f    195    277    197
f    195    197    196
f    199    198    278
f    199    278    279
f    199    279    200
f    200    279    280
f    200    280    281
f    200    281    201
f    201    281    282
f    201    282    283
f    201    283    284
f    201    284    285
f    201    285    202
f    202    285    286
f    202    286    287
f    202    287    288
f    202    288    289
f    202    289    204
f    202    204    203
f    204    289    290
f    204    290    291
f    204    291    292
f    204    292    205
f    205    292    293
f    205    293    294
f    205    294    208
f    205    208    206
f    294    295    296
f    294    296    297
f    294    297    209
f    294    209    208
f    214    210    209
f    214    209    297
f    214    297    298
f    298    297    296
f    298    296    299
f    298    299    300
f    215    213    212
f    215    212    214
f    215    214    298
f    215    298    300
f    215    300    301
f    215    301    302
f    215    302    216
f    216    302    303
f    216    303    218
f    216    218    217
f    219    304    305
f    219    305    306
f    219    306    221
f    219    221    220
f    221    306    307
f    221    307    308
f    221    308    309
f    221    309    310
f    221    310    311
f    221    311    312
f    221    312    222
f    311    313    314
f    311    314    315
f    311    315    316
f    311    316    312
f    222    312    316
f    222    316    317
f    222    317    225
f    222    225    223
f    316    315    318
f    316    318    319
f    316    319    317
f    317    319    231
f    317    231    229
f    317    229    226
f    317    226    225
f    231    319    318
f    231    318    320
f    231    320    321
f    231    321    322
f    231    322    232
f    232    322    323
f    232    323    324
f    232    324    325
f    232    325    326
f    232    326    234
f    232    234    233
f    234    326    327
f    234    327    328
f    234    328    235
f    235    328    329
f    235    329    330
f    235    330    237
f    235    237    236
f    237    330    331
f    237    331    332
f    237    332    333
f    237    333    238
f    239    334    242
f    239    242    241
f    239    241    240
f    335    336    337
f    335    337    338
f    335    338    243
f    335    243    242
f    335    242    334
f    243    338    339
f    243    339    245
f    243    245    244
f    247    246    245
f    247    245    339
f    247    339    340
f    247    340    341
f    248    170    169
f    248    169    247
f    248    247    341
f    248    341    342
f    174    249    248
f    174    248    342
f    174    342    343
f    174    343    175
f    251    250    344
f    251    344    345
f    251    345    252
f    252    345    346
f    252    346    254
f    252    254    253
f    255    347    348
f    255    348    349
f    255    349    256
f    256    349    350
f    256    350    351
f    256    351    352
f    256    352    257
f    257    352    353
f    257    353    354
f    257    354    355
f    257    355    259
f    257    259    258
f    259    355    356
f    259    356    357
f    259    357    261
f    259    261    260
f    261    357    358
f    261    358    359
f    261    359    360
f    261    360    262
f    265    264    263
f    265    263    361
f    265    361    266
f    266    361    362
f    266    362    363
f    266    363    364
f    266    364    267
f     70    267    364
f     70    364    365
f     70    365    366
f     70    366     71
f     71    366    367
f     71    367     75
f     71     75     74
f     71     74     72
f     75    367    368
f     75    368    369
f     75    369    370
f     75    370    268
f     75    268     76
f    370    371    128
f    370    128    127
f    370    127    188
f    370    188    124
f    370    124    123
f    370    123    187
f    370    187    268
f    128    371    372
f    128    372    373
f    128    373    374
f    128    374    269
f    128    269    129
f    374    375    271
f    374    271    270
f    374    270    269
f    376    377    273
f    376    273    272
f    376    272    271
f    376    271    375
f    273    377    378
f    273    378    274
f    274    378    379
f    274    379    380
f    274    380    277
f    274    277    276
f    274    276    275
f    277    380    381
f    277    381    382
f    277    382    278
f    277    278    198
f    277    198    197
f    278    382    383
f    278    383    384
f    278    384    280
f    278    280    279
f    280    384    385
f    280    385    386
f    280    386    282
f    280    282    281
f    282    386    387
f    282    387    388
f    282    388    283
f    283    388    389
f    283    389    390
f    283    390    391
f    283    391    392
f    283    392    284
f    284    392    393
f    284    393    286
f    284    286    285
f    288    394    395
f    288    395    290
f    288    290    289
f    290    395    396
f    290    396    397
f    290    397    291
f    291    397    398
f    291    398    399
f    291    399    400
f    291    400    293
f    291    293    292
f    293    400    401
f    293    401    295
f    293    295    294
f    402    401    400
f    402    400    399
f    402    399    403
f    296    295    401
f    296    401    402
f    296    402    299
f    300    299    402
f    300    402    403
f    300    403    404
f    300    404    405
f    300    405    301
f    301    405    406
f    301    406    407
f    301    407    408
f    301    408    303
f    301    303    302
f    218    303    408
f    218    408    409
f    218    409    304
f    218    304    219
f    305    410    411
f    305    411    412
f    305    412    413
f    305    413    307
f    305    307    306
f    307    413    414
f    307    414    415
f    307    415    416
f    307    416    417
f    307    417    308
f    309    418    419
f    309    419    310
f    310    419    420
f    310    420    421
f    310    421    313
f    310    313    311
f    421    422    423
f    421    423    314
f    421    314    313
f    314    423    424
f    314    424    320
f    314    320    318
f    314    318    315
f    320    424    425
f    320    425    426
f    320    426    321
f    321    426    427
f    321    427    428
f    321    428    429
f    321    429    323
f    321    323    322
f    323    429    430
f    323    430    324
f    325    431    432
f    325    432    433
f    325    433    434
f    325    434    327
f    325    327    326
f    327    434    435
f    327    435    436
f    327    436    329
f    327    329    328
f    329    436    437
f    329    437    438
f    329    438    331
f    329    331    330
f    331    438    439
f    331    439    440
f    331    440    332
f    238    333    441
f    238    441    335
f    238    335    334
f    238    334    239
f    441    442    443
f    441    443    336
f    441    336    335
f    444    337    336
f    444    336    443
f    444    443    445
f    444    445    446
f    340    339    338
f    340    338    337
f    340    337    444
f    340    444    447
f    342    341    340
f    342    340    447
f    342    447    448
f    342    448    343
f    175    343    448
f    175    448    449
f    175    449    344
f    175    344    250
f    175    250    176
f    449    450    451
f    449    451    452
f    449    452    346
f    449    346    345
f    449    345    344
f    254    346    452
f    254    452    347
f    254    347    255
f    348    453    454
f    348    454    455
f    348    455    350
f    348    350    349
f    350    455    456
f    350    456    351
f    351    456    457
f    351    457    458
f    351    458    353
f    351    353    352
f    353    458    459
f    353    459    460
f    353    460    461
f    353    461    354
f    354    461    462
f    354    462    463
f    354    463    356
f    354    356    355
f    356    463    464
f    356    464    465
f    356    465    358
f    356    358    357
f    358    465    466
f    358    466    467
f    358    467    359
f    262    360    468
f    262    468    469
f    262    469    362
f    262    362    361
f    262    361    263
f    362    469    470
f    362    470    363
f    364    363    470
f    364    470    471
f    364    471    472
f    364    472    365
f    365    472    473
f    365    473    474
f    365    474    368
f    365    368    367
f    365    367    366
f    368    474    475
f    368    475    476
f    368    476    477
f    368    477    369
f    369    477    478
f    369    478    372
f    369    372    371
f    369    371    370
f    478    479    480
f    478    480    481
f    478    481    373
f    478    373    372
f    373    481    482
f    373    482    376
f    373    376    375
f    373    375    374
f    480    483    484
f    480    484    485
f    480    485    482
f    480    482    481
f    482    485    486
f    482    486    379
f    482    379    378
f    482    378    377
f    482    377    376
f    484    487    488
f    484    488    489
f    484    489    486
f    484    486    485
f    486    489    490
f    486    490    491
f    486    491    381
f    486    381    380
f    486    380    379
f    381    491    492
f    381    492    493
f    381    493    383
f    381    383    382
f    383    493    494
f    383    494    495
f    383    495    385
f    383    385    384
f    385    495    496
f    385    496    497
f    385    497    498
f    385    498    387
f    385    387    386
f    387    498    499
f    387    499    389
f    387    389    388
f    389    499    500
f    389    500    501
f    389    501    502
f    389    502    390
f    390    502    503
f    390    503    504
f    390    504    391
f    391    504    505
f    391    505    506
f    391    506    393
f    391    393    392
f    286    393    506
f    286    506    507
f    286    507    508
f    286    508    287
f    287    508    509
f    287    509    394
f    287    394    288
f    509    510    511
f    509    511    512
f    509    512    396
f    509    396    395
f    509    395    394
f    396    512    513
f    396    513    398
f    396    398    397
f    513    512    511
f    513    511    514
f    513    514    515
f    513    515    516
f    403    399    398
f    403    398    513
f    403    513    516
f    403    516    517
f    403    517    404
f    516    515    518
f    516    518    519
f    516    519    520
f    516    520    517
f    404    517    520
f    404    520    521
f    404    521    406
f    404    406    405
f    406    521    522
f    406    522    523
f    406    523    524
f    406    524    407
f    408    407    524
f    408    524    525
f    408    525    526
f    408    526    409
f    409    526    527
f    409    527    410
f    409    410    305
f    409    305    304
f    412    528    529
f    412    529    414
f    412    414    413
f    414    529    530
f    414    530    415
f    416    531    532
f    416    532    533
f    416    533    417
f    308    417    533
f    308    533    534
f    308    534    418
f    308    418    309
f    534    535    536
f    534    536    420
f    534    420    419
f    534    419    418
f    420    536    537
f    420    537    538
f    420    538    422
f    420    422    421
f    538    539    540
f    538    540    425
f    538    425    424
f    538    424    423
f    538    423    422
f    425    540    541
f    425    541    542
f    425    542    427
f    425    427    426
f    427    542    543
f    427    543    544
f    427    544    545
f    427    545    428
f    428    545    546
f    428    546    547
f    428    547    430
f    428    430    429
f    324    430    547
f    324    547    548
f    324    548    431
f    324    431    325
f    433    549    550
f    433    550    435
f    433    435    434
f    435    550    551
f    435    551    437
f    435    437    436
f    437    551    552
f    437    552    553
f    437    553    439
f    437    439    438
f    439    553    554
f    439    554    555
f    439    555    440
f    332    440    555
f    332    555    556
f    332    556    557
f    332    557    442
f    332    442    441
f    332    441    333
f    557    558    559
f    557    559    445
f    557    445    443
f    557    443    442
f    446    445    559
f    446    559    560
f    446    560    561
f    446    561    562
f    562    561    563
f    562    563    564
f    562    564    565
f    562    565    566
f    562    566    567
f    448    447    444
f    448    444    446
f    448    446    562
f    448    562    567
f    448    567    568
f    448    568    569
f    448    569    450
f    448    450    449
f    569    570    571
f    569    571    451
f    569    451    450
f    452    451    571
f    452    571    572
f    452    572    453
f    452    453    348
f    452    348    347
f    572    573    574
f    572    574    575
f    572    575    454
f    572    454    453
f    454    575    576
f    454    576    457
f    454    457    456
f    454    456    455
f    574    577    578
f    574    578    579
f    574    579    580
f    574    580    576
f    574    576    575
f    457    576    580
f    457    580    459
f    457    459    458
f    459    580    579
f    459    579    581
f    459    581    582
f    459    582    460
f    460    582    583
f    460    583    584
f    460    584    462
f    460    462    461
f    462    584    585
f    462    585    464
f    462    464    463
f    464    585    586
f    464    586    466
f    464    466    465
f    359    467    587
f    359    587    588
f    359    588    468
f    359    468    360
f    470    469    468
f    470    468    588
f    470    588    589
f    470    589    471
f    471    589    590
f    471    590    591
f    471    591    473
f    471    473    472
f    473    591    592
f    473    592    593
f    473    593    475
f    473    475    474
f    475    593    594
f    475    594    595
f    475    595    596
f    475    596    476
f    595    597    598
f    595    598    596
f    599    600    601
f    599    601    483
f    599    483    480
f    599    480    479
f    602    603    601
f    602    601    600
f    601    603    604
f    601    604    487
f    601    487    484
f    601    484    483
f    605    606    488
f    605    488    487
f    605    487    604
f    488    606    607
f    488    607    608
f    488    608    490
f    488    490    489
f    490    608    609
f    490    609    610
f    490    610    492
f    490    492    491
f    492    610    611
f    492    611    612
f    492    612    494
f    492    494    493
f    494    612    613
f    494    613    614
f    494    614    496
f    494    496    495
f    496    614    615
f    496    615    616
f    496    616    617
f    496    617    497
f    497    617    618
f    497    618    619
f    497    619    500
f    497    500    499
f    497    499    498
f    500    619    620
f    500    620    501
f    501    620    621
f    501    621    503
f    501    503    502
f    503    621    622
f    503    622    623
f    503    623    505
f    503    505    504
f    506    505    623
f    506    623    624
f    506    624    625
f    506    625    626
f    506    626    507
f    507    626    627
f    507    627    628
f    507    628    510
f    507    510    509
f    507    509    508
f    628    629    630
f    628    630    514
f    628    514    511
f    628    511    510
f    631    632    633
f    631    633    630
f    631    630    629
f    514    630    633
f    514    633    634
f    514    634    518
f    514    518    515
f    635    634    633
f    635    633    632
f    635    632    636
f    635    636    637
f    518    634    635
f    518    635    519
f    520    519    635
f    520    635    637
f    520    637    638
f    520    638    639
f    520    639    522
f    520    522    521
f    522    639    640
f    522    640    641
f    522    641    642
f    522    642    523
f    524    523    642
f    524    642    643
f    524    643    644
f    524    644    525
f    525    644    645
f    525    645    646
f    525    646    527
f    525    527    526
f    411    647    648
f    411    648    528
f    411    528    412
f    648    649    650
f    648    650    530
f    648    530    529
f    648    529    528
f    415    530    650
f    415    650    651
f    415    651    531
f    415    531    416
f    651    652    653
f    651    653    532
f    651    532    531
f    533    532    653
f    533    653    654
f    533    654    535
f    533    535    534
f    654    655    656
f    654    656    657
f    654    657    658
f    654    658    537
f    654    537    536
f    654    536    535
f    537    658    659
f    537    659    539
f    537    539    538
f    659    660    661
f    659    661    541
f    659    541    540
f    659    540    539
f    541    661    662
f    541    662    663
f    541    663    543
f    541    543    542
f    544    664    546
f    544    546    545
f    547    546    664
f    547    664    665
f    547    665    666
f    547    666    548
f    432    667    668
f    432    668    549
f    432    549    433
f    668    669    670
f    668    670    671
f    668    671    552
f    668    552    551
f    668    551    550
f    668    550    549
f    552    671    672
f    552    672    673
f    552    673    554
f    552    554    553
f    555    554    673
f    555    673    674
f    555    674    556
f    556    674    675
f    556    675    676
f    556    676    677
f    556    677    678
f    556    678    679
f    556    679    558
f    556    558    557
f    559    558    679
f    559    679    560
f    565    680    681
f    565    681    682
f    565    682    566
f    567    566    682
f    567    682    683
f    567    683    684
f    567    684    568
f    568    684    685
f    568    685    686
f    568    686    687
f    568    687    688
f    568    688    570
f    568    570    569
f    571    570    688
f    571    688    689
f    571    689    690
f    571    690    573
f    571    573    572
f    690    691    692
f    690    692    693
f    690    693    577
f    690    577    574
f    690    574    573
f    692    694    695
f    692    695    696
f    692    696    697
f    692    697    693
f    693    697    698
f    693    698    578
f    693    578    577
f    698    697    696
f    698    696    699
f    698    699    700
f    579    578    698
f    579    698    700
f    579    700    701
f    579    701    702
f    579    702    581
f    581    702    703
f    581    703    704
f    581    704    583
f    581    583    582
f    583    704    705
f    583    705    586
f    583    586    585
f    583    585    584
f    466    586    705
f    466    705    706
f    466    706    707
f    466    707    587
f    466    587    467
f    588    587    707
f    588    707    708
f    588    708    590
f    588    590    589
f    590    708    709
f    590    709    710
f    590    710    592
f    590    592    591
f    592    710    711
f    592    711    712
f    592    712    594
f    592    594    593
f    594    712    713
f    594    713    714
f    594    714    597
f    594    597    595
f    598    597    714
f    598    714    715
f    598    715    716
f    598    716    717
f    717    716    718
f    717    718    719
f    717    719    602
f    717    602    600
f    717    600    599
f    719    720    721
f    719    721    605
f    719    605    604
f    719    604    603
f    719    603    602
f    721    722    607
f    721    607    606
f    721    606    605
f    723    724    609
f    723    609    608
f    723    608    607
f    723    607    722
f    609    724    725
f    609    725    726
f    609    726    611
f    609    611    610
f    611    726    727
f    611    727    728
f    611    728    613
f    611    613    612
f    613    728    729
f    613    729    615
f    613    615    614
f    615    729    730
f    615    730    731
f    615    731    732
f    615    732    616
f    616    732    733
f    616    733    618
f    616    618    617
f    618    733    734
f    618    734    735
f    618    735    622
f    618    622    621
f    618    621    620
f    618    620    619
f    623    622    735
f    623    735    736
f    623    736    624
f    625    737    738
f    625    738    739
f    625    739    627
f    625    627    626
f    627    739    740
f    627    740    741
f    627    741    631
f    627    631    629
f    627    629    628
f    741    742    743
f    741    743    744
f    741    744    636
f    741    636    632
f    741    632    631
f    744    743    745
f    744    745    746
f    744    746    747
f    744    747    748
f    637    636    744
f    637    744    748
f    637    748    749
f    637    749    638
f    748    747    750
f    748    750    751
f    748    751    749
f    638    749    751
f    638    751    640
f    638    640    639
f    642    641    752
f    642    752    753
f    642    753    643
f    643    753    754
f    643    754    755
f    643    755    645
f    643    645    644
f    527    646    756
f    527    756    757
f    527    757    647
f    527    647    411
f    527    411    410
f    757    758    759
f    757    759    760
f    757    760    649
f    757    649    648
f    757    648    647
f    650    649    760
f    650    760    761
f    650    761    652
f    650    652    651
f    759    762    763
f    759    763    761
f    759    761    760
f    653    652    761
f    653    761    763
f    653    763    764
f    653    764    655
f    653    655    654
f    764    765    766
f    764    766    767
f    764    767    656
f    764    656    655
f    657    768    660
f    657    660    659
f    657    659    658
f    769    662    661
f    769    661    660
f    769    660    768
f    543    663    770
f    543    770    665
f    543    665    664
f    543    664    544
f    548    666    771
f    548    771    667
f    548    667    432
f    548    432    431
f    771    772    669
f    771    669    668
f    771    668    667
f    670    773    774
f    670    774    672
f    670    672    671
f    673    672    774
f    673    774    675
f    673    675    674
f    677    775    678
f    560    679    678
f    560    678    775
f    560    775    563
f    560    563    561
f    683    776    685
f    683    685    684
f    685    776    777
f    685    777    686
f    687    778    779
f    687    779    780
f    687    780    689
f    687    689    688
f    689    780    781
f    689    781    782
f    689    782    783
f    689    783    691
f    689    691    690
f    783    784    694
f    783    694    692
f    783    692    691
f    785    786    695
f    785    695    694
f    785    694    784
f    695    786    699
f    695    699    696
f    700    699    786
f    700    786    785
f    700    785    787
f    700    787    788
f    700    788    701
f    701    788    789
f    701    789    790
f    701    790    703
f    701    703    702
f    705    704    703
f    705    703    790
f    705    790    791
f    705    791    792
f    705    792    706
f    707    706    792
f    707    792    793
f    707    793    794
f    707    794    795
f    707    795    709
f    707    709    708
f    709    795    796
f    709    796    711
f    709    711    710
f    711    796    797
f    711    797    798
f    711    798    799
f    711    799    713
f    711    713    712
f    713    799    800
f    713    800    715
f    713    715    714
f    715    800    801
f    715    801    802
f    715    802    718
f    715    718    716
f    718    802    803
f    718    803    720
f    718    720    719
f    803    804    805
f    803    805    723
f    803    723    722
f    803    722    721
f    803    721    720
f    805    806    807
f    805    807    725
f    805    725    724
f    805    724    723
f    807    808    809
f    807    809    727
f    807    727    726
f    807    726    725
f    727    809    810
f    727    810    730
f    727    730    729
f    727    729    728
f    730    810    811
f    730    811    812
f    730    812    731
f    731    812    813
f    731    813    734
f    731    734    733
f    731    733    732
f    735    734    813
f    735    813    814
f    735    814    815
f    735    815    736
f    624    736    815
f    624    815    816
f    624    816    737
f    624    737    625
f    738    817    818
f    738    818    740
f    738    740    739
f    740    818    819
f    740    819    820
f    740    820    821
f    740    821    742
f    740    742    741
f    821    822    745
f    821    745    743
f    821    743    742
f    745    822    823
f    745    823    824
f    745    824    746
f    750    747    746
f    750    746    824
f    750    824    825
f    640    751    750
f    640    750    825
f    640    825    826
f    640    826    827
f    640    827    752
f    640    752    641
f    752    827    828
f    752    828    829
f    752    829    754
f    752    754    753
f    645    755    830
f    645    830    831
f    645    831    756
f    645    756    646
f    756    831    832
f    756    832    833
f    756    833    834
f    756    834    835
f    756    835    758
f    756    758    757
f    835    836    762
f    835    762    759
f    835    759    758
f    834    837    838
f    834    838    836
f    834    836    835
f    763    762    836
f    763    836    838
f    763    838    839
f    763    839    765
f    763    765    764
f    839    840    766
f    839    766    765
f    656    767    841
f    656    841    769
f    656    769    768
f    656    768    657
f    841    842    843
f    841    843    770
f    841    770    663
f    841    663    662
f    841    662    769
f    665    770    843
f    665    843    844
f    665    844    772
f    665    772    771
f    665    771    666
f    845    773    670
f    845    670    669
f    845    669    772
f    845    772    844
f    845    844    846
f    675    774    773
f    675    773    845
f    675    845    676
f    847    681    680
f    847    680    848
f    564    848    680
f    564    680    565
f    686    777    849
f    686    849    850
f    686    850    851
f    686    851    778
f    686    778    687
f    851    852    853
f    851    853    779
f    851    779    778
f    779    853    854
f    779    854    855
f    779    855    781
f    779    781    780
f    781    855    856
f    781    856    857
f    781    857    858
f    781    858    782
f    782    858    859
f    782    859    787
f    782    787    785
f    782    785    784
f    782    784    783
f    857    860    861
f    857    861    859
f    857    859    858
f    859    861    789
f    859    789    788
f    859    788    787
f    790    789    861
f    790    861    860
f    790    860    862
f    790    862    863
f    790    863    864
f    790    864    791
f    792    791    864
f    792    864    865
f    792    865    866
f    792    866    793
f    794    867    797
f    794    797    796
f    794    796    795
f    797    867    868
f    797    868    869
f    797    869    798
f    798    869    870
f    798    870    871
f    798    871    801
f    798    801    800
f    798    800    799
f    801    871    872
f    801    872    873
f    801    873    804
f    801    804    803
f    801    803    802
f    873    874    806
f    873    806    805
f    873    805    804
f    875    876    808
f    875    808    807
f    875    807    806
f    875    806    874
f    877    878    811
f    877    811    810
f    877    810    809
f    877    809    808
f    877    808    876
f    879    880    881
f    879    881    878
f    879    878    877
f    813    812    811
f    813    811    878
f    813    878    881
f    813    881    882
f    813    882    814
f    815    814    882
f    815    882    883
f    815    883    884
f    815    884    885
f    815    885    816
f    816    885    886
f    816    886    887
f    816    887    817
f    816    817    738
f    816    738    737
f    887    888    889
f    887    889    819
f    887    819    818
f    887    818    817
f    819    889    890
f    819    890    891
f    819    891    892
f    819    892    820
f    820    892    823
f    820    823    822
f    820    822    821
f    825    824    823
f    825    823    892
f    825    892    891
f    825    891    893
f    825    893    894
f    825    894    826
f    826    894    895
f    826    895    828
f    826    828    827
f    754    829    896
f    754    896    897
f    754    897    830
f    754    830    755
f    830    897    898
f    830    898    899
f    830    899    900
f    830    900    832
f    830    832    831
f    832    900    901
f    832    901    833
f    899    902    903
f    899    903    901
f    899    901    900
f    904    840    839
f    904    839    838
f    904    838    837
f    833    901    903
f    833    903    905
f    833    905    904
f    833    904    837
f    833    837    834
f    905    906    907
f    905    907    842
f    905    842    841
f    905    841    767
f    905    767    766
f    905    766    840
f    905    840    904
f    846    844    843
f    846    843    842
f    846    842    907
f    846    907    908
f    846    908    909
f    846    909    910
f    563    775    677
f    563    677    676
f    563    676    845
f    563    845    846
f    563    846    910
f    563    910    911
f    563    911    847
f    563    847    848
f    563    848    564
f    910    909    912
f    910    912    850
f    910    850    849
f    910    849    911
f    682    681    847
f    682    847    911
f    682    911    849
f    682    849    777
f    682    777    776
f    682    776    683
f    913    914    915
f    913    915    854
f    913    854    853
f    913    853    852
f    916    917    918
f    916    918    919
f    916    919    915
f    916    915    914
f    854    915    919
f    854    919    920
f    854    920    856
f    854    856    855
f    919    918    921
f    919    921    922
f    919    922    923
f    919    923    924
f    919    924    920
f    856    920    924
f    856    924    862
f    856    862    860
f    856    860    857
f    862    924    923
f    862    923    925
f    862    925    863
f    864    863    925
f    864    925    926
f    864    926    927
f    864    927    865
f    793    866    928
f    793    928    868
f    793    868    867
f    793    867    794
f    928    929    930
f    928    930    870
f    928    870    869
f    928    869    868
f    870    930    931
f    870    931    932
f    870    932    872
f    870    872    871
f    872    932    933
f    872    933    934
f    872    934    875
f    872    875    874
f    872    874    873
f    934    935    936
f    934    936    879
f    934    879    877
f    934    877    876
f    934    876    875
f    936    937    880
f    936    880    879
f    882    881    880
f    882    880    937
f    882    937    883
f    884    938    939
f    884    939    886
f    884    886    885
f    886    939    940
f    886    940    941
f    886    941    942
f    886    942    888
f    886    888    887
f    942    890    889
f    942    889    888
f    891    890    942
f    891    942    941
f    891    941    943
f    891    943    944
f    891    944    893
f    893    944    945
f    893    945    946
f    893    946    895
f    893    895    894
f    828    895    946
f    828    946    947
f    828    947    948
f    828    948    896
f    828    896    829
f    896    948    949
f    896    949    950
f    896    950    951
f    896    951    898
f    896    898    897
f    898    951    952
f    898    952    902
f    898    902    899
f    950    953    954
f    950    954    952
f    950    952    951
f    903    902    952
f    903    952    954
f    903    954    906
f    903    906    905
f    907    906    954
f    907    954    953
f    907    953    955
f    907    955    956
f    907    956    957
f    907    957    908
f    908    957    958
f    908    958    959
f    908    959    960
f    908    960    961
f    908    961    912
f    908    912    909
f    961    960    962
f    961    962    916
f    961    916    914
f    961    914    913
f    850    912    961
f    850    961    913
f    850    913    852
f    850    852    851
f    962    963    964
f    962    964    917
f    962    917    916
f    965    966    967
f    965    967    968
f    965    968    964
f    965    964    963
f    964    968    921
f    964    921    918
f    964    918    917
f    922    921    968
f    922    968    967
f    922    967    969
f    922    969    970
f    925    923    922
f    925    922    970
f    925    970    926
f    865    927    971
f    865    971    929
f    865    929    928
f    865    928    866
f    971    972    973
f    971    973    974
f    971    974    931
f    971    931    930
f    971    930    929
f    931    974    975
f    931    975    933
f    931    933    932
f    933    975    976
f    933    976    977
f    933    977    935
f    933    935    934
f    883    937    936
f    883    936    935
f    883    935    977
f    883    977    938
f    883    938    884
f    976    978    940
f    976    940    939
f    976    939    938
f    976    938    977
f    940    978    979
f    940    979    980
f    940    980    943
f    940    943    941
f    943    980    981
f    943    981    945
f    943    945    944
f    946    945    981
f    946    981    982
f    946    982    983
f    946    983    984
f    946    984    947
f    947    984    985
f    947    985    986
f    947    986    949
f    947    949    948
f    949    986    955
f    949    955    953
f    949    953    950
f    955    986    985
f    955    985    987
f    955    987    988
f    955    988    956
f    956    988    989
f    956    989    990
f    956    990    991
f    956    991    958
f    956    958    957
f    958    991    992
f    958    992    993
f    958    993    959
f    959    993    994
f    959    994    965
f    959    965    963
f    959    963    962
f    959    962    960
f    994    995    966
f    994    966    965
f    992    996    997
f    992    997    995
f    992    995    994
f    992    994    993
f    969    967    966
f    969    966    995
f    969    995    997
f    969    997    998
f    969    998    999
f    926    970    969
f    926    969    999
f    926    999   1000
f    926   1000    972
f    926    972    971
f    926    971    927
f   1000   1001   1002
f   1000   1002   1003
f   1000   1003    973
f   1000    973    972
f    973   1003   1004
f    973   1004    979
f    973    979    978
f    973    978    976
f    973    976    975
f    973    975    974
f    981    980    979
f    981    979   1004
f    981   1004    982
f    982   1004   1003
f    982   1003   1002
f    982   1002   1005
f    982   1005    983
f    983   1005   1006
f    983   1006    987
f    983    987    985
f    983    985    984
f    987   1006   1007
f    987   1007   1008
f    987   1008    989
f    987    989    988
f    989   1008   1009
f    989   1009   1010
f    989   1010    990
f    990   1010    996
f    990    996    992
f    990    992    991
f    997    996   1010
f    997   1010   1009
f    997   1009   1011
f    997   1011    998
f    999    998   1011
f    999   1011   1012
f    999   1012   1001
f    999   1001   1000
f   1012   1007   1006
f   1012   1006   1005
f   1012   1005   1002
f   1012   1002   1001
f   1011   1009   1008
f   1011   1008   1007
f   1011   1007   1012
f    476    596    598
f    476    598    717
f    476    717    599
f    476    599    479
f    476    479    478
f    476    478    477
