v   -20.465244    12.305237    64.467454
v   -32.674589    23.933087    64.467454
v   -36.086869    22.131530    64.940114
v   -44.702225    13.153982    66.547840
v   -44.702225    10.861240    66.762376
v   -26.511617    10.861240    65.141437
v   -47.288371    12.827343    66.348015
v   -56.356364     4.191282    66.348015
v   -56.586701     2.536154    66.482321
v   -53.443579     2.536154    66.762376
v   -57.954828     1.345377    66.248988
v   -56.595691    -8.417713    65.456499
v   -53.443579   -11.419718    65.456499
v   -52.734452   -14.112928    65.141437
v    68.242591    12.375387    51.260483
v    85.445380    12.375387    46.539057
v    87.399087    13.975076    45.811950
v    78.522610    34.384190    45.811950
v    75.080363    35.712815    46.598037
v    68.088806    12.305237    51.294264
v    65.555102    44.784486    46.598037
v    25.091573    46.917314    52.284262
v   -11.761894    37.123440    59.296251
v   -21.877368    32.313475    61.552353
v   -22.778146    31.767669    61.771520
v    24.373729    47.200501    52.284262
v    10.924162    48.174154    53.532657
v     2.913320    44.928327    55.378756
v   -36.712633    22.086171    64.882087
v   -53.570802    15.435828    64.882087
v   -53.929724    14.592395    65.084364
v   -58.187889    10.537052    65.084364
v   -58.192384    10.458048    65.095942
v   -61.284698     3.348258    65.095942
v   -61.392716     1.993480    65.228069
v   -60.601316     1.345377    65.522562
v   -59.811960    -8.543710    64.558717
v   -57.912329   -12.911526    64.558717
v   -57.626962   -17.822970    63.834062
v   -52.734452   -16.522814    64.764944
v   -59.778043   -22.894464    62.127990
v   -48.757159   -27.242121    62.127990
v   -48.757159   -24.431496    62.938051
v   -47.482475   -30.101784    61.158968
v   -37.030146   -41.680188    56.634098
v   -25.303133   -47.916988    53.503644
v   -12.225428   -46.970305    52.289711
v     7.207445   -39.304219    52.289711
v    48.573251   -37.123716    46.476807
v    75.154055   -11.808743    46.476807
v    77.273262   -10.990782    45.992841
v    84.998055     6.770209    45.992841
v    96.123823    14.514889    41.666025
v    99.186716    17.238747    39.814205
v    98.943711    20.546415    39.481572
v    95.829738    31.614837    39.481572
v    95.606621    31.740290    39.572426
v    89.196286    14.514889    45.016192
v    94.000666    33.236457    39.946468
v    87.829658    34.686856    42.115938
v    79.460303    42.657651    42.115938
v    65.586023    45.648214    46.237889
v    59.553135    51.522141    44.801247
v    40.200900    52.543060    47.520474
v    31.794631    54.688148    47.520474
v    22.919379    55.279586    48.370308
v   -44.144431    26.315186    61.771520
v   -45.026549    24.892574    62.379712
v   -53.610167    16.535205    64.423593
v   -57.993240    15.590430    63.121530
v   -63.130525    10.697647    63.121530
v   -63.948214    10.505587    62.833984
v   -64.455608    10.529696    62.585394
v   -66.539672     3.122280    62.585394
v   -65.270436     1.993480    63.352820
v   -64.571662    -7.519113    62.396466
v   -62.358332   -15.385841    62.396466
v   -61.910054   -23.094153    61.259221
v   -59.919568   -23.029452    62.049667
v   -66.173531   -28.530972    57.429856
v   -66.112098   -28.789232    57.349218
v   -60.323713   -34.302058    57.349218
v   -60.291703   -34.425603    57.303587
v   -60.365803   -35.837454    56.577025
v   -37.625671   -41.640550    56.577025
v   -19.432338   -53.904925    49.702339
v   -11.481158   -58.614773    46.280387
v    -3.220910   -62.481733    43.246372
v     8.633326   -61.691968    42.111443
v    21.591436   -58.385117    42.111443
v    40.978405   -57.362564    39.387312
v    48.949336   -49.601674    41.285445
v    49.011858   -49.360304    41.374529
v    84.867290   -15.212442    41.374392
v    85.804574   -11.268113    42.604807
v    90.190507    -7.182258    41.583344
v    90.378209    -7.076693    41.506928
v    96.007497    12.931954    41.506928
v   102.793917    17.238747    37.135842
v   103.373913    17.855657    36.609378
v   103.054357    21.926120    36.215449
v   101.780081    28.027251    36.215449
v   101.641416    29.892692    35.960185
v   100.143887    31.443345    36.661684
v   100.023338    31.948696    36.504358
v    95.312128    38.663740    36.504358
v    94.514326    38.999915    36.882213
v    91.344642    42.018674    36.882213
v    86.207902    43.203185    38.699299
v    63.477168    57.668086    38.699299
v    59.243522    58.584530    39.954368
v    57.329180    60.261316    39.129597
v    49.529741    60.787372    40.145884
v    32.130124    64.083461    40.145884
v    25.550748    58.472426    45.492257
v   -36.724347    37.419295    55.378756
v   -40.673307    37.152998    54.864142
v   -40.803391    37.038988    54.920126
v   -43.969397    30.309777    59.030090
v   -66.073414    16.243709    59.030090
v   -67.084934    16.010375    58.672258
v   -66.725739    11.980096    60.815030
v   -71.825021    17.404519    54.827365
v   -74.035763    14.253360    54.827365
v   -72.520526    12.237811    56.797009
v   -70.652088    11.823995    58.248635
v   -67.433776     3.335862    61.954590
v   -74.148003     4.445728    56.797009
v   -73.104473     3.335862    57.743964
v   -72.842126    -0.006813    57.420458
v   -68.892757   -18.916082    57.420458
v   -68.183767   -28.451014    56.115806
v   -73.075596   -34.958061    49.756960
v   -69.354384   -40.262071    49.756960
v   -66.928697   -37.951893    52.477685
v   -61.548952   -37.517101    55.201815
v   -69.851154   -41.794063    48.452173
v   -61.505364   -47.104884    48.452173
v   -61.139631   -46.855477    48.792570
v   -54.158835   -47.326230    49.702339
v     8.419199   -72.408551    33.787855
v    12.266408   -72.134626    33.433156
v    29.503523   -68.869184    33.433156
v    35.719481   -68.449920    32.623231
v    40.395821   -64.353985    34.637963
v    40.700258   -63.706699    35.033254
v    60.932022   -50.832089    35.033254
v    61.049166   -50.579822    35.158570
v    82.374314   -30.270143    35.158570
v    84.611482   -27.033851    35.700426
v    85.581048   -23.220559    37.116773
v    93.761203   -11.560971    37.116773
v    94.873930    -6.897981    38.568262
v    99.193526    -2.425008    36.544813
v   100.046222    -0.835671    36.276745
v   100.239917     1.769000    36.633079
v   102.386094    12.044388    36.633079
v   105.047021    17.855657    34.764913
v   105.361266    18.300121    34.336931
v   105.075218    21.635032    34.040940
v   104.381347    25.807110    34.040940
v   104.080043    29.161771    33.634751
v   103.651244    29.702538    33.955943
v   103.273796    31.140815    33.544306
v   100.442058    36.433928    33.544306
v   100.086813    37.697988    33.102838
v    99.417461    38.408477    33.244773
v    98.803684    39.720483    32.595716
v    90.992259    47.160046    32.595716
v    90.472877    48.205756    31.972404
v    78.815605    58.167581    29.754851
v    76.461975    58.767464    30.537533
v    56.473215    68.467351    30.537533
v    56.172184    68.866865    30.171800
v    53.230521    70.982257    28.507410
v    32.221115    64.466630    39.718175
v    51.889773    72.157370    27.381334
v    32.221115    75.124232    27.381334
v    31.664275    75.593487    26.740859
v    -9.589973    69.370581    26.740859
v   -33.939466    67.387179    23.932413
v   -37.743495    64.651607    26.084583
v   -37.814598    64.557211    26.171079
v   -69.466488    49.197661    26.171079
v   -75.540103    40.968742    31.995969
v   -75.591864    39.984465    33.053802
v   -75.986066    39.190750    33.527007
v   -77.133118    22.459940    47.475659
v   -85.948299    29.702947    33.527007
v   -86.058632    29.467162    33.643605
v   -84.756160    25.094442    38.650126
v   -80.122319    22.274009    45.102278
v   -79.637945    17.085235    48.526818
v   -87.383034    20.184360    38.650126
v   -85.911522    17.558985    41.671201
v   -81.316502    16.926410    46.852892
v   -77.279547     5.119576    53.468092
v   -87.980330     5.119576    41.671201
v   -92.833746    -0.104341    35.362617
v   -94.617187    -2.626740    32.934070
v   -88.990215   -36.462401    32.934070
v   -88.970464   -36.472208    32.953957
v   -85.129385   -35.943428    37.285541
v   -76.617959   -36.748721    45.772993
v   -82.339327   -48.866803    32.953957
v   -77.472562   -45.904708    39.730161
v   -74.369895   -46.097722    42.193715
v   -82.661744   -49.949426    31.714416
v   -77.531270   -54.835534    31.714416
v   -74.119398   -49.751236    39.147713
v   -62.428618   -48.761374    46.496013
v   -77.451312   -56.354858    30.081763
v   -60.793241   -64.438437    30.081763
v   -60.094466   -65.365778    29.232609
v   -52.005847   -71.182631    24.655978
v   -50.515673   -72.488645    23.404314
v    -5.171485   -79.328460    23.404314
v     8.419199   -80.386293    24.553001
v     8.609625   -80.508476    24.378375
v    12.048875   -80.240817    24.087696
v    29.773906   -77.567086    24.087696
v    29.776358   -77.564906    24.089739
v    33.199807   -75.102851    26.026829
v    35.318742   -72.290863    28.601669
v    45.603120   -67.300279    28.601669
v    47.343654   -64.942154    30.270827
v    60.324374   -53.849214    32.740102
v    60.789271   -52.913156    33.298168
v    80.614847   -34.031674    33.298168
v    92.961631   -18.171268    33.930198
v    94.024912   -14.386989    35.251604
v    98.008062    -6.941978    35.251604
v   103.366558     3.352072    33.788809
v   103.780919     7.964936    34.347420
v   104.643421    13.151666    34.347420
v   106.747917    18.300121    31.989839
v   107.106975    19.089341    31.197350
v   106.895709    21.382356    31.018502
v   106.252509    26.035403    31.018502
v   105.968232    28.846438    30.728368
v   106.113435    29.328088    30.139654
v   105.718281    30.718962    29.791493
v   103.497595    35.824918    29.791493
v   103.103802    37.094018    29.399335
v   103.162919    37.685729    28.615154
v   102.598859    38.814665    28.109394
v    98.247525    44.215387    28.109394
v    97.170078    46.196473    27.029087
v    95.673093    47.622082    27.029087
v    92.911504    51.245356    24.562400
v    77.926541    62.196226    24.562400
v    75.918893    64.619869    22.470163
v    69.125798    69.428200    20.287889
v    63.671681    74.315670    15.519878
v    50.538537    79.496543    15.519878
v    47.751204    81.796914    12.394736
v    31.664275    77.893040    22.918169
v    44.923688    84.551420     8.129352
v    39.377626    87.887284     3.436258
v    31.325648    88.896897     3.436258
v    31.325648    79.287728    20.514821
v    28.244231    90.485962    -0.074640
v    21.488322    93.273840    -6.535238
v    11.374211    92.428364    -7.286590
v    -9.593514    89.799447    -7.286590
v   -10.499060    89.437528    -6.845259
v   -12.400598    88.702521    -6.100036
v   -26.947091    80.898996     3.224311
v   -32.258866    76.515106     9.179965
v   -48.141066    70.249838     9.179965
v   -49.352275    69.430107     9.775763
v   -53.903299    65.351880    13.754281
v   -64.341189    57.963806    17.107445
v   -68.690617    52.713055    21.640215
v   -78.089608    45.844362    21.640215
v   -82.391770    40.199818    25.482929
v   -83.902239    38.761269    25.482929
v   -85.099963    36.559244    26.683786
v   -89.716096    30.829840    26.683786
v   -90.629406    29.001448    27.502973
v   -89.915240    28.695105    28.909648
v   -89.554275    21.142757    34.960380
v   -92.076128    27.537155    26.158820
v   -95.272646    20.187766    26.158820
v   -96.639138    18.685877    24.390635
v   -97.480528    17.263402    23.433191
v  -100.200571    13.161474    19.788668
v  -102.399054    -2.741567    19.788668
v   -95.139157    -2.741567    32.077425
v  -102.436786    -2.808040    19.709391
v  -104.533109    -7.415864    15.082634
v  -103.844686   -14.885666    14.499913
v  -101.985919   -28.332373    14.499913
v  -101.677260   -31.384504    14.184988
v   -99.606545   -34.885868    16.541614
v   -98.890472   -35.672772    17.468001
v   -90.409967   -37.089118    30.521324
v   -92.967917   -49.290426    17.468001
v   -92.434097   -49.830648    17.963954
v   -91.355560   -50.308076    19.409450
v   -91.034913   -50.170637    20.040662
v   -84.657270   -51.447364    27.869387
v   -85.499613   -57.576419    19.409450
v   -85.379609   -57.659373    19.487227
v   -85.044252   -57.704187    19.925017
v   -84.005489   -56.714870    22.611825
v   -78.280988   -57.357388    28.053411
v   -76.889024   -63.663928    19.925017
v   -76.679936   -63.916332    19.707076
v   -73.902547   -65.882299    18.814878
v   -73.650280   -65.953266    18.889115
v   -50.776658   -74.976717    18.889115
v   -50.021764   -75.171093    19.069053
v   -37.278054   -82.007504    10.900204
v   -36.415960   -82.278841    10.665372
v   -22.563883   -83.549166    12.026960
v    -2.665568   -86.044186    12.026960
v     6.195653   -86.784777    12.685279
v     8.087383   -86.004139    14.494192
v     8.609625   -85.734845    15.089308
v    25.804378   -83.578861    15.089308
v    26.364759   -83.527508    15.034278
v    29.090660   -81.277809    18.090496
v    38.284242   -77.650993    18.090496
v    40.762098   -75.430580    20.256560
v    41.133825   -75.167416    20.376019
v    44.859531   -70.669788    24.258780
v    60.404604   -59.309597    24.258780
v    64.963255   -53.328607    28.330469
v    78.339812   -40.588983    28.330469
v    80.234539   -37.105600    30.230100
v    92.165055   -22.297850    30.230100
v    94.366944   -17.889987    32.205056
v    96.764298   -14.817968    31.168882
v    98.168113   -10.293234    32.566703
v   102.909971     0.609280    32.566703
v   103.705184     3.408600    33.267657
v   105.310186     6.122378    31.441172
v   105.643091     9.415199    31.781024
v   106.501235    15.622985    31.781024
v   108.462434    19.089341    27.154539
v   108.612133    19.802009    26.456718
v   108.532175    20.633183    26.402097
v   107.774693    27.035754    26.402097
v   107.576775    28.872182    26.246405
v   107.618593    30.239219    24.611573
v   105.451575    36.137664    24.611573
v   105.222328    36.831535    24.431771
v   104.911489    38.630504    21.981702
v   101.396913    43.957535    21.981702
v   100.843206    44.909393    21.537647
v   100.543400    45.650394    20.406122
v   100.058481    46.257769    20.044749
v    93.571730    53.398071    17.654205
v    91.211290    55.646136    17.654205
v    84.865656    62.723235    12.317639
v    80.244210    69.281907     1.178523
v    79.496263    69.924425     0.606154
v    60.473937    81.307772     0.606154
v    56.822330    84.020052    -2.703285
v    56.052997    84.686271    -3.996221
v    53.264710    86.310479    -6.188711
v    38.193933    91.332800    -6.188711
v    37.284164    91.760646    -7.104746
v    37.195353    91.805188    -7.214125
v    35.419676    92.454244    -8.650358
v    21.488322    93.949185    -8.650358
v    20.596261    94.158000    -9.604124
v    17.175264    94.809781   -12.794648
v    13.169639    94.459985   -13.045553
v     3.968838    93.472711   -13.045553
v    -1.406549    92.947336   -13.479393
v    -7.316300    90.870356    -9.579333
v   -21.763629    85.582146    -6.100036
v   -24.942576    84.091155    -4.738312
v   -30.711074    80.730909    -0.202408
v   -43.229623    73.897631     4.728787
v   -59.020288    63.644582     9.775763
v   -66.056660    57.600116    15.160820
v   -73.643742    51.560554    16.243716
v   -77.575130    47.175847    19.550022
v   -83.313116    41.711241    19.550022
v   -86.355032    37.901763    21.816067
v   -88.198271    35.801490    21.501278
v   -88.792978    34.779209    21.978160
v   -94.134311    26.683370    21.978160
v   -94.462722    26.282222    21.596354
v   -96.425828    23.020322    20.247298
v   -97.830868    20.832463    18.440837
v  -100.707285    13.003739    18.440837
v  -101.482475    11.508661    16.860217
v  -103.751925     5.651489    12.801605
v  -104.001877     5.031173    12.274868
v  -105.474479    -7.415864    12.274868
v  -105.510575    -7.555346    12.118223
v  -106.519371   -12.359318     7.413824
v  -105.961441   -18.155603     7.032699
v  -105.266481   -24.030347     7.032699
v  -104.585006   -30.354323     6.496699
v  -104.530384   -30.495576     6.594500
v  -103.732855   -33.174756     6.033029
v   -99.623980   -44.358006     6.033029
v   -99.099968   -45.174060     6.706740
v   -98.701408   -45.836329     6.980665
v   -97.367471   -47.465440     8.530909
v   -93.516311   -53.302454     8.530909
v   -92.160308   -54.734192     9.681503
v   -91.134758   -55.389650    11.340309
v   -90.676809   -55.762057    11.669128
v   -86.048689   -60.169921    11.669128
v   -83.772700   -61.818238    12.958523
v   -83.405333   -62.110688    12.906081
v   -82.202161   -62.745714    13.440582
v   -73.508618   -67.948110    13.440582
v   -72.804667   -68.282650    13.695165
v   -62.142842   -74.102364     9.495299
v   -60.705111   -74.533207     9.849999
v   -42.539702   -80.586935     9.850135
v   -26.137984   -85.891082     3.882493
v   -22.723388   -86.756445     2.605766
v   -13.860124   -87.622762     3.321158
v    -1.418127   -88.957925     3.321158
v     6.195653   -89.622646     3.798041
v     7.015929   -89.778882     3.032931
v    10.301667   -89.492017     2.827249
v    23.089510   -88.119804     2.827112
v    24.560069   -87.976099     2.708471
v    24.935881   -87.799294     3.086871
v    26.387234   -83.574502    14.888938
v    35.984008   -84.117448     3.086871
v    36.046938   -84.062963     3.192709
v    35.766747   -83.155646     6.349725
v    51.508376   -74.810537     3.192709
v    53.034646   -72.644473     6.871422
v    56.932118   -68.297906    10.149123
v    82.681884   -43.774332    10.149123
v    84.278440   -41.774720    11.338538
v    85.817923   -37.968511    17.150352
v    90.305062   -30.255568    20.748290
v    98.018687   -18.563971    20.748427
v   100.274107   -14.259766    22.382578
v   100.441104   -13.292787    23.699761
v   102.537972    -6.946200    25.344128
v   105.978857     2.419147    25.344128
v   107.081231     6.122787    26.120407
v   107.064613     6.669002    26.773550
v   107.403784     9.817573    27.040392
v   108.295437    17.353439    27.040392
v   109.366754    20.975487    18.410325
v   108.532175    29.045582    18.410325
v   109.366754    19.802009    19.525095
v   108.483139    29.489092    18.381993
v   107.634938    30.249707    24.470319
v   108.198317    30.808999    17.019587
v   107.768155    32.682750    15.345253
v   106.166559    37.711337    15.345253
v   106.094502    37.715559    16.055741
v   105.074264    38.750917    20.532665
v   104.816548    40.773957    11.583177
v   103.833497    42.811981     9.943986
v   103.334275    43.701454     9.943986
v   103.029975    43.601609    13.618340
v   100.580995    47.604238     4.204365
v    80.962463    68.854742    -0.147786
v    81.677719    69.361047   -10.676531
v    78.564973    71.976478   -12.479451
v    75.349249    74.489750   -12.479451
v    69.860669    78.388993   -16.340145
v    65.145917    81.210379   -16.340145
v    61.766056    83.042721   -17.535689
v    50.509251    88.773079   -17.535689
v    50.331901    88.850585   -17.671494
v    46.937466    89.981836   -17.671494
v    44.450619    90.745448   -18.149194
v    34.173596    93.714626   -18.149194
v    32.687373    94.024103   -19.413935
v    31.438705    94.158000   -19.413935
v    28.506577    94.451540   -19.592102
v    17.175264    95.514413   -19.592102
v    15.884098    95.514413   -20.760267
v     4.898766    94.483959   -20.760267
v     4.658894    94.459985   -20.745692
v     3.107016    94.293533   -20.745692
v    -0.900789    93.458954   -17.335047
v    -8.198690    91.350508   -17.335047
v    -8.674892    91.204215   -17.243512
v   -11.441248    90.098299   -14.007219
v   -26.928566    83.080180    -4.738312
v   -45.392554    73.070953     1.792709
v   -47.801078    71.629543     1.792709
v   -58.983102    63.685582     9.658210
v   -70.824534    54.430296     9.658210
v   -75.685443    50.346076    12.473740
v   -78.623837    47.547709    12.473740
v   -81.574898    44.361816    14.411238
v   -89.662292    34.976582    14.411238
v   -90.504635    33.901314    15.205498
v   -92.573170    30.765820    15.205498
v   -93.638767    28.983060    14.543365
v   -98.719115    19.931003    14.543365
v  -100.472453    16.295879    11.619546
v  -100.522988    16.158439    11.619546
v  -102.214077    11.163769    10.612112
v  -104.233575     4.823448    10.612112
v  -105.510575    -0.738414     5.642097
v  -105.515615    -0.762116     5.617715
v  -105.994405    -5.100101     5.340929
v  -106.745077   -12.359318     5.340929
v  -106.745077   -17.524663     0.433981
v  -105.961441   -25.101665     0.433981
v  -105.602656   -28.352941     0.226528
v  -105.458542   -29.570960     0.226528
v  -105.021978   -31.472498    -1.472733
v  -102.358735   -39.834225    -1.472733
v  -102.039451   -40.776958    -1.662887
v  -101.772609   -41.503383    -1.662887
v  -101.135676   -42.823699    -0.600832
v   -97.819971   -48.731679    -0.600832
v   -96.978445   -49.924499     1.153323
v   -95.818044   -51.405956     2.247525
v   -92.354684   -55.425338     2.247525
v   -90.630360   -57.067526     5.157995
v   -89.092784   -58.359373     6.048557
v   -84.392062   -62.033455     6.048557
v   -81.808096   -63.869066     7.866052
v   -77.710935   -66.320905     7.866052
v   -77.581124   -66.391328     7.912092
v   -61.758312   -74.446030     7.912092
v   -58.595439   -75.829821     5.489129
v   -46.602265   -79.826592     5.489129
v   -38.238222   -82.395303     3.882493
v   -15.447009   -88.271682    -3.586628
v    -9.053020   -88.957925    -3.586628
v    -7.873549   -89.075885    -3.658276
v     7.015929   -90.472617    -3.658276
v    10.156464   -90.472617    -6.499686
v    20.610291   -89.492017    -6.499686
v    23.068669   -89.245880    -6.649112
v    23.396399   -89.210737    -6.649112
v    24.583770   -88.009744     2.402672
v    25.607141   -88.750336    -8.530490
v    34.040516   -86.314024    -8.530490
v    34.045420   -86.238971    -7.753530
v    36.167351   -84.342473     0.984964
v    35.051355   -85.909879    -9.713094
v    37.547737   -84.817721   -11.625257
v    45.456554   -80.791664   -11.625257
v    46.815691   -80.054886   -12.106090
v    51.545017   -74.848540     2.816760
v    47.020283   -79.923985   -12.392547
v    50.489909   -77.459069   -14.833081
v    61.104059   -69.162996   -14.833081
v    62.339787   -68.124778   -15.548882
v    69.467421   -61.336451   -15.548882
v    75.280869   -55.060695   -11.732184
v    80.500428   -49.003425   -11.732184
v    86.695137   -41.094471    -5.890812
v    88.903564   -37.964016    -1.287075
v    92.088912   -32.634398     0.692377
v    95.882044   -25.875765     0.692377
v   101.148732   -14.957042     9.474595
v   102.412792   -12.089207    12.997344
v   103.878311    -7.760892    13.870335
v   106.592225     0.759660    13.870335
v   108.015927     6.960907    19.411493
v   108.099017     7.663087    19.411493
v   108.295437     9.442578    19.525095
v   108.438733    20.975487     9.886368
v   108.198317    22.120224     8.765332
v   107.984053    22.950308     7.833361
v   106.721628    33.621259     7.833361
v   105.960196    35.510674     6.228768
v   105.837195    35.828188     6.008783
v   103.960720    39.447239     2.182687
v   102.065039    44.606864     2.182687
v    99.619193    48.415388    -0.961525
v    99.140267    49.551543     0.658052
v    98.701796    49.376101    -2.657244
v    93.938008    55.193635    -8.193226
v    92.408332    57.512258    -8.193226
v    92.789321    57.198287    -7.153238
v    86.893191    63.335514   -12.872699
v    84.017047    66.612670   -13.363884
v    83.289259    67.722536   -11.212122
v    80.983576    69.079766   -15.542343
v    76.906031    72.963072   -15.542343
v    72.111867    76.435422   -18.258437
v    70.390811    77.805455   -18.012708
v    63.959772    81.198938   -20.869919
v    59.309858    83.981503   -20.869919
v    53.344395    86.816783   -23.026993
v    51.451439    87.850098   -22.281361
v    45.057313    89.766211   -23.859120
v    39.131216    91.741167   -23.859120
v    33.420064    93.282966   -24.999089
v    31.543181    93.230933   -27.136685
v    26.519361    93.721845   -27.542192
v    19.719592    94.451540   -27.542192
v    15.884098    94.786489   -27.782472
v    14.659131    94.553019   -28.924894
v    13.868141    94.483959   -28.875312
v     3.600925    93.382266   -28.875312
v     2.565840    93.281059   -28.791813
v     2.118380    93.293591   -28.282103
v     1.972631    93.254225   -28.253089
v    -8.341441    89.817018   -28.253089
v    -8.370182    89.808437   -28.246006
v   -10.633639    89.453601   -25.309928
v   -12.189059    88.714371   -24.747503
v   -28.965636    78.674905   -24.747503
v   -48.188605    68.531507   -16.207337
v   -51.828225    67.196208   -10.914496
v   -63.158994    58.989492    -4.495307
v   -71.693439    50.861507    -4.495307
v   -81.887235    42.571019     2.825342
v   -83.804847    40.386021     3.152799
v   -86.319753    37.730679     5.286580
v   -96.375565    22.488953     5.286580
v   -97.597399    20.157118     4.401194
v   -99.055971    17.733474     5.403724
v  -101.179809    11.305023     3.738107
v  -103.472552     5.064954     3.738107
v  -105.094580    -0.384532     2.596095
v  -104.986290    -3.922809    -1.635100
v  -105.430618    -8.046259    -1.984487
v  -105.994405   -12.811137    -1.984487
v  -106.448132   -17.524663    -2.294508
v  -105.602656   -21.549903    -6.236249
v  -105.544492   -21.775336    -6.489334
v  -104.323068   -32.099352    -6.489334
v  -103.812540   -33.366000    -7.565010
v  -103.290843   -34.712468    -8.498072
v  -102.874167   -35.516127    -9.347634
v  -100.051963   -43.197605    -9.347634
v  -100.081657   -43.219535    -9.083244
v   -97.766167   -48.713972    -1.251659
v   -99.504521   -43.770926   -10.359427
v   -95.231101   -50.248142   -10.359427
v   -95.143107   -50.465539   -10.027475
v   -95.384341   -50.676397    -7.753393
v   -92.302651   -55.375757     1.357507
v   -88.591383   -56.705335   -10.027475
v   -88.007300   -57.534193    -8.619710
v   -88.250032   -57.786187    -6.125099
v   -65.566973   -70.963055    -8.619710
v   -63.869619   -71.769847    -9.233487
v   -61.769618   -72.993042    -7.582309
v   -27.557463   -84.394234    -7.582446
v   -16.266741   -87.442551    -9.835823
v   -11.007681   -87.296531   -15.825531
v    -8.370591   -87.554246   -16.038432
v     5.809897   -89.075885   -16.038432
v    10.156464   -89.455376   -16.310587
v    10.672440   -89.357166   -16.791828
v    11.946443   -89.245880   -16.712007
v    24.388849   -87.910717   -16.712007
v    26.656392   -87.689098   -16.528937
v    27.922903   -87.243952   -17.364878
v    27.944970   -87.233600   -17.386944
v    38.171321   -83.825679   -17.386944
v    38.903059   -83.606376   -17.206462
v    42.446104   -81.672419   -18.602103
v    42.956904   -81.293065   -19.065092
v    51.831065   -75.982516   -19.065092
v    52.234121   -75.636262   -19.373479
v    59.104312   -70.167433   -20.354079
v    60.017350   -69.506118   -19.836877
v    69.707293   -60.277665   -19.836877
v    70.681218   -59.485449   -19.137422
v    75.899142   -53.540010   -18.246314
v    79.113095   -50.146527   -15.519460
v    83.399456   -43.649560   -15.519460
v    87.971183   -38.066585   -10.206732
v    90.820221   -33.332491    -8.248529
v    95.097728   -26.671796    -2.749461
v    98.494888   -17.425500    -2.749461
v   100.074554   -13.839820    -0.914667
v   102.241844    -9.659978     3.504365
v   106.112482     0.329498    10.426454
v   106.503959     3.962443    10.118475
v   108.099017    17.445110    10.118475
v   104.236688    24.425498    -2.823016
v   104.907948    22.950308    -1.341832
v   103.604250    25.537952    -4.153956
v   101.578894    40.189466    -4.153956
v    99.989148    42.586820    -6.284060
v    98.949432    44.344653    -7.467073
v    95.763675    47.845744   -11.588888
v    92.266398    55.887097   -11.588888
v    89.463537    58.724012   -14.193014
v    87.332888    61.454408   -15.113953
v    84.459195    63.613525   -17.476573
v    79.689822    69.533084   -17.476573
v    75.394471    72.502671   -20.261590
v    72.604959    75.159375   -20.261590
v    66.869833    77.988798   -23.240167
v    61.871077    81.641767   -23.240167
v    55.063271    84.726454   -26.145052
v    53.935289    85.524800   -25.782725
v    44.183505    88.269226   -28.651922
v    39.792941    90.001315   -28.651922
v    31.959176    92.019860   -30.519952
v    29.934229    91.466425   -32.876442
v    25.245767    91.896451   -33.337252
v    19.067675    92.671096   -33.337252
v    14.659131    93.039553   -33.664708
v    12.461602    92.132781   -35.766208
v    12.206883    92.001335   -36.056478
v     1.672417    90.680611   -36.056478
v     1.017095    90.286273   -36.611003
v     0.912619    90.230289   -36.678019
v    -0.112795    89.383996   -37.827660
v   -10.424688    85.316121   -37.827660
v   -10.790148    84.988528   -38.147216
v   -12.871896    83.515109   -38.815888
v   -18.795677    80.831025   -36.288177
v   -34.058244    69.677334   -36.288177
v   -47.150387    63.218234   -29.488680
v   -50.409836    62.782079   -25.232695
v   -63.499391    53.732884   -16.745652
v   -76.608016    37.462884   -16.745788
v   -86.166649    30.281309    -8.887097
v   -92.377432    22.322501    -6.202469
v   -92.931684    20.536063    -6.754405
v  -101.720303     0.328817    -6.754405
v  -102.728146    -3.219131    -7.642788
v  -102.412131    -4.268383    -8.924828
v  -102.899775    -9.091288    -9.422551
v  -104.014408   -17.155116    -9.422551
v  -104.440211   -21.775336    -9.782972
v  -102.629391   -25.755625   -13.779471
v  -101.627678   -27.517408   -15.887372
v  -100.416061   -36.282054   -15.887372
v   -99.438322   -37.756427   -17.197335
v   -99.147234   -43.670810   -11.543665
v   -98.617636   -38.520720   -18.407863
v   -97.092865   -40.196280   -20.380641
v   -94.912498   -45.209748   -20.380641
v   -95.115320   -45.343237   -19.733627
v   -94.141122   -49.511637   -14.767017
v   -92.420748   -46.312667   -23.719910
v   -88.871573   -50.717806   -23.719910
v   -89.363167   -51.185971   -21.910180
v   -87.695371   -55.502707   -15.133704
v   -85.446762   -51.176164   -28.191930
v   -84.067466   -51.856685   -28.908412
v   -75.556721   -58.076186   -28.908412
v   -69.616186   -60.767761   -31.443205
v   -67.513733   -62.256028   -30.767860
v   -63.584660   -70.847138   -12.443763
v   -58.894699   -64.681714   -33.303743
v   -40.671809   -71.870372   -33.303743
v   -34.143377   -73.552607   -34.860389
v   -20.701029   -79.021980   -31.738516
v   -12.302525   -83.527236   -26.354957
v    -8.592210   -83.867633   -26.719600
v     5.363934   -85.617429   -26.719600
v     8.025134   -85.839866   -26.917382
v    10.672440   -86.932296   -24.385857
v    14.927880   -86.576643   -24.069706
v    23.164019   -85.543874   -24.069706
v    28.605877   -85.044788   -23.534796
v    28.689103   -85.067536   -23.437949
v    32.531136   -84.077538   -22.521778
v    41.663013   -80.475240   -22.521778
v    43.577355   -79.936380   -21.958536
v    48.171286   -76.684832   -23.434271
v    48.947429   -76.333129   -23.103136
v    58.769227   -69.155505   -23.103136
v    59.666192   -68.712948   -22.637150
v    67.472849   -61.278016   -22.637150
v    68.110873   -60.836957   -22.223607
v    75.387116   -51.806014   -22.223607
v    76.499842   -50.969937   -21.308662
v    78.916948   -47.872446   -20.263906
v    82.873536   -43.867774   -16.587917
v    87.199126   -33.922159   -16.587917
v    90.996617   -29.748582   -11.674566
v    96.552759   -20.354358    -5.351680
v   104.403277    17.474124    -0.914667
v    95.973716    25.537952   -17.069976
v    95.841180    27.083429   -16.932809
v    93.326546    42.204061   -16.932809
v    92.775019    48.344966   -16.189084
v    89.184027    52.874059   -18.879842
v    88.678539    53.219496   -19.320629
v    82.956899    63.914284   -19.320629
v    81.671998    64.774335   -20.186809
v    75.546213    71.276342   -21.485467
v    71.505309    73.096833   -23.779844
v    71.005406    73.403858   -23.971224
v    66.100636    78.075021   -23.971224
v    58.028908    81.499560   -27.773482
v    57.664128    81.728262   -27.831645
v    55.274266    83.770509   -27.377102
v    42.695374    86.976698   -31.560213
v    40.371984    88.104136   -31.560213
v    30.103270    90.548484   -34.360077
v    27.706869    89.330192   -36.985998
v    24.553667    88.675687   -38.864924
v    19.671781    89.073293   -39.427894
v    15.935041    89.636944   -39.427894
v    12.206883    89.927078   -39.743092
v     9.541324    88.217737   -42.187303
v     8.679367    87.491312   -43.178664
v    -0.722349    86.073195   -43.178664
v    -1.861229    85.075024   -44.135154
v    -2.482089    84.628517   -44.486448
v    -3.581739    83.169127   -45.822837
v   -14.071799    78.078699   -45.822837
v   -15.241055    76.494538   -46.944145
v   -18.370419    73.820262   -47.539397
v   -26.005448    70.581109   -43.942821
v   -38.449897    58.729324   -43.942821
v   -48.252353    54.313016   -38.376872
v   -53.699387    48.531578   -37.222192
v   -67.513461    39.283511   -27.909423
v   -85.945984     4.830259   -27.909423
v   -91.984048     0.703404   -22.643825
v   -94.936199    -3.019851   -20.431857
v   -94.960717    -3.293504   -20.464957
v   -98.598567   -25.167729   -20.464957
v   -98.800162   -27.517408   -20.673499
v   -96.531938   -30.725368   -23.762272
v   -92.215066   -41.010972   -27.888583
v   -93.357350   -34.142279   -27.888583
v   -91.746083   -41.496300   -28.316565
v   -91.966885   -46.117882   -24.613742
v   -87.634756   -43.523836   -32.477473
v   -85.692218   -47.154738   -32.477473
v   -85.922964   -47.327865   -32.032873
v   -80.827632   -47.386982   -37.456342
v   -75.074935   -52.865890   -37.456342
v   -72.211867   -54.080504   -38.804990
v   -70.831890   -55.259703   -38.542507
v   -69.660455   -55.558282   -38.932078
v   -51.518340   -64.362022   -38.932078
v   -47.485199   -65.322053   -40.031728
v   -41.616585   -68.178174   -39.088859
v   -17.621246   -79.272749   -32.093760
v    -0.377048   -81.874015   -32.093760
v     5.392403   -82.322974   -32.581268
v     8.025134   -84.011474   -30.167023
v    14.706261   -83.491412   -29.602419
v    27.417143   -81.574073   -29.602419
v    29.272777   -81.422876   -29.388427
v    29.735085   -81.090380   -29.650093
v    33.758554   -80.132664   -28.553031
v    49.047819   -72.713397   -28.553031
v    49.611878   -71.948967   -29.094070
v    51.878740   -70.011878   -29.525322
v    52.144765   -69.898957   -29.400006
v    68.311242   -54.502357   -29.400006
v    68.805288   -53.446159   -29.922384
v    69.492757   -52.986030   -29.458986
v    77.137457   -38.696844   -29.458986
v    78.436115   -37.809142   -28.326372
v    80.651080   -35.015679   -26.666749
v    81.163378   -29.310248   -27.357759
v    87.945303    11.470113   -27.357759
v    88.005645    11.591343   -27.294148
v    90.610453    17.952505   -24.373598
v    89.569102    31.214642   -23.090060
v    88.001423    38.720814   -23.090060
v    86.910899    53.386766   -21.083365
v    81.164468    59.337245   -23.775213
v    81.156431    59.340786   -23.779844
v    62.976720    76.787397   -27.773482
v    41.867197    85.370879   -33.419524
v    39.737366    86.726202   -33.419524
v    23.457694    87.928420   -39.884890
v    15.562089    85.771346   -43.786584
v    15.173337    85.797499   -43.837255
v    11.408673    86.510712   -43.837255
v     8.679367    86.705089   -44.088841
v     4.466833    83.112462   -47.511882
v     3.320053    81.721179   -48.765998
v     3.144747    81.543285   -48.920464
v    -3.890399    80.210574   -48.920464
v    -6.245936    77.386599   -50.774327
v    -7.967536    75.878718   -51.516009
v    -9.190868    73.278678   -53.103984
v   -18.827960    67.145946   -53.103984
v   -19.766197    65.126447   -54.108148
v   -24.086339    61.012123   -54.108148
v   -27.954525    59.381922   -52.276215
v   -45.865487    33.852822   -52.276215
v   -51.892381    29.173213   -49.998320
v   -52.199134    28.764982   -49.905423
v   -74.243353     5.937537   -39.579091
v   -74.797877    -1.520415   -40.599465
v   -81.642733   -34.293204   -40.599465
v   -83.712085   -34.293204   -38.494424
v   -84.413039   -34.142279   -37.749201
v   -86.830281   -43.413094   -33.384654
v   -80.434520   -35.196434   -41.636729
v   -78.770402   -43.163824   -41.636729
v   -80.456587   -44.016110   -39.740367
v   -80.767834   -47.350613   -37.539705
v   -76.513075   -43.627085   -43.241050
v   -73.587349   -47.797120   -43.241050
v   -72.614514   -48.207122   -43.701723
v   -70.633972   -47.624674   -45.308223
v   -59.646733   -54.616503   -45.308223
v   -59.604235   -54.706949   -45.252920
v   -37.190197   -68.476754   -39.665586
v    -3.431224   -74.872105   -39.665586
v     5.392403   -75.500457   -40.478916
v     6.043230   -74.945388   -41.007696
v     6.658370   -74.199075   -41.680590
v    29.705936   -69.832893   -41.680590
v    30.529209   -69.777318   -41.573254
v    30.854486   -70.360856   -40.884151
v    31.949505   -66.758423   -43.417037
v    49.666091   -55.484319   -43.417037
v    52.500009   -54.830903   -42.414643
v    52.911237   -54.951861   -42.081057
v    54.814682   -54.149700   -41.179597
v    68.557108   -53.295098   -30.267957
v    63.403340   -41.907937   -41.179597
v    67.259676   -40.262208   -38.936436
v    67.338952   -40.245998   -38.880180
v    68.278687   -39.534965   -38.292692
v    73.907839   -12.582980   -38.292692
v    74.916226   -11.039002   -37.594871
v    84.815666     8.141604   -30.197671
v    83.450944    26.719194   -28.330050
v    82.159233    31.310400   -28.330050
v    80.527670    59.365713   -24.190936
v    62.888454    75.798079   -28.299538
v    41.469182    80.832251   -35.829547
v    37.107631    84.986076   -35.829547
v     7.464616    80.011702   -49.218363
v     3.038773    81.141183   -49.218363
v    -2.055333    75.945462   -52.516768
v    -2.500069    75.213179   -52.946249
v    -5.319685    71.831684   -54.793982
v    -9.298749    70.816213   -54.793982
v   -12.014706    66.435865   -56.666235
v   -13.850725    64.648202   -57.103479
v   -14.141813    63.525259   -57.517976
v   -23.514652    54.598656   -57.517976
v   -23.783264    53.468357   -57.870633
v   -43.276208    35.308942   -53.330234
v   -66.716477   -22.834803   -49.905423
v   -67.458703   -32.938426   -50.921302
v   -69.353975   -34.623793   -49.775475
v   -71.750513   -35.196434   -48.084659
v   -74.803462   -43.248412   -44.569130
v   -67.194586   -42.298733   -49.775475
v   -69.039868   -43.477659   -48.336381
v   -69.295812   -46.350126   -46.809158
v   -63.887326   -42.141134   -51.396277
v   -60.236673   -45.617843   -51.396277
v   -60.039436   -45.660341   -51.454985
v   -53.255468   -40.835257   -56.005464
v   -50.067531   -41.003480   -56.453469
v    -8.020250   -51.733412   -56.453469
v    -1.690554   -56.268362   -54.427024
v     1.090105   -57.747230   -53.684661
v     6.658370   -63.426372   -50.079367
v    10.359966   -63.179826   -49.724940
v    25.327631   -59.360132   -49.724940
v    32.290039   -58.992901   -48.746656
v    35.975426   -55.404634   -49.624278
v    39.440284   -54.657776   -48.594778
v    49.354707   -45.215469   -48.594778
v    51.596097   -44.688732   -47.806920
v    53.822776   -42.614339   -47.288220
v    54.445408   -42.264135   -47.034727
v    59.137684   -25.586176   -47.034727
v    61.125309   -24.083062   -46.000459
v    61.825854   -23.327623   -45.597540
v    49.930889   -28.351715   -51.111047
v    37.174512   -23.193998   -55.227686
v    16.957731    -8.158771   -60.583593
v    -8.945003    51.398324   -60.583593
v    -9.338523    58.169488   -59.584469
v    -4.969617    68.469667   -56.119474
v     4.642549    77.624291   -50.796394
v     7.345838    79.722930   -49.380456
v    -6.263916    68.980194   -56.119474
v    -9.367400    65.542306   -57.463082
v   -11.586451    60.564527   -59.149812
v   -14.001513    59.611851   -59.149812
v   -16.713521    53.238429   -60.678125
v   -16.135840    51.876432   -61.136347
v   -17.433953    29.539219   -64.432165
v   -30.202998     0.179936   -64.432165
v   -31.236449   -12.767140   -65.694045
v   -35.140322   -19.474012   -64.718621
v   -37.257214   -21.899426   -64.024887
v   -48.005943   -30.700577   -60.024301
v   -55.455858   -32.938426   -56.725896
v   -58.074150   -39.973844   -54.502486
v   -46.729488   -33.635430   -60.024301
v   -53.218963   -39.815973   -56.430449
v   -41.162722   -31.493748   -61.807742
v   -32.278208   -34.998652   -61.807742
v   -24.734170   -35.544732   -62.508015
v   -17.375381   -41.370439   -60.503364
v    17.112878   -56.587238   -52.197484
v    26.278400   -52.971591   -52.197484
v    35.870133   -52.465968   -50.849517
v    43.595336   -45.108678   -50.849517
v    43.787533   -45.034441   -50.805656
v    49.680802   -31.484349   -50.805656
v    -7.391081     2.947790   -65.940455
v   -11.416185     6.451469   -66.626970
v   -14.769893    30.543928   -64.671628
v   -14.649480    31.928945   -64.473165
v   -14.649480    51.481414   -61.419126
v   -11.586451    57.572192   -60.012179
v   -15.820778    26.552742   -65.138703
v   -16.397914    26.003121   -65.138703
v   -19.623718     2.829557   -67.019537
v   -26.181572    -8.367314   -66.556139
v   -39.644761   -30.048116   -62.397001
v   -28.930357   -25.388258   -64.718621
v   -28.930357   -27.200712   -64.435570
v   -26.181572   -14.947916   -65.940455
v   -15.820778     6.451469   -67.019537
f      1      2      3
f      1      3      4
f      1      4      5
f      1      5      6
f      4      7      8
f      4      8      9
f      4      9     10
f      4     10      5
f     10      9     11
f     10     11     12
f     10     12     13
f      6      5     10
f      6     10     13
f      6     13     14
f     15     16     17
f     15     17     18
f     15     18     19
f     20     15     19
f     20     19     21
f     20     21     22
f     20     22     23
f     20     23     24
f     20     24     25
f     20     25      2
f     20      2      1
f     22     26     27
f     22     27     28
f     22     28     23
f      3     29     30
f      3     30     31
f      3     31      7
f      3      7      4
f     31     32     33
f     31     33      8
f     31      8      7
f      8     33     34
f      8     34     35
f      8     35     36
f      8     36     11
f      8     11      9
f     12     11     36
f     12     36     37
f     12     37     38
f     14     13     12
f     14     12     38
f     14     38     39
f     14     39     40
f     40     39     41
f     40     41     42
f     40     42     43
f     43     42     44
f     43     44     45
f     43     45     46
f     43     46     47
f     43     47     48
f      1      6     14
f      1     14     40
f      1     40     43
f      1     43     48
f      1     48     49
f      1     49     50
f      1     50     20
f     50     51     52
f     50     52     16
f     50     16     15
f     50     15     20
f     53     54     55
f     53     55     56
f     53     56     57
f     53     57     58
f     17     58     57
f     17     57     59
f     17     59     60
f     17     60     18
f     19     18     60
f     19     60     61
f     19     61     62
f     19     62     21
f     21     62     63
f     21     63     64
f     21     64     26
f     21     26     22
f     64     65     66
f     64     66     27
f     64     27     26
f     25     67     68
f     25     68     29
f     25     29      3
f     25      3      2
f     68     69     30
f     68     30     29
f     30     69     70
f     30     70     71
f     30     71     32
f     30     32     31
f     71     72     34
f     71     34     33
f     71     33     32
f     34     72     73
f     34     73     74
f     34     74     75
f     34     75     35
f     36     35     75
f     36     75     76
f     36     76     77
f     36     77     37
f     38     37     77
f     38     77     78
f     38     78     79
f     38     79     41
f     38     41     39
f     78     80     81
f     78     81     82
f     78     82     79
f     41     79     82
f     41     82     83
f     41     83     44
f     41     44     42
f     44     83     84
f     44     84     85
f     44     85     45
f     46     86     87
f     46     87     88
f     46     88     89
f     46     89     90
f     46     90     47
f     48     47     90
f     48     90     91
f     48     91     92
f     48     92     93
f     48     93     49
f     49     93     94
f     49     94     95
f     49     95     51
f     49     51     50
f     95     96     52
f     95     52     51
f     52     96     97
f     52     97     98
f     52     98     53
f     52     53     58
f     52     58     17
f     52     17     16
f     99    100    101
f     99    101    102
f     99    102     55
f     99     55     54
f     55    102    103
f     55    103    104
f     55    104     56
f     57     56    104
f     57    104    105
f     57    105    106
f     57    106    107
f     57    107     59
f     60     59    107
f     60    107    108
f     60    108    109
f     60    109     61
f     61    109    110
f     61    110    111
f     61    111     63
f     61     63     62
f     63    111    112
f     63    112    113
f     63    113     65
f     63     65     64
f    113    114    115
f    113    115     66
f    113     66     65
f     23     28    116
f     23    116     24
f     24    116    117
f     24    117    118
f     24    118    119
f     24    119     67
f     24     67     25
f    119    120     70
f    119     70     69
f    119     69     68
f    119     68     67
f    121    122     73
f    121     73     72
f    121     72     71
f    121     71     70
f    121     70    120
f    123    124    125
f    123    125    126
f    123    126    122
f    123    122    121
f    126    127     74
f    126     74     73
f    126     73    122
f    125    128    129
f    125    129    127
f    125    127    126
f     75     74    127
f     75    127    129
f     75    129    130
f     75    130    131
f     75    131     76
f     77     76    131
f     77    131    132
f     77    132     80
f     77     80     78
f    132    133    134
f    132    134    135
f    132    135     81
f    132     81     80
f     82     81    135
f     82    135    136
f     82    136     84
f     82     84     83
f    135    134    137
f    135    137    138
f    135    138    139
f    135    139    136
f     84    136    139
f     84    139    140
f     84    140     85
f     45     85    140
f     45    140     86
f     45     86     46
f     88    141    142
f     88    142    143
f     88    143     89
f     90     89    143
f     90    143    144
f     90    144    145
f     90    145    146
f     90    146     91
f     91    146    147
f     91    147    148
f     91    148     92
f     92    148    149
f     92    149    150
f     92    150    151
f     92    151     94
f     92     94     93
f     94    151    152
f     94    152    153
f     94    153     97
f     94     97     96
f     94     96     95
f    153    154    155
f    153    155    156
f    153    156     98
f    153     98     97
f     98    156    157
f     98    157     99
f     98     99     54
f     98     54     53
f    158    159    160
f    158    160    161
f    158    161    101
f    158    101    100
f    101    161    162
f    101    162    163
f    101    163    103
f    101    103    102
f    104    103    163
f    104    163    164
f    104    164    165
f    104    165    105
f    105    165    166
f    105    166    167
f    105    167    106
f    107    106    167
f    107    167    168
f    107    168    169
f    107    169    108
f    108    169    170
f    108    170    171
f    108    171    172
f    108    172    110
f    108    110    109
f    110    172    173
f    110    173    112
f    110    112    111
f    112    173    174
f    112    174    175
f    112    175    176
f    112    176    114
f    112    114    113
f    175    177    178
f    175    178    176
f    115    114    176
f    115    176    178
f    115    178    179
f    115    179    180
f     27     66    115
f     27    115    180
f     27    180    181
f     27    181    182
f     27    182    183
f     27    183    117
f     27    117    116
f     27    116     28
f    117    183    184
f    117    184    185
f    117    185    186
f    117    186    118
f    118    186    187
f    118    187    188
f    118    188    123
f    118    123    121
f    118    121    120
f    118    120    119
f    187    189    190
f    187    190    191
f    187    191    192
f    187    192    188
f    188    192    193
f    188    193    124
f    188    124    123
f    191    194    195
f    191    195    196
f    191    196    193
f    191    193    192
f    193    196    197
f    193    197    128
f    193    128    125
f    193    125    124
f    195    198    197
f    195    197    196
f    129    128    197
f    129    197    198
f    129    198    199
f    129    199    200
f    129    200    201
f    129    201    202
f    129    202    203
f    129    203    130
f    131    130    203
f    131    203    204
f    131    204    133
f    131    133    132
f    203    202    205
f    203    205    206
f    203    206    204
f    204    206    207
f    204    207    137
f    204    137    134
f    204    134    133
f    207    206    205
f    207    205    208
f    207    208    209
f    207    209    210
f    138    137    207
f    138    207    210
f    138    210    211
f    211    210    209
f    211    209    212
f    211    212    213
f    140    139    138
f    140    138    211
f    140    211    213
f    140    213    214
f    140    214    215
f    140    215     87
f    140     87     86
f     87    215    216
f     87    216    217
f     87    217    218
f     87    218    141
f     87    141     88
f    218    219    220
f    218    220    221
f    218    221    222
f    218    222    142
f    218    142    141
f    143    142    222
f    143    222    223
f    143    223    224
f    143    224    144
f    144    224    225
f    144    225    226
f    144    226    145
f    145    226    227
f    145    227    228
f    145    228    147
f    145    147    146
f    147    228    229
f    147    229    149
f    147    149    148
f    150    230    231
f    150    231    152
f    150    152    151
f    152    231    232
f    152    232    154
f    152    154    153
f    155    233    234
f    155    234    157
f    155    157    156
f    157    234    235
f    157    235    158
f    157    158    100
f    157    100     99
f    236    237    238
f    236    238    239
f    236    239    160
f    236    160    159
f    160    239    240
f    160    240    162
f    160    162    161
f    163    162    240
f    163    240    241
f    163    241    242
f    163    242    243
f    163    243    164
f    164    243    244
f    164    244    166
f    164    166    165
f    167    166    244
f    167    244    245
f    167    245    246
f    167    246    247
f    167    247    168
f    168    247    248
f    168    248    249
f    168    249    170
f    168    170    169
f    170    249    250
f    170    250    251
f    170    251    171
f    171    251    252
f    171    252    253
f    171    253    174
f    171    174    173
f    171    173    172
f    174    253    254
f    174    254    255
f    174    255    177
f    174    177    175
f    178    177    255
f    178    255    256
f    178    256    257
f    178    257    179
f    257    256    258
f    257    258    259
f    257    259    260
f    257    260    261
f    261    260    262
f    261    262    263
f    261    263    264
f    261    264    265
f    261    265    266
f    180    179    257
f    180    257    261
f    180    261    266
f    180    266    267
f    180    267    268
f    180    268    269
f    180    269    181
f    181    269    270
f    181    270    271
f    181    271    272
f    181    272    182
f    182    272    273
f    182    273    274
f    182    274    184
f    182    184    183
f    184    274    275
f    184    275    276
f    184    276    185
f    185    276    277
f    185    277    278
f    185    278    189
f    185    189    187
f    185    187    186
f    278    279    280
f    278    280    281
f    278    281    190
f    278    190    189
f    190    281    282
f    190    282    194
f    190    194    191
f    280    283    284
f    280    284    282
f    280    282    281
f    282    284    285
f    282    285    286
f    282    286    199
f    282    199    198
f    282    198    195
f    282    195    194
f    199    286    287
f    199    287    288
f    199    288    289
f    199    289    200
f    288    290    291
f    288    291    292
f    288    292    293
f    288    293    289
f    200    289    293
f    200    293    294
f    200    294    295
f    200    295    296
f    200    296    297
f    200    297    201
f    296    298    299
f    296    299    300
f    296    300    301
f    296    301    297
f    201    297    301
f    201    301    302
f    201    302    208
f    201    208    205
f    201    205    202
f    302    301    300
f    302    300    303
f    302    303    304
f    302    304    305
f    302    305    306
f    209    208    302
f    209    302    306
f    209    306    307
f    209    307    212
f    307    306    305
f    307    305    308
f    213    212    307
f    213    307    308
f    213    308    309
f    213    309    310
f    213    310    311
f    213    311    214
f    214    311    312
f    214    312    313
f    214    313    216
f    214    216    215
f    216    313    314
f    216    314    315
f    216    315    316
f    216    316    217
f    217    316    317
f    217    317    318
f    217    318    319
f    217    319    320
f    217    320    219
f    217    219    218
f    320    321    220
f    320    220    219
f    220    321    322
f    220    322    323
f    220    323    221
f    222    221    323
f    222    323    324
f    222    324    325
f    222    325    223
f    223    325    326
f    223    326    327
f    223    327    225
f    223    225    224
f    225    327    328
f    225    328    329
f    225    329    227
f    225    227    226
f    227    329    330
f    227    330    331
f    227    331    229
f    227    229    228
f    149    229    331
f    149    331    332
f    149    332    333
f    149    333    230
f    149    230    150
f    333    334    335
f    333    335    232
f    333    232    231
f    333    231    230
f    232    335    336
f    232    336    337
f    232    337    233
f    232    233    155
f    232    155    154
f    337    338    339
f    337    339    235
f    337    235    234
f    337    234    233
f    235    339    340
f    235    340    236
f    235    236    159
f    235    159    158
f    341    342    343
f    341    343    344
f    341    344    238
f    341    238    237
f    240    239    238
f    240    238    344
f    240    344    345
f    240    345    241
f    241    345    346
f    241    346    347
f    241    347    242
f    244    243    242
f    244    242    347
f    244    347    348
f    244    348    245
f    245    348    349
f    245    349    350
f    245    350    246
f    246    350    351
f    246    351    248
f    246    248    247
f    248    351    352
f    248    352    353
f    248    353    354
f    248    354    355
f    248    355    250
f    248    250    249
f    250    355    356
f    250    356    252
f    250    252    251
f    252    356    357
f    252    357    358
f    252    358    359
f    252    359    254
f    252    254    253
f    254    359    360
f    254    360    258
f    254    258    256
f    254    256    255
f    258    360    361
f    258    361    362
f    258    362    363
f    258    363    259
f    259    363    364
f    259    364    262
f    259    262    260
f    262    364    365
f    262    365    366
f    262    366    367
f    262    367    263
f    263    367    368
f    263    368    369
f    263    369    370
f    263    370    371
f    263    371    264
f    264    371    372
f    264    372    373
f    264    373    265
f    267    374    375
f    267    375    376
f    267    376    268
f    268    376    377
f    268    377    270
f    268    270    269
f    271    378    379
f    271    379    273
f    271    273    272
f    273    379    380
f    273    380    381
f    273    381    275
f    273    275    274
f    275    381    382
f    275    382    383
f    275    383    277
f    275    277    276
f    277    383    384
f    277    384    385
f    277    385    279
f    277    279    278
f    385    386    283
f    385    283    280
f    385    280    279
f    387    388    285
f    387    285    284
f    387    284    283
f    387    283    386
f    285    388    389
f    285    389    390
f    285    390    287
f    285    287    286
f    287    390    391
f    287    391    392
f    287    392    290
f    287    290    288
f    392    393    394
f    392    394    291
f    392    291    290
f    291    394    395
f    291    395    396
f    291    396    397
f    291    397    398
f    291    398    292
f    293    292    398
f    293    398    399
f    293    399    400
f    293    400    294
f    294    400    401
f    294    401    402
f    294    402    403
f    294    403    295
f    295    403    404
f    295    404    405
f    295    405    298
f    295    298    296
f    405    406    407
f    405    407    408
f    405    408    299
f    405    299    298
f    300    299    408
f    300    408    409
f    300    409    303
f    304    303    409
f    304    409    410
f    304    410    411
f    308    305    304
f    308    304    411
f    308    411    412
f    308    412    413
f    308    413    309
f    309    413    414
f    309    414    415
f    309    415    310
f    310    415    416
f    310    416    417
f    310    417    312
f    310    312    311
f    312    417    418
f    312    418    314
f    312    314    313
f    315    419    420
f    315    420    421
f    315    421    317
f    315    317    316
f    317    421    422
f    317    422    423
f    317    423    318
f    318    423    424
f    318    424    425
f    318    425    426
f    318    426    319
f    319    426    427
f    319    427    428
f    319    428    429
f    319    429    322
f    319    322    321
f    319    321    320
f    428    430    431
f    428    431    432
f    428    432    429
f    323    322    429
f    323    429    432
f    323    432    324
f    324    432    431
f    324    431    433
f    324    433    434
f    324    434    326
f    324    326    325
f    326    434    435
f    326    435    328
f    326    328    327
f    328    435    436
f    328    436    437
f    328    437    438
f    328    438    330
f    328    330    329
f    331    330    438
f    331    438    439
f    331    439    332
f    332    439    440
f    332    440    441
f    332    441    442
f    332    442    334
f    332    334    333
f    442    443    336
f    442    336    335
f    442    335    334
f    336    443    444
f    336    444    445
f    336    445    446
f    336    446    338
f    336    338    337
f    446    447    340
f    446    340    339
f    446    339    338
f    340    447    448
f    340    448    341
f    340    341    237
f    340    237    236
f    449    450    343
f    449    343    342
f    449    342    451
f    344    343    450
f    344    450    452
f    344    452    453
f    344    453    346
f    344    346    345
f    453    452    454
f    453    454    455
f    453    455    456
f    453    456    457
f    347    346    453
f    347    453    457
f    347    457    458
f    347    458    349
f    347    349    348
f    457    456    459
f    457    459    460
f    457    460    461
f    457    461    462
f    457    462    458
f    349    458    462
f    349    462    352
f    349    352    351
f    349    351    350
f    352    462    461
f    352    461    463
f    352    463    353
f    354    464    357
f    354    357    356
f    354    356    355
f    357    464    465
f    357    465    466
f    357    466    467
f    357    467    358
f    358    467    468
f    358    468    469
f    358    469    361
f    358    361    360
f    358    360    359
f    361    469    470
f    361    470    471
f    361    471    362
f    362    471    472
f    362    472    473
f    362    473    365
f    362    365    364
f    362    364    363
f    365    473    474
f    365    474    475
f    365    475    366
f    366    475    476
f    366    476    477
f    366    477    368
f    366    368    367
f    368    477    478
f    368    478    479
f    368    479    369
f    369    479    480
f    369    480    481
f    369    481    482
f    369    482    370
f    370    482    483
f    370    483    484
f    370    484    372
f    370    372    371
f    373    372    484
f    373    484    485
f    373    485    486
f    373    486    487
f    266    265    373
f    266    373    487
f    266    487    374
f    266    374    267
f    375    488    489
f    375    489    377
f    375    377    376
f    270    377    489
f    270    489    490
f    270    490    491
f    270    491    378
f    270    378    271
f    491    492    493
f    491    493    380
f    491    380    379
f    491    379    378
f    380    493    494
f    380    494    495
f    380    495    382
f    380    382    381
f    382    495    496
f    382    496    497
f    382    497    384
f    382    384    383
f    384    497    498
f    384    498    387
f    384    387    386
f    384    386    385
f    498    499    500
f    498    500    389
f    498    389    388
f    498    388    387
f    500    501    502
f    500    502    391
f    500    391    390
f    500    390    389
f    391    502    503
f    391    503    504
f    391    504    393
f    391    393    392
f    504    505    395
f    504    395    394
f    504    394    393
f    395    505    506
f    395    506    507
f    395    507    508
f    395    508    396
f    396    508    509
f    396    509    510
f    396    510    397
f    398    397    510
f    398    510    511
f    398    511    512
f    398    512    399
f    399    512    513
f    399    513    514
f    399    514    401
f    399    401    400
f    401    514    515
f    401    515    516
f    401    516    517
f    401    517    402
f    402    517    518
f    402    518    519
f    402    519    404
f    402    404    403
f    404    519    520
f    404    520    406
f    404    406    405
f    407    406    520
f    407    520    521
f    407    521    522
f    409    408    407
f    409    407    522
f    409    522    523
f    409    523    410
f    411    410    523
f    411    523    524
f    411    524    525
f    411    525    412
f    412    525    526
f    412    526    527
f    412    527    414
f    412    414    413
f    414    527    528
f    414    528    416
f    414    416    415
f    416    528    529
f    416    529    530
f    416    530    418
f    416    418    417
f    314    418    530
f    314    530    531
f    314    531    419
f    314    419    315
f    420    532    533
f    420    533    422
f    420    422    421
f    422    533    534
f    422    534    535
f    422    535    424
f    422    424    423
f    424    535    536
f    424    536    537
f    424    537    425
f    425    537    538
f    425    538    539
f    425    539    540
f    425    540    427
f    425    427    426
f    539    541    542
f    539    542    543
f    539    543    540
f    427    540    543
f    427    543    544
f    427    544    430
f    427    430    428
f    543    542    545
f    543    545    546
f    543    546    547
f    543    547    544
f    431    430    544
f    431    544    547
f    431    547    548
f    431    548    549
f    431    549    433
f    548    550    551
f    548    551    552
f    548    552    549
f    433    549    552
f    433    552    553
f    433    553    554
f    433    554    555
f    433    555    436
f    433    436    435
f    433    435    434
f    436    555    556
f    436    556    557
f    436    557    558
f    436    558    437
f    438    437    558
f    438    558    559
f    438    559    440
f    438    440    439
f    440    559    560
f    440    560    561
f    440    561    562
f    440    562    441
f    441    562    563
f    441    563    444
f    441    444    443
f    441    443    442
f    563    564    565
f    563    565    445
f    563    445    444
f    445    565    566
f    445    566    567
f    445    567    448
f    445    448    447
f    445    447    446
f    567    451    342
f    567    342    341
f    567    341    448
f    568    569    454
f    568    454    452
f    568    452    450
f    568    450    449
f    454    569    570
f    454    570    571
f    454    571    455
f    455    571    572
f    455    572    573
f    455    573    459
f    455    459    456
f    459    573    574
f    459    574    575
f    459    575    460
f    461    460    575
f    461    575    576
f    461    576    577
f    461    577    463
f    577    576    578
f    577    578    579
f    577    579    580
f    577    580    581
f    581    580    582
f    581    582    583
f    581    583    584
f    584    583    585
f    584    585    586
f    584    586    466
f    584    466    465
f    466    586    587
f    466    587    588
f    466    588    468
f    466    468    467
f    468    588    589
f    468    589    590
f    468    590    470
f    468    470    469
f    470    590    591
f    470    591    592
f    470    592    472
f    470    472    471
f    472    592    593
f    472    593    594
f    472    594    474
f    472    474    473
f    474    594    595
f    474    595    476
f    474    476    475
f    476    595    596
f    476    596    597
f    476    597    598
f    476    598    478
f    476    478    477
f    478    598    599
f    478    599    480
f    478    480    479
f    480    599    600
f    480    600    601
f    480    601    481
f    481    601    602
f    481    602    603
f    481    603    604
f    481    604    483
f    481    483    482
f    484    483    604
f    484    604    605
f    484    605    485
f    485    605    606
f    485    606    607
f    485    607    608
f    485    608    486
f    487    486    608
f    487    608    609
f    487    609    488
f    487    488    375
f    487    375    374
f    489    488    609
f    489    609    610
f    489    610    611
f    489    611    612
f    489    612    490
f    490    612    613
f    490    613    492
f    490    492    491
f    613    614    615
f    613    615    494
f    613    494    493
f    613    493    492
f    494    615    616
f    494    616    617
f    494    617    496
f    494    496    495
f    496    617    618
f    496    618    499
f    496    499    498
f    496    498    497
f    618    619    620
f    618    620    501
f    618    501    500
f    618    500    499
f    620    621    622
f    620    622    503
f    620    503    502
f    620    502    501
f    503    622    623
f    503    623    506
f    503    506    505
f    503    505    504
f    623    624    625
f    623    625    626
f    623    626    507
f    623    507    506
f    507    626    627
f    507    627    509
f    507    509    508
f    510    509    627
f    510    627    628
f    510    628    511
f    511    628    629
f    511    629    630
f    511    630    513
f    511    513    512
f    513    630    631
f    513    631    632
f    513    632    515
f    513    515    514
f    515    632    633
f    515    633    634
f    515    634    635
f    515    635    516
f    516    635    636
f    516    636    518
f    516    518    517
f    636    635    634
f    636    634    637
f    636    637    638
f    636    638    639
f    636    639    640
f    521    520    519
f    521    519    518
f    521    518    636
f    521    636    640
f    521    640    641
f    641    640    639
f    641    639    642
f    641    642    643
f    641    643    644
f    523    522    521
f    523    521    641
f    523    641    644
f    523    644    524
f    524    644    643
f    524    643    645
f    524    645    526
f    524    526    525
f    526    645    646
f    526    646    647
f    526    647    529
f    526    529    528
f    526    528    527
f    530    529    647
f    530    647    648
f    530    648    531
f    531    648    649
f    531    649    532
f    531    532    420
f    531    420    419
f    649    650    651
f    649    651    652
f    649    652    534
f    649    534    533
f    649    533    532
f    534    652    653
f    534    653    536
f    534    536    535
f    536    653    654
f    536    654    655
f    536    655    538
f    536    538    537
f    538    655    656
f    538    656    657
f    538    657    541
f    538    541    539
f    657    658    545
f    657    545    542
f    657    542    541
f    545    658    659
f    545    659    660
f    545    660    661
f    545    661    546
f    547    546    661
f    547    661    662
f    547    662    550
f    547    550    548
f    662    663    664
f    662    664    551
f    662    551    550
f    552    551    664
f    552    664    665
f    552    665    666
f    552    666    667
f    552    667    553
f    553    667    668
f    553    668    669
f    553    669    554
f    554    669    670
f    554    670    671
f    554    671    556
f    554    556    555
f    556    671    672
f    556    672    673
f    556    673    557
f    558    557    673
f    558    673    674
f    558    674    675
f    558    675    560
f    558    560    559
f    560    675    676
f    560    676    677
f    560    677    678
f    560    678    561
f    561    678    679
f    561    679    564
f    561    564    563
f    561    563    562
f    679    680    681
f    679    681    566
f    679    566    565
f    679    565    564
f    566    681    568
f    566    568    449
f    566    449    451
f    566    451    567
f    682    572    571
f    682    571    570
f    682    570    683
f    684    685    574
f    684    574    573
f    684    573    572
f    684    572    682
f    575    574    685
f    575    685    686
f    575    686    687
f    575    687    578
f    575    578    576
f    578    687    688
f    578    688    689
f    578    689    579
f    579    689    690
f    579    690    691
f    579    691    582
f    579    582    580
f    582    691    692
f    582    692    693
f    582    693    585
f    582    585    583
f    585    693    694
f    585    694    695
f    585    695    587
f    585    587    586
f    587    695    696
f    587    696    697
f    587    697    589
f    587    589    588
f    589    697    698
f    589    698    699
f    589    699    591
f    589    591    590
f    591    699    700
f    591    700    701
f    591    701    593
f    591    593    592
f    593    701    702
f    593    702    596
f    593    596    595
f    593    595    594
f    596    702    703
f    596    703    704
f    596    704    705
f    596    705    597
f    597    705    706
f    597    706    600
f    597    600    599
f    597    599    598
f    600    706    707
f    600    707    602
f    600    602    601
f    602    707    708
f    602    708    709
f    602    709    603
f    604    603    709
f    604    709    710
f    604    710    711
f    604    711    606
f    604    606    605
f    606    711    712
f    606    712    713
f    606    713    607
f    608    607    713
f    608    713    714
f    608    714    715
f    608    715    716
f    608    716    610
f    608    610    609
f    610    716    717
f    610    717    718
f    610    718    719
f    610    719    611
f    611    719    720
f    611    720    614
f    611    614    613
f    611    613    612
f    720    721    722
f    720    722    616
f    720    616    615
f    720    615    614
f    616    722    723
f    616    723    619
f    616    619    618
f    616    618    617
f    723    724    725
f    723    725    621
f    723    621    620
f    723    620    619
f    725    726    624
f    725    624    623
f    725    623    622
f    725    622    621
f    727    728    729
f    727    729    625
f    727    625    624
f    727    624    726
f    627    626    625
f    627    625    729
f    627    729    730
f    627    730    629
f    627    629    628
f    629    730    731
f    629    731    631
f    629    631    630
f    631    731    732
f    631    732    733
f    631    733    633
f    631    633    632
f    633    733    734
f    633    734    735
f    633    735    637
f    633    637    634
f    734    736    737
f    734    737    738
f    734    738    739
f    734    739    735
f    637    735    739
f    637    739    740
f    637    740    638
f    740    739    738
f    740    738    741
f    740    741    742
f    740    742    743
f    639    638    740
f    639    740    743
f    639    743    744
f    639    744    642
f    744    743    742
f    744    742    745
f    744    745    746
f    744    746    747
f    643    642    744
f    643    744    747
f    643    747    748
f    643    748    749
f    643    749    750
f    643    750    646
f    643    646    645
f    750    749    751
f    750    751    752
f    647    646    750
f    647    750    752
f    647    752    753
f    647    753    754
f    647    754    755
f    647    755    650
f    647    650    649
f    647    649    648
f    755    756    757
f    755    757    651
f    755    651    650
f    651    757    758
f    651    758    759
f    651    759    654
f    651    654    653
f    651    653    652
f    654    759    760
f    654    760    656
f    654    656    655
f    656    760    761
f    656    761    762
f    656    762    763
f    656    763    659
f    656    659    658
f    656    658    657
f    763    764    660
f    763    660    659
f    661    660    764
f    661    764    765
f    661    765    766
f    661    766    663
f    661    663    662
f    664    663    766
f    664    766    767
f    664    767    768
f    664    768    665
f    665    768    769
f    665    769    770
f    665    770    666
f    666    770    771
f    666    771    772
f    666    772    668
f    666    668    667
f    668    772    773
f    668    773    774
f    668    774    670
f    668    670    669
f    670    774    775
f    670    775    776
f    670    776    672
f    670    672    671
f    673    672    776
f    673    776    777
f    673    777    778
f    673    778    674
f    674    778    779
f    674    779    676
f    674    676    675
f    677    780    680
f    677    680    679
f    677    679    678
f    683    570    569
f    683    569    568
f    683    568    681
f    683    681    680
f    683    680    780
f    781    782    686
f    781    686    685
f    781    685    684
f    783    784    688
f    783    688    687
f    783    687    686
f    783    686    782
f    688    784    785
f    688    785    690
f    688    690    689
f    690    785    786
f    690    786    787
f    690    787    692
f    690    692    691
f    692    787    788
f    692    788    789
f    692    789    694
f    692    694    693
f    694    789    790
f    694    790    791
f    694    791    792
f    694    792    696
f    694    696    695
f    696    792    793
f    696    793    794
f    696    794    795
f    696    795    698
f    696    698    697
f    698    795    796
f    698    796    797
f    698    797    700
f    698    700    699
f    700    797    798
f    700    798    703
f    700    703    702
f    700    702    701
f    703    798    799
f    703    799    800
f    703    800    801
f    703    801    802
f    703    802    704
f    704    802    803
f    704    803    708
f    704    708    707
f    704    707    706
f    704    706    705
f    709    708    803
f    709    803    804
f    709    804    710
f    710    804    805
f    710    805    806
f    710    806    712
f    710    712    711
f    713    712    806
f    713    806    807
f    713    807    808
f    713    808    714
f    714    808    809
f    714    809    810
f    714    810    715
f    715    810    811
f    715    811    812
f    715    812    813
f    715    813    717
f    715    717    716
f    717    813    814
f    717    814    815
f    717    815    718
f    718    815    816
f    718    816    817
f    718    817    721
f    718    721    720
f    718    720    719
f    817    818    819
f    817    819    724
f    817    724    723
f    817    723    722
f    817    722    721
f    819    820    727
f    819    727    726
f    819    726    725
f    819    725    724
f    821    822    728
f    821    728    727
f    821    727    820
f    729    728    822
f    729    822    823
f    729    823    732
f    729    732    731
f    729    731    730
f    732    823    824
f    732    824    736
f    732    736    734
f    732    734    733
f    825    737    736
f    825    736    824
f    825    824    826
f    738    737    825
f    738    825    827
f    738    827    828
f    738    828    741
f    828    827    829
f    828    829    830
f    828    830    831
f    742    741    828
f    742    828    831
f    742    831    745
f    745    831    830
f    745    830    832
f    745    832    833
f    745    833    746
f    747    746    833
f    747    833    834
f    747    834    835
f    747    835    748
f    748    835    836
f    748    836    837
f    748    837    751
f    748    751    749
f    752    751    837
f    752    837    838
f    752    838    839
f    752    839    753
f    754    840    841
f    754    841    756
f    754    756    755
f    841    842    843
f    841    843    758
f    841    758    757
f    841    757    756
f    758    843    844
f    758    844    761
f    758    761    760
f    758    760    759
f    761    844    845
f    761    845    846
f    761    846    762
f    762    846    847
f    762    847    848
f    762    848    765
f    762    765    764
f    762    764    763
f    765    848    849
f    765    849    767
f    765    767    766
f    767    849    850
f    767    850    851
f    767    851    852
f    767    852    769
f    767    769    768
f    769    852    853
f    769    853    771
f    769    771    770
f    771    853    854
f    771    854    855
f    771    855    773
f    771    773    772
f    773    855    856
f    773    856    857
f    773    857    775
f    773    775    774
f    776    775    857
f    776    857    858
f    776    858    777
f    777    858    859
f    777    859    860
f    777    860    861
f    777    861    779
f    777    779    778
f    676    779    861
f    676    861    862
f    676    862    781
f    676    781    684
f    676    684    682
f    676    682    683
f    676    683    780
f    676    780    677
f    862    863    783
f    862    783    782
f    862    782    781
f    864    865    786
f    864    786    785
f    864    785    784
f    864    784    783
f    864    783    863
f    866    788    787
f    866    787    786
f    866    786    865
f    867    790    789
f    867    789    788
f    867    788    866
f    791    868    793
f    791    793    792
f    794    869    870
f    794    870    796
f    794    796    795
f    796    870    799
f    796    799    798
f    796    798    797
f    800    871    872
f    800    872    873
f    800    873    874
f    800    874    801
f    803    802    801
f    803    801    874
f    803    874    875
f    803    875    805
f    803    805    804
f    806    805    875
f    806    875    876
f    806    876    807
f    807    876    877
f    807    877    878
f    807    878    879
f    807    879    809
f    807    809    808
f    809    879    880
f    809    880    881
f    809    881    811
f    809    811    810
f    811    881    882
f    811    882    883
f    811    883    812
f    812    883    884
f    812    884    885
f    812    885    886
f    812    886    814
f    812    814    813
f    814    886    887
f    814    887    888
f    814    888    816
f    814    816    815
f    816    888    889
f    816    889    890
f    816    890    818
f    816    818    817
f    890    891    892
f    890    892    893
f    890    893    894
f    890    894    821
f    890    821    820
f    890    820    819
f    890    819    818
f    894    826    824
f    894    824    823
f    894    823    822
f    894    822    821
f    893    895    829
f    893    829    827
f    893    827    825
f    893    825    826
f    893    826    894
f    892    896    897
f    892    897    898
f    892    898    895
f    892    895    893
f    830    829    895
f    830    895    898
f    830    898    899
f    830    899    832
f    899    898    897
f    899    897    900
f    899    900    901
f    833    832    899
f    833    899    901
f    833    901    902
f    833    902    834
f    834    902    903
f    834    903    904
f    834    904    905
f    834    905    836
f    834    836    835
f    837    836    905
f    837    905    838
f    753    839    906
f    753    906    907
f    753    907    840
f    753    840    754
f    907    908    842
f    907    842    841
f    907    841    840
f    909    845    844
f    909    844    843
f    909    843    842
f    909    842    908
f    910    911    912
f    910    912    913
f    910    913    847
f    910    847    846
f    910    846    845
f    910    845    909
f    847    913    850
f    847    850    849
f    847    849    848
f    850    913    912
f    850    912    914
f    850    914    915
f    850    915    916
f    850    916    917
f    850    917    851
f    851    917    918
f    851    918    919
f    851    919    854
f    851    854    853
f    851    853    852
f    918    920    921
f    918    921    922
f    918    922    919
f    854    919    922
f    854    922    923
f    854    923    856
f    854    856    855
f    857    856    923
f    857    923    924
f    857    924    925
f    857    925    859
f    857    859    858
f    859    925    926
f    859    926    860
f    861    860    926
f    861    926    927
f    861    927    864
f    861    864    863
f    861    863    862
f    927    928    929
f    927    929    867
f    927    867    866
f    927    866    865
f    927    865    864
f    929    930    868
f    929    868    791
f    929    791    790
f    929    790    867
f    793    868    930
f    793    930    931
f    793    931    932
f    793    932    869
f    793    869    794
f    799    870    869
f    799    869    932
f    799    932    871
f    799    871    800
f    877    873    872
f    877    872    933
f    877    933    934
f    877    934    878
f    875    874    873
f    875    873    877
f    875    877    876
f    878    934    935
f    878    935    880
f    878    880    879
f    880    935    936
f    880    936    937
f    880    937    938
f    880    938    882
f    880    882    881
f    882    938    939
f    882    939    940
f    882    940    884
f    882    884    883
f    884    940    941
f    884    941    942
f    884    942    885
f    885    942    943
f    885    943    944
f    885    944    887
f    885    887    886
f    889    945    891
f    889    891    890
f    946    947    948
f    946    948    896
f    946    896    892
f    946    892    891
f    946    891    945
f    948    949    900
f    948    900    897
f    948    897    896
f    950    951    949
f    950    949    948
f    950    948    947
f    901    900    949
f    901    949    951
f    901    951    952
f    901    952    903
f    901    903    902
f    952    951    950
f    952    950    953
f    952    953    954
f    904    903    952
f    904    952    954
f    904    954    955
f    838    905    904
f    838    904    955
f    838    955    956
f    838    956    957
f    838    957    958
f    838    958    959
f    838    959    906
f    838    906    839
f    906    959    960
f    906    960    961
f    906    961    910
f    906    910    909
f    906    909    908
f    906    908    907
f    961    962    911
f    961    911    910
f    963    964    914
f    963    914    912
f    963    912    911
f    963    911    962
f    914    964    965
f    914    965    966
f    914    966    915
f    915    966    967
f    915    967    968
f    915    968    916
f    916    968    969
f    916    969    970
f    916    970    920
f    916    920    918
f    916    918    917
f    921    920    970
f    921    970    971
f    921    971    972
f    923    922    921
f    923    921    972
f    923    972    973
f    923    973    924
f    926    925    924
f    926    924    973
f    926    973    928
f    926    928    927
f    973    972    971
f    973    971    974
f    973    974    975
f    973    975    976
f    973    976    977
f    973    977    978
f    973    978    979
f    973    979    980
f    973    980    981
f    973    981    931
f    973    931    930
f    973    930    929
f    973    929    928
f    872    871    932
f    872    932    931
f    872    931    981
f    872    981    933
f    936    980    979
f    936    979    982
f    936    982    937
f    933    981    980
f    933    980    936
f    933    936    935
f    933    935    934
f    937    982    983
f    937    983    939
f    937    939    938
f    939    983    984
f    939    984    985
f    939    985    941
f    939    941    940
f    941    985    986
f    941    986    943
f    941    943    942
f    943    986    987
f    943    987    988
f    943    988    989
f    943    989    944
f    887    944    989
f    887    989    990
f    887    990    991
f    887    991    992
f    887    992    993
f    887    993    994
f    887    994    946
f    887    946    945
f    887    945    889
f    887    889    888
f    994    995    953
f    994    953    950
f    994    950    947
f    994    947    946
f    993    996    997
f    993    997    995
f    993    995    994
f    955    954    953
f    955    953    995
f    955    995    997
f    955    997    956
f    956    997    996
f    956    996    998
f    956    998    999
f    956    999    957
f    957    999   1000
f    957   1000   1001
f    957   1001    958
f    960   1002    963
f    960    963    962
f    960    962    961
f   1003   1004    965
f   1003    965    964
f   1003    964    963
f   1003    963   1002
f   1005   1006    967
f   1005    967    966
f   1005    966    965
f   1005    965   1004
f    967   1006   1007
f    967   1007    969
f    967    969    968
f    971    970    969
f    971    969   1007
f    971   1007    974
f    976   1008   1009
f    976   1009   1010
f    976   1010   1011
f    976   1011    977
f    977   1011   1012
f    977   1012   1013
f    977   1013    978
f    978   1013    984
f    978    984    983
f    978    983    982
f    978    982    979
f    984   1013   1012
f    984   1012    987
f    984    987    986
f    984    986    985
f    987   1012   1011
f    987   1011   1010
f    987   1010   1014
f    987   1014   1015
f    987   1015    988
f    989    988   1015
f    989   1015   1016
f    989   1016   1017
f    989   1017    990
f    992   1018    998
f    992    998    996
f    992    996    993
f    991   1019   1020
f    991   1020   1018
f    991   1018    992
f    998   1018   1020
f    998   1020   1000
f    998   1000    999
f    958   1001   1003
f    958   1003   1002
f    958   1002    960
f    958    960    959
f   1000   1020   1019
f   1000   1019   1021
f   1000   1021   1008
f   1000   1008    976
f   1000    976    975
f   1000    975   1005
f   1000   1005   1004
f   1000   1004   1003
f   1000   1003   1001
f    974   1007   1006
f    974   1006   1005
f    974   1005    975
f   1009   1022   1014
f   1009   1014   1010
f   1015   1014   1022
f   1015   1022   1016
f    990   1017   1021
f    990   1021   1019
f    990   1019    991
f   1016   1022   1009
f   1016   1009   1008
f   1016   1008   1021
f   1016   1021   1017
f    353    463    577
f    353    577    581
f    353    581    584
f    353    584    465
f    353    465    464
f    353    464    354
