v 0.000000 0.000000 0.116031
v 0.012335 0.000000 0.117158
v 0.006126 0.010603 0.116399
v -0.006064 0.010509 0.115543
v -0.012101 0.000000 0.115342
v -0.006078 -0.010525 0.115618
v 0.006128 -0.010608 0.116455
v 0.025200 0.000000 0.118604
v 0.021749 0.012549 0.117989
v 0.012446 0.021546 0.116985
v 0.000000 0.024640 0.115928
v -0.012236 0.021214 0.115370
v -0.021122 0.012206 0.114970
v -0.024343 0.000000 0.114606
v -0.021086 -0.012176 0.114584
v -0.012187 -0.021094 0.114502
v 0.000000 -0.024431 0.114766
v 0.012346 -0.021373 0.116031
v 0.021668 -0.012518 0.117861
v 0.038737 0.000000 0.119535
v 0.036491 0.012528 0.118758
v 0.030234 0.023535 0.117951
v 0.020828 0.031917 0.117490
v 0.009276 0.036618 0.116211
v -0.003101 0.037416 0.115517
v -0.015041 0.034294 0.115269
v -0.025339 0.027526 0.115147
v -0.032807 0.017734 0.114514
v -0.036625 0.006104 0.113953
v -0.036470 -0.006079 0.113528
v -0.032417 -0.017546 0.113466
v -0.024867 -0.027014 0.113009
v -0.014704 -0.033485 0.112390
v -0.003026 -0.036466 0.112423
v 0.009051 -0.035678 0.113044
v 0.020406 -0.031186 0.114444
v 0.029930 -0.023287 0.116633
v 0.036412 -0.012511 0.118699
v 0.053092 0.000000 0.119523
v 0.050870 0.013640 0.118461
v 0.045102 0.026061 0.117180
v 0.036550 0.036599 0.116427
v 0.025745 0.044708 0.116297
v 0.013261 0.049615 0.115693
v 0.000000 0.051004 0.114695
v -0.013166 0.049169 0.114414
v -0.025512 0.044189 0.114606
v -0.036211 0.036189 0.114870
v -0.044252 0.025473 0.114038
v -0.049051 0.013103 0.113305
v -0.050460 0.000000 0.112894
v -0.048469 -0.012972 0.112420
v -0.043162 -0.024909 0.111837
v -0.034935 -0.034960 0.111141
v -0.024494 -0.042435 0.110089
v -0.012628 -0.047103 0.109453
v 0.000000 -0.048819 0.109472
v 0.012762 -0.047574 0.110467
v 0.025018 -0.043278 0.112078
v 0.036065 -0.036008 0.114162
v 0.045122 -0.026043 0.116950
v 0.051159 -0.013739 0.119518
v 0.068578 0.000000 0.118867
v 0.066263 0.014094 0.117494
v 0.060859 0.027128 0.115676
v 0.053190 0.038711 0.114297
v 0.043688 0.048640 0.113679
v 0.032527 0.056567 0.113651
v 0.020002 0.061864 0.113286
v 0.006720 0.064190 0.112278
v -0.006698 0.063941 0.111774
v -0.019842 0.061169 0.111612
v -0.032353 0.056036 0.112072
v -0.043729 0.048542 0.113074
v -0.053217 0.038695 0.114130
v -0.059891 0.026619 0.113128
v -0.063743 0.013531 0.112546
v -0.064822 0.000000 0.111997
v -0.063144 -0.013393 0.111295
v -0.058609 -0.026027 0.110497
v -0.051395 -0.037355 0.110130
v -0.041865 -0.046503 0.108405
v -0.030865 -0.053435 0.106807
v -0.018933 -0.058245 0.106022
v -0.006395 -0.060774 0.105702
v 0.006433 -0.061143 0.106364
v 0.019261 -0.059264 0.107901
v 0.031726 -0.054951 0.109898
v 0.043380 -0.048156 0.112177
v 0.053708 -0.039017 0.114953
v 0.062014 -0.027672 0.118131
v 0.067174 -0.014299 0.119307
v 0.085540 0.000000 0.118059
v 0.082926 0.015068 0.116310
v 0.077248 0.029033 0.113911
v 0.069487 0.041600 0.111889
v 0.060196 0.052734 0.110658
v 0.049453 0.062250 0.110060
v 0.037317 0.069764 0.109782
v 0.024050 0.074335 0.108096
v 0.010336 0.076585 0.106823
v -0.003441 0.077201 0.107257
v -0.017063 0.075099 0.106577
v -0.030379 0.071245 0.106932
v -0.043190 0.065470 0.108046
v -0.055043 0.057552 0.109554
v -0.065238 0.047437 0.111180
v -0.072802 0.035003 0.110832
v -0.077705 0.021403 0.110485
v -0.080139 0.007203 0.110429
v -0.080149 -0.007194 0.110141
v -0.077511 -0.021285 0.109485
v -0.072031 -0.034525 0.108919
v -0.063845 -0.046320 0.108288
v -0.053424 -0.055797 0.106072
v -0.041762 -0.063176 0.104016
v -0.029392 -0.068772 0.102950
v -0.016512 -0.072394 0.102290
v -0.003326 -0.074166 0.102341
v 0.010022 -0.074089 0.103073
v 0.023427 -0.072298 0.104963
v 0.036669 -0.068409 0.107404
v 0.049385 -0.062170 0.109930
v 0.061198 -0.053685 0.112821
v 0.071613 -0.043043 0.116273
v 0.079561 -0.029967 0.117844
v 0.084337 -0.015316 0.118155
v 0.103848 0.000000 0.116027
v 0.101440 0.016158 0.115423
v 0.095473 0.031132 0.112337
v 0.087406 0.044673 0.109668
v 0.077943 0.056809 0.107727
v 0.067231 0.067469 0.106394
v 0.055271 0.076581 0.105915
v 0.042038 0.083127 0.104491
v 0.028020 0.086478 0.101305
v 0.013960 0.088378 0.099687
v 0.000000 0.089218 0.099876
v -0.013853 0.088170 0.100057
v -0.027523 0.085100 0.099909
v -0.041031 0.080763 0.101007
v -0.054208 0.074722 0.102752
v -0.066672 0.066740 0.104947
v -0.077724 0.056546 0.107007
v -0.086517 0.044117 0.108017
v -0.092579 0.030016 0.107616
v -0.096348 0.015224 0.107789
v -0.097977 0.000000 0.108262
v -0.097199 -0.015328 0.108270
v -0.093644 -0.030248 0.107987
v -0.086931 -0.043972 0.106676
v -0.077453 -0.055862 0.104669
v -0.066173 -0.065935 0.103135
v -0.053684 -0.073701 0.100876
v -0.040665 -0.079769 0.099372
v -0.027293 -0.084183 0.098556
v -0.013684 -0.086654 0.097777
v 0.000000 -0.087395 0.097300
v 0.013748 -0.087045 0.098201
v 0.027586 -0.085166 0.099808
v 0.041380 -0.081460 0.101888
v 0.054844 -0.075645 0.104092
v 0.067761 -0.067946 0.107046
v 0.079850 -0.058407 0.111185
v 0.090202 -0.046329 0.114332
v 0.097770 -0.031843 0.114745
v 0.102531 -0.016258 0.115575
v 0.122936 0.000000 0.111182
v 0.121717 0.017332 0.113753
v 0.115662 0.033456 0.110340
v 0.107168 0.047985 0.106900
v 0.097238 0.061009 0.104138
v 0.086156 0.072445 0.101717
v 0.074062 0.082576 0.100486
v 0.060938 0.091343 0.100422
v 0.046542 0.096137 0.097115
v 0.031933 0.098569 0.093630
v 0.017586 0.100000 0.091706
v 0.003499 0.100813 0.091463
v -0.010470 0.100463 0.091853
v -0.024355 0.098262 0.091809
v -0.038230 0.095008 0.092699
v -0.052093 0.090537 0.094503
v -0.065808 0.084502 0.096910
v -0.079047 0.076590 0.099651
v -0.091125 0.066373 0.101961
v -0.101316 0.053955 0.103664
v -0.109143 0.039780 0.104890
v -0.114250 0.024236 0.104713
v -0.117324 0.008189 0.105476
v -0.118197 -0.008259 0.106523
v -0.116253 -0.024665 0.106596
v -0.110932 -0.040106 0.104786
v -0.102565 -0.053988 0.102376
v -0.091974 -0.066364 0.100875
v -0.079602 -0.076566 0.098802
v -0.066222 -0.084459 0.096117
v -0.052525 -0.090849 0.094303
v -0.038653 -0.096015 0.093626
v -0.024533 -0.098805 0.092124
v -0.010452 -0.099602 0.090343
v 0.003477 -0.099728 0.090015
v 0.017407 -0.098696 0.090215
v 0.031444 -0.096611 0.091286
v 0.045544 -0.093198 0.093159
v 0.059501 -0.088050 0.095427
v 0.073194 -0.081293 0.098502
v 0.086350 -0.072702 0.102225
v 0.098215 -0.061599 0.105096
v 0.108279 -0.048355 0.107404
v 0.115891 -0.033217 0.108460
v 0.121036 -0.017010 0.110055
v 0.142735 0.000000 0.103735
v 0.142463 0.018571 0.106777
v 0.137414 0.036655 0.106956
v 0.128036 0.052451 0.102876
v 0.116975 0.066433 0.099275
v 0.104782 0.078510 0.095789
v 0.091865 0.089325 0.093706
v 0.078045 0.098740 0.092664
v 0.063037 0.104820 0.089853
v 0.047695 0.108278 0.086513
v 0.032595 0.110037 0.083578
v 0.017945 0.111283 0.082146
v 0.003567 0.111436 0.081184
v -0.010683 0.110921 0.081111
v -0.024969 0.109422 0.081565
v -0.039379 0.106888 0.082644
v -0.053970 0.103438 0.084754
v -0.068563 0.098248 0.086988
v -0.083158 0.091669 0.090082
v -0.097354 0.083074 0.093358
v -0.110514 0.072167 0.096454
v -0.121859 0.058909 0.099067
v -0.130687 0.043527 0.100711
v -0.136610 0.026594 0.101033
v -0.139728 0.008927 0.100688
v -0.140407 -0.008974 0.101253
v -0.137837 -0.026704 0.100905
v -0.131633 -0.043298 0.098792
v -0.122703 -0.058607 0.097244
v -0.111167 -0.071864 0.094971
v -0.097753 -0.082585 0.091771
v -0.083398 -0.090914 0.088214
v -0.068976 -0.098059 0.086038
v -0.054543 -0.104205 0.085073
v -0.039941 -0.108689 0.084284
v -0.025143 -0.109806 0.081526
v -0.010676 -0.110218 0.080067
v 0.003544 -0.110196 0.079840
v 0.017754 -0.109631 0.080531
v 0.032106 -0.107895 0.081524
v 0.046529 -0.104562 0.082577
v 0.060980 -0.100085 0.084536
v 0.075522 -0.094723 0.088048
v 0.089501 -0.086628 0.090412
v 0.102528 -0.076155 0.092006
v 0.114792 -0.064590 0.095531
v 0.125144 -0.050632 0.097957
v 0.133438 -0.034904 0.099692
v 0.139714 -0.017996 0.102128
v 0.163989 0.000000 0.094646
v 0.164337 0.020074 0.096787
v 0.158893 0.039555 0.096466
v 0.148834 0.057096 0.094138
v 0.136121 0.072165 0.090662
v 0.122089 0.084673 0.086516
v 0.107748 0.095876 0.083885
v 0.092680 0.105300 0.081819
v 0.076675 0.111599 0.078702
v 0.060477 0.115262 0.075181
v 0.044880 0.118631 0.073462
v 0.029601 0.120101 0.071418
v 0.014714 0.121106 0.070381
v 0.000000 0.121259 0.069850
v -0.014708 0.120734 0.069945
v -0.029601 0.119597 0.070769
v -0.044763 0.117425 0.072074
v -0.060234 0.114362 0.074265
v -0.075656 0.108916 0.075855
v -0.091220 0.102241 0.078225
v -0.106619 0.093550 0.080559
v -0.121617 0.083032 0.083349
v -0.135826 0.070774 0.087216
v -0.148069 0.055959 0.090758
v -0.157612 0.038842 0.093690
v -0.163817 0.019927 0.095642
v -0.165844 -0.000000 0.095623
v -0.163785 -0.019822 0.094604
v -0.158171 -0.038947 0.093861
v -0.148662 -0.056308 0.091547
v -0.135925 -0.070882 0.087430
v -0.121302 -0.082669 0.082813
v -0.106344 -0.093247 0.080236
v -0.090856 -0.101518 0.077394
v -0.075619 -0.108934 0.075923
v -0.060463 -0.115201 0.075114
v -0.045149 -0.119339 0.073895
v -0.029717 -0.120209 0.071233
v -0.014702 -0.120845 0.070115
v 0.000000 -0.120950 0.069866
v 0.014593 -0.120189 0.069908
v 0.029305 -0.118678 0.070416
v 0.044165 -0.115858 0.071107
v 0.059217 -0.112448 0.073029
v 0.074431 -0.108080 0.076026
v 0.089487 -0.101489 0.078715
v 0.103731 -0.091762 0.079756
v 0.117522 -0.081012 0.082209
v 0.130388 -0.068657 0.085625
v 0.141300 -0.053606 0.087314
v 0.151020 -0.037164 0.089493
v 0.159365 -0.019369 0.092877
v 0.187468 0.000000 0.083933
v 0.188425 0.021740 0.085422
v 0.181952 0.042564 0.084213
v 0.169748 0.060880 0.081121
v 0.154631 0.076337 0.077385
v 0.138475 0.089053 0.073393
v 0.122510 0.100353 0.070727
v 0.106156 0.109568 0.068266
v 0.089363 0.116250 0.065596
v 0.072525 0.120137 0.062380
v 0.056529 0.123667 0.060463
v 0.041256 0.127368 0.059846
v 0.026098 0.128497 0.058208
v 0.011162 0.129312 0.057440
v -0.003726 0.129789 0.057473
v -0.018717 0.129535 0.057920
v -0.033999 0.128715 0.058914
v -0.049565 0.126258 0.059741
v -0.065503 0.123106 0.061368
v -0.081402 0.117515 0.062430
v -0.097769 0.111503 0.064790
v -0.114136 0.103151 0.066716
v -0.130881 0.093643 0.069692
v -0.147249 0.081940 0.072961
v -0.162443 0.067775 0.076412
v -0.176263 0.051586 0.081231
v -0.187031 0.032583 0.085687
v -0.193656 0.011263 0.089423
v -0.192600 -0.011100 0.087310
v -0.187471 -0.032741 0.086333
v -0.177176 -0.052384 0.083410
v -0.162846 -0.068722 0.078477
v -0.146528 -0.081840 0.073175
v -0.130190 -0.093569 0.069995
v -0.113940 -0.104121 0.068216
v -0.097499 -0.112410 0.066149
v -0.081189 -0.118504 0.063772
v -0.065474 -0.124266 0.062662
v -0.049726 -0.127655 0.060955
v -0.034131 -0.129689 0.059618
v -0.018753 -0.130146 0.058391
v -0.003727 -0.130781 0.058407
v 0.011193 -0.131270 0.059169
v 0.026209 -0.129926 0.059336
v 0.041384 -0.127130 0.059384
v 0.056949 -0.124863 0.061210
v 0.072706 -0.121500 0.063743
v 0.088072 -0.114878 0.065033
v 0.103230 -0.106509 0.066339
v 0.118210 -0.096994 0.068504
v 0.132778 -0.086172 0.071805
v 0.145110 -0.071431 0.072185
v 0.157342 -0.056083 0.074213
v 0.169497 -0.039404 0.077435
v 0.180603 -0.020789 0.081495
v 0.213003 0.000000 0.070875
v 0.213511 0.023792 0.070784
v 0.205390 0.046277 0.069157
v 0.190174 0.065461 0.065698
v 0.171893 0.081273 0.062011
v 0.152882 0.093900 0.058206
v 0.134939 0.105416 0.056010
v 0.116986 0.114569 0.053811
v 0.099314 0.122231 0.052287
v 0.081408 0.125516 0.049148
v 0.064806 0.128588 0.047063
v 0.049347 0.132490 0.046262
v 0.034171 0.135170 0.045401
v 0.019004 0.136720 0.044720
v 0.003809 0.138032 0.044807
v -0.011469 0.138810 0.045415
v -0.026920 0.138451 0.046088
v -0.042595 0.136184 0.046363
v -0.058658 0.133308 0.047123
v -0.074773 0.128191 0.047510
v -0.091314 0.122817 0.048849
v -0.108639 0.117163 0.051299
v -0.126245 0.108860 0.053226
v -0.144790 0.099525 0.056177
v -0.163449 0.087818 0.059456
v -0.180337 0.072268 0.061453
v -0.196678 0.055275 0.065559
v -0.209285 0.034866 0.068706
v -0.215967 0.011876 0.069802
v -0.217323 -0.012023 0.071122
v -0.210556 -0.035126 0.069324
v -0.197741 -0.055607 0.065998
v -0.180289 -0.071862 0.060737
v -0.161787 -0.085230 0.056380
v -0.143941 -0.097617 0.054223
v -0.126465 -0.108924 0.053187
v -0.109296 -0.118976 0.052673
v -0.091755 -0.124937 0.050428
v -0.075317 -0.131147 0.049512
v -0.058970 -0.134468 0.047722
v -0.043026 -0.137489 0.046778
v -0.027236 -0.139755 0.046394
v -0.011590 -0.140469 0.046026
v 0.003861 -0.141451 0.046520
v 0.019332 -0.140329 0.046389
v 0.035070 -0.138811 0.046653
v 0.051215 -0.136908 0.047549
v 0.067977 -0.135824 0.050099
v 0.084422 -0.130948 0.051614
v 0.100369 -0.123113 0.052444
v 0.116200 -0.114240 0.053909
v 0.131525 -0.103629 0.055643
v 0.145639 -0.090322 0.056666
v 0.159419 -0.075712 0.058113
v 0.174078 -0.060237 0.060886
v 0.189337 -0.042806 0.064290
v 0.203121 -0.022639 0.067409
v 0.234013 0.000000 0.049771
v 0.234006 0.024841 0.049305
v 0.225591 0.048760 0.048999
v 0.207949 0.068593 0.046273
v 0.186429 0.083900 0.042744
v 0.165215 0.096397 0.039881
v 0.145735 0.107944 0.038331
v 0.126573 0.116964 0.036697
v 0.108023 0.124613 0.035606
v 0.089721 0.129052 0.033957
v 0.072685 0.132306 0.032486
v 0.057019 0.135860 0.031565
v 0.042045 0.140007 0.031239
v 0.026929 0.142833 0.030899
v 0.011592 0.144962 0.030946
v -0.003867 0.145794 0.031154
v -0.019334 0.145333 0.031415
v -0.034969 0.144451 0.031956
v -0.050783 0.141512 0.032164
v -0.066650 0.136449 0.032074
v -0.082937 0.131686 0.032753
v -0.099926 0.126995 0.034225
v -0.118071 0.121951 0.036433
v -0.136494 0.113176 0.037697
v -0.156404 0.103734 0.039877
v -0.176331 0.091240 0.041850
v -0.194712 0.075013 0.043031
v -0.212342 0.057083 0.045372
v -0.225511 0.035616 0.046554
v -0.233146 0.012121 0.047117
v -0.235853 -0.012384 0.048678
v -0.229664 -0.036542 0.048181
v -0.214913 -0.057249 0.045063
v -0.196606 -0.074571 0.042034
v -0.177086 -0.089161 0.039603
v -0.157233 -0.101105 0.037452
v -0.138273 -0.112146 0.036375
v -0.120364 -0.123239 0.036430
v -0.101730 -0.129082 0.034724
v -0.084578 -0.135400 0.034017
v -0.068290 -0.141519 0.033752
v -0.051997 -0.144695 0.032830
v -0.035818 -0.146460 0.032009
v -0.019746 -0.146627 0.031237
v -0.003946 -0.148171 0.031507
v 0.011866 -0.148430 0.031697
v 0.027936 -0.147952 0.031951
v 0.044580 -0.147398 0.032610
v 0.061983 -0.147244 0.034069
v 0.080109 -0.147204 0.036478
v 0.097581 -0.142050 0.037827
v 0.114366 -0.133936 0.038896
v 0.129886 -0.122400 0.039300
v 0.143657 -0.107541 0.038694
v 0.157698 -0.093358 0.039328
v 0.173028 -0.079269 0.041301
v 0.189896 -0.063585 0.043727
v 0.207000 -0.044949 0.045433
v 0.222447 -0.023661 0.047031
v 0.246955 0.000000 0.024861
v 0.249500 0.026027 0.025965
v 0.239768 0.050976 0.025775
v 0.221647 0.072660 0.024957
v 0.196801 0.087072 0.022333
v 0.174525 0.100334 0.020981
v 0.153461 0.111128 0.019790
v 0.133156 0.119437 0.018671
v 0.113567 0.126017 0.017803
v 0.095041 0.131646 0.017242
v 0.077661 0.135460 0.016589
v 0.061800 0.139538 0.016161
v 0.046665 0.143692 0.015890
v 0.031512 0.148231 0.015925
v 0.015874 0.151093 0.015975
v 0.000000 0.151266 0.015893
v -0.015777 0.150230 0.015892
v -0.031521 0.148726 0.016037
v -0.047410 0.146390 0.016242
v -0.063170 0.141077 0.016118
v -0.079213 0.136100 0.016352
v -0.096072 0.132238 0.017181
v -0.113962 0.127708 0.018267
v -0.132208 0.119181 0.018749
v -0.152347 0.110493 0.019714
v -0.173018 0.098984 0.020572
v -0.193945 0.085272 0.021699
v -0.213959 0.068656 0.023006
v -0.230058 0.047907 0.023647
v -0.244054 0.025380 0.025220
v -0.249951 0.000000 0.025734
v -0.248659 -0.026054 0.026112
v -0.238907 -0.050866 0.025760
v -0.220277 -0.070744 0.023752
v -0.200170 -0.087980 0.022402
v -0.179134 -0.102177 0.021178
v -0.157961 -0.113353 0.019974
v -0.138255 -0.124428 0.019534
v -0.117945 -0.130534 0.018384
v -0.099131 -0.136044 0.017612
v -0.081846 -0.141943 0.017253
v -0.065083 -0.145612 0.016677
v -0.048732 -0.148556 0.016235
v -0.032461 -0.150871 0.015985
v -0.016188 -0.152005 0.015823
v 0.000000 -0.154617 0.016171
v 0.016365 -0.154922 0.016280
v 0.033229 -0.155145 0.016528
v 0.050959 -0.155439 0.017010
v 0.069912 -0.157311 0.018134
v 0.089025 -0.155634 0.019075
v 0.107228 -0.149160 0.019600
v 0.123847 -0.138467 0.019729
v 0.139550 -0.126808 0.020131
v 0.153450 -0.112026 0.020152
v 0.167953 -0.097886 0.020835
v 0.183081 -0.082004 0.021369
v 0.199905 -0.064587 0.021793
v 0.219561 -0.046333 0.023198
v 0.234014 -0.023781 0.022939
v 0.256398 0.000000 0.000000
v 0.252442 0.026054 0.000000
v 0.241921 0.051009 0.000000
v 0.224467 0.073710 0.000000
v 0.199939 0.089081 0.000000
v 0.178267 0.103722 0.000000
v 0.157294 0.115231 0.000000
v 0.136296 0.122713 0.000000
v 0.115945 0.128090 0.000000
v 0.097296 0.134435 0.000000
v 0.079608 0.138398 0.000000
v 0.063474 0.142712 0.000000
v 0.048042 0.147163 0.000000
v 0.032539 0.152348 0.000000
v 0.016449 0.156236 0.000000
v 0.000000 0.156256 0.000000
v -0.016303 0.154076 0.000000
v -0.032476 0.151739 0.000000
v -0.048706 0.149077 0.000000
v -0.064776 0.144151 0.000000
v -0.081163 0.140063 0.000000
v -0.098158 0.136097 0.000000
v -0.114819 0.127067 -0.000000
v -0.133347 0.118884 0.000000
v -0.154485 0.111584 0.000000
v -0.176394 0.101275 0.000000
v -0.198498 0.088238 0.000000
v -0.219640 0.071813 0.000000
v -0.237043 0.050774 0.000000
v -0.249068 0.026312 0.000000
v -0.253807 0.000000 0.000000
v -0.253039 -0.026882 0.000000
v -0.243290 -0.052590 0.000000
v -0.223840 -0.072737 0.000000
v -0.203500 -0.090500 0.000000
v -0.182882 -0.106110 0.000000
v -0.161734 -0.118409 0.000000
v -0.141421 -0.129439 0.000000
v -0.119919 -0.133564 0.000000
v -0.100863 -0.139348 0.000000
v -0.083267 -0.145061 0.000000
v -0.066388 -0.149290 0.000000
v -0.049899 -0.153031 0.000000
v -0.033386 -0.156349 0.000000
v -0.016722 -0.158587 0.000000
v 0.000000 -0.160628 0.000000
v 0.016959 -0.161417 0.000000
v 0.034549 -0.161818 0.000000
v 0.053304 -0.163024 -0.000000
v 0.073031 -0.162758 0.000000
v 0.093009 -0.159878 -0.000000
v 0.112383 -0.154059 -0.000000
v 0.128600 -0.140285 0.000000
v 0.144453 -0.128568 0.000000
v 0.158365 -0.113941 0.000000
v 0.171318 -0.097352 -0.000000
v 0.186303 -0.081408 -0.000000
v 0.204740 -0.065426 0.000000
v 0.226571 -0.048012 0.000000
v 0.243196 -0.025195 0.000000
v 0.244916 0.000000 -0.023992
v 0.241274 0.024265 -0.023225
v 0.232859 0.048554 -0.024020
v 0.217215 0.070967 -0.024292
v 0.195625 0.087491 -0.022732
v 0.176127 0.103205 -0.022086
v 0.156438 0.115141 -0.020912
v 0.136454 0.123360 -0.019471
v 0.116764 0.129569 -0.018306
v 0.098352 0.136252 -0.017841
v 0.080736 0.140655 -0.017191
v 0.064538 0.145466 -0.016806
v 0.048863 0.149838 -0.016489
v 0.033151 0.155502 -0.016653
v 0.016831 0.160726 -0.017054
v 0.000000 0.161380 -0.017008
v -0.016738 0.158534 -0.016670
v -0.033318 0.155520 -0.016565
v -0.050076 0.153931 -0.016988
v -0.066591 0.149739 -0.017250
v -0.083125 0.145270 -0.017814
v -0.099059 0.136886 -0.017868
v -0.115861 0.128571 -0.018166
v -0.135001 0.121857 -0.019199
v -0.157223 0.116324 -0.021256
v -0.180388 0.107430 -0.023408
v -0.200160 0.091016 -0.024098
v -0.217522 0.071526 -0.024666
v -0.231232 0.049283 -0.024991
v -0.241255 0.025390 -0.025568
v -0.246306 0.000000 -0.026342
v -0.245187 -0.026351 -0.027168
v -0.233543 -0.050431 -0.025957
v -0.215670 -0.070258 -0.023970
v -0.197221 -0.088383 -0.023016
v -0.178202 -0.104493 -0.022371
v -0.158062 -0.116719 -0.021275
v -0.138008 -0.126249 -0.020206
v -0.117782 -0.131617 -0.018752
v -0.099355 -0.137580 -0.018003
v -0.082182 -0.143242 -0.017514
v -0.065748 -0.148071 -0.017089
v -0.049634 -0.152832 -0.016900
v -0.033355 -0.157233 -0.016932
v -0.016777 -0.160511 -0.017066
v 0.000000 -0.161137 -0.016993
v 0.017059 -0.163107 -0.017330
v 0.034969 -0.165161 -0.017819
v 0.054360 -0.168287 -0.018709
v 0.074890 -0.168971 -0.019527
v 0.095758 -0.166498 -0.020282
v 0.114857 -0.157123 -0.020291
v 0.131989 -0.144758 -0.020214
v 0.148107 -0.132948 -0.020815
v 0.161470 -0.117061 -0.020881
v 0.175008 -0.101474 -0.021442
v 0.189542 -0.084790 -0.022045
v 0.206993 -0.067687 -0.023215
v 0.226377 -0.048623 -0.024898
v 0.239072 -0.024753 -0.024454
v 0.228660 0.000000 -0.045036
v 0.226387 0.023478 -0.045361
v 0.216415 0.045955 -0.045243
v 0.201015 0.066135 -0.044468
v 0.183106 0.083132 -0.042792
v 0.166254 0.099113 -0.042081
v 0.148397 0.111120 -0.039976
v 0.129965 0.120000 -0.037611
v 0.111487 0.127058 -0.035768
v 0.093892 0.134217 -0.035032
v 0.076917 0.139391 -0.034022
v 0.060962 0.144669 -0.033436
v 0.045251 0.149473 -0.033035
v 0.029263 0.154434 -0.033224
v 0.012756 0.160048 -0.034284
v -0.004269 0.160914 -0.034353
v -0.021298 0.158859 -0.034026
v -0.038332 0.156710 -0.034244
v -0.055682 0.156188 -0.035728
v -0.072441 0.151266 -0.036351
v -0.088291 0.142558 -0.036157
v -0.104214 0.133443 -0.036282
v -0.121705 0.125793 -0.037601
v -0.141834 0.119563 -0.040588
v -0.163625 0.111625 -0.044287
v -0.183066 0.097081 -0.045777
v -0.198518 0.077645 -0.045335
v -0.210571 0.056465 -0.044736
v -0.220320 0.034870 -0.045638
v -0.225931 0.011906 -0.046925
v -0.227471 -0.012231 -0.049349
v -0.218822 -0.035292 -0.047217
v -0.204421 -0.055088 -0.043859
v -0.188802 -0.073216 -0.042300
v -0.172621 -0.090151 -0.041815
v -0.154536 -0.103023 -0.039855
v -0.136577 -0.114045 -0.038313
v -0.118281 -0.121966 -0.036363
v -0.100670 -0.128639 -0.034899
v -0.083976 -0.134619 -0.033876
v -0.067882 -0.139255 -0.032818
v -0.052321 -0.144559 -0.032527
v -0.036697 -0.150483 -0.032995
v -0.020605 -0.155138 -0.033574
v -0.004130 -0.155502 -0.033167
v 0.012532 -0.156919 -0.033543
v 0.030013 -0.159988 -0.034793
v 0.048903 -0.163270 -0.036495
v 0.068997 -0.163808 -0.037865
v 0.090069 -0.163185 -0.039789
v 0.109170 -0.153527 -0.039406
v 0.127152 -0.143157 -0.039837
v 0.143451 -0.131389 -0.040840
v 0.156762 -0.115494 -0.040789
v 0.170308 -0.100601 -0.042241
v 0.182904 -0.082711 -0.042372
v 0.198273 -0.065539 -0.044310
v 0.213735 -0.046048 -0.046094
v 0.223387 -0.023191 -0.044816
v 0.210487 0.000000 -0.067827
v 0.209143 0.023463 -0.070347
v 0.196491 0.043963 -0.065199
v 0.182389 0.062808 -0.063080
v 0.167243 0.079670 -0.061338
v 0.151522 0.094003 -0.058965
v 0.134498 0.104225 -0.054847
v 0.117655 0.113490 -0.052355
v 0.100628 0.121246 -0.050572
v 0.084257 0.129003 -0.050086
v 0.068178 0.134585 -0.048952
v 0.052659 0.140221 -0.048482
v 0.036905 0.144305 -0.047842
v 0.020827 0.149020 -0.048468
v 0.004226 0.153322 -0.049842
v -0.012751 0.154005 -0.050253
v -0.029809 0.152385 -0.050371
v -0.047019 0.150930 -0.051601
v -0.064181 0.148448 -0.053484
v -0.080059 0.139893 -0.052993
v -0.095575 0.130474 -0.052813
v -0.111987 0.121913 -0.053973
v -0.130402 0.114432 -0.057102
v -0.150138 0.105504 -0.061058
v -0.167693 0.090926 -0.062205
v -0.182374 0.073235 -0.062435
v -0.195586 0.055095 -0.065508
v -0.203709 0.033978 -0.067038
v -0.207854 0.011594 -0.069243
v -0.206732 -0.011673 -0.070700
v -0.195182 -0.032369 -0.063420
v -0.181777 -0.050360 -0.058611
v -0.168174 -0.067383 -0.057191
v -0.152893 -0.081786 -0.055020
v -0.137392 -0.094647 -0.053530
v -0.121685 -0.106065 -0.052530
v -0.105442 -0.114996 -0.051034
v -0.089251 -0.121957 -0.049440
v -0.073189 -0.126088 -0.046996
v -0.057886 -0.130450 -0.045641
v -0.042853 -0.135388 -0.045445
v -0.027650 -0.141000 -0.046468
v -0.011977 -0.144884 -0.047368
v 0.004017 -0.145550 -0.047240
v 0.020426 -0.146873 -0.048022
v 0.037994 -0.150305 -0.050475
v 0.056486 -0.149378 -0.051292
v 0.076076 -0.147960 -0.053015
v 0.095928 -0.144390 -0.055107
v 0.114247 -0.135810 -0.055953
v 0.130424 -0.123867 -0.056296
v 0.144475 -0.109806 -0.056611
v 0.157588 -0.095259 -0.058001
v 0.169107 -0.078009 -0.057826
v 0.182458 -0.061623 -0.060486
v 0.194813 -0.042889 -0.062410
v 0.204737 -0.022276 -0.064518
v 0.186156 0.000000 -0.083805
v 0.182325 0.020995 -0.082335
v 0.172956 0.040152 -0.078776
v 0.161678 0.057947 -0.077179
v 0.149082 0.074123 -0.075787
v 0.134744 0.087056 -0.072143
v 0.119627 0.097588 -0.068447
v 0.104077 0.106470 -0.065647
v 0.088522 0.114314 -0.063951
v 0.073429 0.121944 -0.063507
v 0.058362 0.127601 -0.062346
v 0.043307 0.132437 -0.061553
v 0.027959 0.136962 -0.061707
v 0.012186 0.142067 -0.063576
v -0.004086 0.142965 -0.063640
v -0.020494 0.141995 -0.063605
v -0.037000 0.140257 -0.064320
v -0.053422 0.137247 -0.065591
v -0.069271 0.131599 -0.066421
v -0.084329 0.123217 -0.066393
v -0.099451 0.114238 -0.066945
v -0.115759 0.105803 -0.069339
v -0.133088 0.096449 -0.072848
v -0.149420 0.083682 -0.075068
v -0.164530 0.069268 -0.078896
v -0.176411 0.052047 -0.082682
v -0.183078 0.031916 -0.084015
v -0.186190 0.010863 -0.086642
v -0.182470 -0.010595 -0.084092
v -0.173075 -0.029850 -0.077622
v -0.161863 -0.047021 -0.073337
v -0.149288 -0.062345 -0.070258
v -0.135822 -0.075850 -0.067720
v -0.122169 -0.088412 -0.066641
v -0.107369 -0.098127 -0.064273
v -0.092607 -0.107086 -0.063241
v -0.077565 -0.113742 -0.061552
v -0.062697 -0.118716 -0.059696
v -0.048089 -0.122809 -0.058269
v -0.033613 -0.127430 -0.058418
v -0.018920 -0.132369 -0.059952
v -0.003808 -0.134028 -0.060066
v 0.011565 -0.135543 -0.061027
v 0.027601 -0.137482 -0.063105
v 0.044679 -0.138738 -0.065580
v 0.062407 -0.136137 -0.066366
v 0.080633 -0.132007 -0.067711
v 0.099518 -0.128707 -0.072160
v 0.115287 -0.116653 -0.071155
v 0.130440 -0.105477 -0.073307
v 0.143582 -0.091625 -0.074874
v 0.155278 -0.075968 -0.076233
v 0.166827 -0.059667 -0.079268
v 0.176882 -0.041354 -0.081786
v 0.184111 -0.021273 -0.083744
v 0.160151 0.000000 -0.092391
v 0.156985 0.019060 -0.091283
v 0.149833 0.036912 -0.088997
v 0.140639 0.053697 -0.088118
v 0.128683 0.067622 -0.084134
v 0.115964 0.080055 -0.081377
v 0.102318 0.090598 -0.078829
v 0.088206 0.099646 -0.076936
v 0.074083 0.107744 -0.075930
v 0.060098 0.115403 -0.075926
v 0.045673 0.120790 -0.074838
v 0.030904 0.125556 -0.074773
v 0.015692 0.130226 -0.076378
v 0.000000 0.130875 -0.075870
v -0.015776 0.129790 -0.075401
v -0.031578 0.127672 -0.075629
v -0.047282 0.124353 -0.076570
v -0.062581 0.119278 -0.077802
v -0.077163 0.111675 -0.078252
v -0.091698 0.103346 -0.079575
v -0.106733 0.094374 -0.081987
v -0.122266 0.084362 -0.085703
v -0.136894 0.071853 -0.089275
v -0.148779 0.056315 -0.091493
v -0.156962 0.038582 -0.092796
v -0.161188 0.019579 -0.093813
v -0.161228 -0.000000 -0.094094
v -0.156811 -0.019145 -0.092281
v -0.148436 -0.036552 -0.088082
v -0.138105 -0.052212 -0.084688
v -0.126143 -0.065774 -0.081068
v -0.113661 -0.078292 -0.079372
v -0.099746 -0.087909 -0.076053
v -0.085558 -0.096302 -0.074025
v -0.071093 -0.102755 -0.071879
v -0.056830 -0.108100 -0.070342
v -0.042743 -0.112471 -0.069274
v -0.028750 -0.116996 -0.069824
v -0.014468 -0.119607 -0.069876
v 0.000000 -0.121251 -0.070429
v 0.014783 -0.123034 -0.072434
v 0.030247 -0.124856 -0.075716
v 0.046558 -0.125057 -0.078820
v 0.063542 -0.122843 -0.081373
v 0.081040 -0.119237 -0.085036
v 0.098256 -0.113150 -0.089128
v 0.113267 -0.101731 -0.089868
v 0.126268 -0.087906 -0.090170
v 0.137218 -0.072295 -0.090199
v 0.147036 -0.056142 -0.092097
v 0.155079 -0.038631 -0.094311
v 0.160184 -0.019677 -0.095487
v 0.136254 0.000000 -0.098649
v 0.133925 0.017300 -0.098505
v 0.128153 0.033645 -0.096499
v 0.119961 0.048664 -0.094437
v 0.109415 0.061419 -0.090578
v 0.097838 0.072746 -0.087972
v 0.085623 0.082909 -0.086571
v 0.073021 0.091876 -0.085722
v 0.060251 0.100045 -0.085652
v 0.047056 0.107054 -0.085750
v 0.033174 0.112357 -0.085652
v 0.018716 0.116764 -0.086762
v 0.003756 0.117527 -0.085769
v -0.011302 0.117584 -0.086177
v -0.026397 0.116045 -0.086803
v -0.041385 0.112876 -0.087746
v -0.055953 0.107672 -0.088620
v -0.069894 0.100514 -0.089355
v -0.083456 0.092120 -0.090663
v -0.097052 0.082915 -0.093305
v -0.110189 0.071857 -0.095898
v -0.122204 0.058968 -0.098961
v -0.131569 0.043697 -0.100788
v -0.137195 0.026590 -0.100523
v -0.139721 0.008953 -0.101290
v -0.138671 -0.008924 -0.101459
v -0.134067 -0.026227 -0.100195
v -0.126326 -0.042042 -0.097198
v -0.116189 -0.055748 -0.092948
v -0.104896 -0.068058 -0.090294
v -0.092304 -0.078389 -0.087604
v -0.078714 -0.086370 -0.084412
v -0.064777 -0.092404 -0.081363
v -0.050984 -0.097195 -0.079119
v -0.037487 -0.101628 -0.078458
v -0.023978 -0.105017 -0.078227
v -0.010332 -0.107059 -0.078109
v 0.003471 -0.108434 -0.078999
v 0.017579 -0.109534 -0.081317
v 0.032213 -0.109914 -0.084525
v 0.047415 -0.108501 -0.087478
v 0.063320 -0.106237 -0.091965
v 0.079569 -0.102285 -0.097634
v 0.095076 -0.094942 -0.102441
v 0.107601 -0.081704 -0.101117
v 0.117739 -0.066613 -0.099125
v 0.126111 -0.051133 -0.099162
v 0.132390 -0.034807 -0.099992
v 0.136197 -0.017649 -0.100845
v 0.114772 0.000000 -0.103287
v 0.112484 0.015789 -0.102012
v 0.107582 0.030790 -0.100355
v 0.100416 0.044727 -0.099060
v 0.090947 0.056708 -0.096107
v 0.080340 0.067330 -0.094175
v 0.069177 0.077078 -0.093748
v 0.057509 0.085761 -0.093783
v 0.045153 0.092959 -0.093568
v 0.031967 0.098457 -0.093290
v 0.018074 0.102758 -0.094216
v 0.003647 0.104884 -0.094939
v -0.010988 0.105212 -0.095931
v -0.025640 0.103509 -0.096744
v -0.040035 0.099401 -0.096865
v -0.053891 0.093339 -0.097040
v -0.067010 0.085566 -0.097513
v -0.079594 0.076850 -0.099592
v -0.091658 0.066951 -0.103177
v -0.102525 0.055022 -0.106622
v -0.111104 0.040765 -0.108287
v -0.116696 0.024893 -0.108233
v -0.119428 0.008379 -0.108573
v -0.118750 -0.008316 -0.107519
v -0.115163 -0.024541 -0.106586
v -0.108495 -0.039483 -0.103927
v -0.099335 -0.052571 -0.100282
v -0.088527 -0.064040 -0.097605
v -0.076117 -0.073019 -0.093908
v -0.062971 -0.080023 -0.090654
v -0.049638 -0.085396 -0.088065
v -0.036444 -0.089812 -0.086760
v -0.023288 -0.093128 -0.086115
v -0.010035 -0.095153 -0.085797
v 0.003373 -0.096503 -0.086855
v 0.017040 -0.096904 -0.088888
v 0.031057 -0.096146 -0.091650
v 0.045497 -0.094091 -0.095193
v 0.060439 -0.091134 -0.100863
v 0.075132 -0.085402 -0.106129
v 0.088219 -0.075608 -0.108377
v 0.098358 -0.061928 -0.106110
v 0.106172 -0.047337 -0.104957
v 0.111575 -0.032011 -0.104631
v 0.114572 -0.016136 -0.104655
v 0.095726 0.000000 -0.106467
v 0.093781 0.014879 -0.105852
v 0.089248 0.029023 -0.104417
v 0.082449 0.042127 -0.103397
v 0.073503 0.053443 -0.101070
v 0.063434 0.063530 -0.099962
v 0.052625 0.072775 -0.100457
v 0.040793 0.080252 -0.100307
v 0.027936 0.085869 -0.100130
v 0.014244 0.089904 -0.101053
v 0.000000 0.091857 -0.102250
v -0.014466 0.091720 -0.103611
v -0.028870 0.089131 -0.104442
v -0.042889 0.084316 -0.105291
v -0.055977 0.076871 -0.105262
v -0.068085 0.068087 -0.106945
v -0.078974 0.057712 -0.109759
v -0.087884 0.045037 -0.110888
v -0.094518 0.030814 -0.111164
v -0.098583 0.015628 -0.111055
v -0.099790 0.000000 -0.110373
v -0.098078 -0.015474 -0.109358
v -0.093630 -0.030351 -0.108790
v -0.086270 -0.043828 -0.106861
v -0.076517 -0.055413 -0.104310
v -0.064898 -0.064575 -0.100835
v -0.052352 -0.071777 -0.098084
v -0.039449 -0.077331 -0.096254
v -0.026402 -0.081146 -0.094607
v -0.013278 -0.083626 -0.093752
v 0.000000 -0.084899 -0.093940
v 0.013487 -0.084939 -0.095223
v 0.027192 -0.083551 -0.097383
v 0.041176 -0.081124 -0.101562
v 0.055039 -0.076269 -0.105499
v 0.067980 -0.068415 -0.108224
v 0.079093 -0.057819 -0.109998
v 0.087230 -0.044482 -0.108920
v 0.092576 -0.030055 -0.107910
v 0.095376 -0.015112 -0.107346
v 0.079294 0.000000 -0.110348
v 0.077537 0.014166 -0.110070
v 0.073076 0.027527 -0.108301
v 0.066347 0.039778 -0.107183
v 0.057657 0.050501 -0.105965
v 0.047638 0.059963 -0.106029
v 0.036371 0.067849 -0.106517
v 0.023835 0.073294 -0.105970
v 0.010418 0.076699 -0.106204
v -0.003514 0.078175 -0.107611
v -0.017610 0.077033 -0.108560
v -0.031527 0.073661 -0.110094
v -0.044654 0.067439 -0.110838
v -0.056461 0.058973 -0.112127
v -0.066246 0.048040 -0.112254
v -0.073989 0.035701 -0.113504
v -0.079054 0.021812 -0.112817
v -0.081602 0.007328 -0.112247
v -0.081604 -0.007334 -0.112429
v -0.078707 -0.021690 -0.112032
v -0.072961 -0.035141 -0.111498
v -0.064395 -0.046753 -0.109392
v -0.053674 -0.055976 -0.106235
v -0.041713 -0.062956 -0.103373
v -0.029229 -0.068359 -0.102276
v -0.016352 -0.071408 -0.100422
v -0.003295 -0.072974 -0.099907
v 0.009955 -0.073072 -0.100818
v 0.023366 -0.071701 -0.103412
v 0.036676 -0.068000 -0.106005
v 0.049341 -0.061632 -0.108020
v 0.060695 -0.052952 -0.110593
v 0.069656 -0.041659 -0.111917
v 0.075573 -0.028406 -0.111464
v 0.078654 -0.014313 -0.110688
v 0.064589 0.000000 -0.113186
v 0.062834 0.013405 -0.112156
v 0.058374 0.026030 -0.111042
v 0.051481 0.037496 -0.110814
v 0.042477 0.047339 -0.110779
v 0.031836 0.055500 -0.111826
v 0.019698 0.060704 -0.110725
v 0.006699 0.063751 -0.111057
v -0.006754 0.064158 -0.111543
v -0.020212 0.062039 -0.112642
v -0.033088 0.057052 -0.113525
v -0.044615 0.049342 -0.114460
v -0.053989 0.039114 -0.114894
v -0.060810 0.027085 -0.115390
v -0.064763 0.013756 -0.114501
v -0.066128 0.000000 -0.114749
v -0.064723 -0.013806 -0.115481
v -0.060159 -0.026838 -0.114549
v -0.052697 -0.038319 -0.113026
v -0.042790 -0.047429 -0.110291
v -0.031378 -0.054219 -0.108140
v -0.019163 -0.059034 -0.107631
v -0.006445 -0.061264 -0.106589
v 0.006479 -0.061570 -0.107093
v 0.019395 -0.059549 -0.108147
v 0.031886 -0.054942 -0.109230
v 0.043369 -0.047946 -0.111160
v 0.052939 -0.038400 -0.112950
v 0.059782 -0.026674 -0.113872
v 0.063546 -0.013550 -0.113301
v 0.050918 0.000000 -0.114523
v 0.049093 0.013143 -0.113948
v 0.043924 0.025327 -0.113595
v 0.035809 0.035872 -0.114175
v 0.025314 0.044103 -0.115152
v 0.013086 0.049041 -0.114571
v 0.000000 0.050996 -0.115072
v -0.013278 0.049731 -0.116110
v -0.025925 0.044951 -0.116719
v -0.036917 0.036946 -0.117458
v -0.045152 0.026063 -0.117048
v -0.050209 0.013475 -0.117161
v -0.051930 0.000000 -0.117619
v -0.050132 -0.013483 -0.117512
v -0.044675 -0.025776 -0.115704
v -0.036120 -0.036103 -0.114610
v -0.025150 -0.043482 -0.112535
v -0.012871 -0.048036 -0.111701
v 0.000000 -0.049579 -0.111463
v 0.012881 -0.048059 -0.111716
v 0.025145 -0.043475 -0.112523
v 0.035923 -0.035831 -0.113481
v 0.044276 -0.025585 -0.115044
v 0.049295 -0.013215 -0.114759
v 0.037919 0.000000 -0.116298
v 0.035900 0.012297 -0.116246
v 0.029923 0.023282 -0.116622
v 0.020680 0.031772 -0.117305
v 0.009244 0.036649 -0.116886
v -0.003116 0.037771 -0.117231
v -0.015295 0.035057 -0.118541
v -0.025997 0.028363 -0.119233
v -0.033831 0.018338 -0.118798
v -0.038017 0.006365 -0.119456
v -0.038050 -0.006370 -0.119541
v -0.033757 -0.018218 -0.117432
v -0.025803 -0.027953 -0.116570
v -0.015112 -0.034339 -0.114967
v -0.003080 -0.037154 -0.114649
v 0.009155 -0.036235 -0.115344
v 0.020469 -0.031329 -0.115169
v 0.029738 -0.023153 -0.116054
v 0.035772 -0.012267 -0.116133
v 0.025196 0.000000 -0.118060
v 0.021832 0.012571 -0.117941
v 0.012574 0.021821 -0.118811
v 0.000000 0.025190 -0.119022
v -0.012645 0.022061 -0.120826
v -0.022068 0.012816 -0.121394
v -0.025591 0.000000 -0.121506
v -0.022073 -0.012718 -0.119376
v -0.012628 -0.021814 -0.118136
v 0.000000 -0.024987 -0.117428
v 0.012486 -0.021645 -0.117704
v 0.021704 -0.012515 -0.117580
v 0.012603 0.000000 -0.119901
v 0.006305 0.010945 -0.120564
v -0.006326 0.011013 -0.121684
v -0.012700 0.000000 -0.120956
v -0.006320 -0.010924 -0.119735
v 0.006287 -0.010889 -0.119615
v 0.000000 0.000000 -0.120516
f 1 2 3
f 1 3 4
f 1 4 5
f 1 5 6
f 1 6 7
f 1 7 2
f 2 8 9
f 2 9 3
f 3 9 10
f 3 10 11
f 3 11 4
f 4 11 12
f 4 12 13
f 4 13 5
f 5 13 14
f 5 14 15
f 5 15 6
f 6 15 16
f 6 16 17
f 6 17 7
f 7 17 18
f 7 18 19
f 7 19 2
f 2 19 8
f 8 20 21
f 8 21 9
f 9 21 22
f 9 22 23
f 9 23 10
f 10 23 24
f 10 24 11
f 11 24 25
f 11 25 26
f 11 26 12
f 12 26 27
f 12 27 13
f 13 27 28
f 13 28 29
f 13 29 14
f 14 29 30
f 14 30 31
f 14 31 15
f 15 31 32
f 15 32 16
f 16 32 33
f 16 33 34
f 16 34 17
f 17 34 35
f 17 35 18
f 18 35 36
f 18 36 37
f 18 37 19
f 19 37 38
f 19 38 8
f 8 38 20
f 20 39 40
f 20 40 21
f 21 40 41
f 21 41 22
f 22 41 42
f 22 42 23
f 23 42 43
f 23 43 44
f 23 44 24
f 24 44 45
f 24 45 25
f 25 45 46
f 25 46 26
f 26 46 47
f 26 47 27
f 27 47 48
f 27 48 49
f 27 49 28
f 28 49 50
f 28 50 29
f 29 50 51
f 29 51 30
f 30 51 52
f 30 52 31
f 31 52 53
f 31 53 54
f 31 54 32
f 32 54 55
f 32 55 33
f 33 55 56
f 33 56 34
f 34 56 57
f 34 57 35
f 35 57 58
f 35 58 59
f 35 59 36
f 36 59 60
f 36 60 37
f 37 60 61
f 37 61 38
f 38 61 62
f 38 62 20
f 20 62 39
f 39 63 64
f 39 64 40
f 40 64 65
f 40 65 41
f 41 65 66
f 41 66 42
f 42 66 67
f 42 67 43
f 43 67 68
f 43 68 69
f 43 69 44
f 44 69 70
f 44 70 45
f 45 70 71
f 45 71 46
f 46 71 72
f 46 72 47
f 47 72 73
f 47 73 74
f 47 74 48
f 48 74 75
f 48 75 49
f 49 75 76
f 49 76 50
f 50 76 77
f 50 77 51
f 51 77 78
f 51 78 79
f 51 79 52
f 52 79 80
f 52 80 53
f 53 80 81
f 53 81 54
f 54 81 82
f 54 82 55
f 55 82 83
f 55 83 84
f 55 84 56
f 56 84 85
f 56 85 57
f 57 85 86
f 57 86 58
f 58 86 87
f 58 87 59
f 59 87 88
f 59 88 89
f 59 89 60
f 60 89 90
f 60 90 61
f 61 90 91
f 61 91 62
f 62 91 92
f 62 92 39
f 39 92 63
f 63 93 94
f 63 94 64
f 64 94 95
f 64 95 65
f 65 95 96
f 65 96 66
f 66 96 97
f 66 97 67
f 67 97 98
f 67 98 68
f 68 98 99
f 68 99 69
f 69 99 100
f 69 100 101
f 69 101 70
f 70 101 102
f 70 102 71
f 71 102 103
f 71 103 72
f 72 103 104
f 72 104 73
f 73 104 105
f 73 105 74
f 74 105 106
f 74 106 75
f 75 106 107
f 75 107 108
f 75 108 76
f 76 108 109
f 76 109 77
f 77 109 110
f 77 110 78
f 78 110 111
f 78 111 79
f 79 111 112
f 79 112 80
f 80 112 113
f 80 113 81
f 81 113 114
f 81 114 115
f 81 115 82
f 82 115 116
f 82 116 83
f 83 116 117
f 83 117 84
f 84 117 118
f 84 118 85
f 85 118 119
f 85 119 86
f 86 119 120
f 86 120 87
f 87 120 121
f 87 121 122
f 87 122 88
f 88 122 123
f 88 123 89
f 89 123 124
f 89 124 90
f 90 124 125
f 90 125 91
f 91 125 126
f 91 126 92
f 92 126 127
f 92 127 63
f 63 127 93
f 93 128 129
f 93 129 94
f 94 129 130
f 94 130 95
f 95 130 131
f 95 131 96
f 96 131 132
f 96 132 97
f 97 132 133
f 97 133 98
f 98 133 134
f 98 134 99
f 99 134 135
f 99 135 100
f 100 135 136
f 100 136 137
f 100 137 101
f 101 137 138
f 101 138 102
f 102 138 139
f 102 139 103
f 103 139 140
f 103 140 104
f 104 140 141
f 104 141 105
f 105 141 142
f 105 142 106
f 106 142 143
f 106 143 107
f 107 143 144
f 107 144 145
f 107 145 108
f 108 145 146
f 108 146 109
f 109 146 147
f 109 147 110
f 110 147 148
f 110 148 111
f 111 148 149
f 111 149 112
f 112 149 150
f 112 150 113
f 113 150 151
f 113 151 114
f 114 151 152
f 114 152 153
f 114 153 115
f 115 153 154
f 115 154 116
f 116 154 155
f 116 155 117
f 117 155 156
f 117 156 118
f 118 156 157
f 118 157 119
f 119 157 158
f 119 158 120
f 120 158 159
f 120 159 121
f 121 159 160
f 121 160 161
f 121 161 122
f 122 161 162
f 122 162 123
f 123 162 163
f 123 163 124
f 124 163 164
f 124 164 125
f 125 164 165
f 125 165 126
f 126 165 166
f 126 166 127
f 127 166 167
f 127 167 93
f 93 167 128
f 128 168 169
f 128 169 129
f 129 169 170
f 129 170 130
f 130 170 171
f 130 171 131
f 131 171 172
f 131 172 132
f 132 172 173
f 132 173 133
f 133 173 174
f 133 174 134
f 134 174 175
f 134 175 135
f 135 175 176
f 135 176 136
f 136 176 177
f 136 177 178
f 136 178 137
f 137 178 179
f 137 179 138
f 138 179 180
f 138 180 139
f 139 180 181
f 139 181 140
f 140 181 182
f 140 182 141
f 141 182 183
f 141 183 142
f 142 183 184
f 142 184 143
f 143 184 185
f 143 185 144
f 144 185 186
f 144 186 187
f 144 187 145
f 145 187 188
f 145 188 146
f 146 188 189
f 146 189 147
f 147 189 190
f 147 190 148
f 148 190 191
f 148 191 149
f 149 191 192
f 149 192 150
f 150 192 193
f 150 193 151
f 151 193 194
f 151 194 152
f 152 194 195
f 152 195 196
f 152 196 153
f 153 196 197
f 153 197 154
f 154 197 198
f 154 198 155
f 155 198 199
f 155 199 156
f 156 199 200
f 156 200 157
f 157 200 201
f 157 201 158
f 158 201 202
f 158 202 159
f 159 202 203
f 159 203 160
f 160 203 204
f 160 204 205
f 160 205 161
f 161 205 206
f 161 206 162
f 162 206 207
f 162 207 163
f 163 207 208
f 163 208 164
f 164 208 209
f 164 209 165
f 165 209 210
f 165 210 166
f 166 210 211
f 166 211 167
f 167 211 212
f 167 212 128
f 128 212 168
f 168 213 214
f 168 214 169
f 169 214 215
f 169 215 170
f 170 215 216
f 170 216 171
f 171 216 217
f 171 217 172
f 172 217 218
f 172 218 173
f 173 218 219
f 173 219 174
f 174 219 220
f 174 220 175
f 175 220 221
f 175 221 176
f 176 221 222
f 176 222 177
f 177 222 223
f 177 223 178
f 178 223 224
f 178 224 179
f 179 224 225
f 179 225 226
f 179 226 180
f 180 226 227
f 180 227 181
f 181 227 228
f 181 228 182
f 182 228 229
f 182 229 183
f 183 229 230
f 183 230 184
f 184 230 231
f 184 231 185
f 185 231 232
f 185 232 186
f 186 232 233
f 186 233 187
f 187 233 234
f 187 234 188
f 188 234 235
f 188 235 189
f 189 235 236
f 189 236 190
f 190 236 237
f 190 237 238
f 190 238 191
f 191 238 239
f 191 239 192
f 192 239 240
f 192 240 193
f 193 240 241
f 193 241 194
f 194 241 242
f 194 242 195
f 195 242 243
f 195 243 196
f 196 243 244
f 196 244 197
f 197 244 245
f 197 245 198
f 198 245 246
f 198 246 199
f 199 246 247
f 199 247 200
f 200 247 248
f 200 248 201
f 201 248 249
f 201 249 250
f 201 250 202
f 202 250 251
f 202 251 203
f 203 251 252
f 203 252 204
f 204 252 253
f 204 253 205
f 205 253 254
f 205 254 206
f 206 254 255
f 206 255 207
f 207 255 256
f 207 256 208
f 208 256 257
f 208 257 209
f 209 257 258
f 209 258 210
f 210 258 259
f 210 259 211
f 211 259 260
f 211 260 212
f 212 260 261
f 212 261 168
f 168 261 213
f 213 262 263
f 213 263 214
f 214 263 264
f 214 264 215
f 215 264 265
f 215 265 216
f 216 265 266
f 216 266 217
f 217 266 267
f 217 267 218
f 218 267 268
f 218 268 219
f 219 268 269
f 219 269 220
f 220 269 270
f 220 270 221
f 221 270 271
f 221 271 222
f 222 271 272
f 222 272 223
f 223 272 273
f 223 273 224
f 224 273 274
f 224 274 225
f 225 274 275
f 225 275 226
f 226 275 276
f 226 276 227
f 227 276 277
f 227 277 228
f 228 277 278
f 228 278 229
f 229 278 279
f 229 279 280
f 229 280 230
f 230 280 281
f 230 281 231
f 231 281 282
f 231 282 232
f 232 282 283
f 232 283 233
f 233 283 284
f 233 284 234
f 234 284 285
f 234 285 235
f 235 285 286
f 235 286 236
f 236 286 287
f 236 287 237
f 237 287 288
f 237 288 238
f 238 288 289
f 238 289 239
f 239 289 290
f 239 290 240
f 240 290 291
f 240 291 241
f 241 291 292
f 241 292 242
f 242 292 293
f 242 293 243
f 243 293 294
f 243 294 244
f 244 294 295
f 244 295 245
f 245 295 296
f 245 296 297
f 245 297 246
f 246 297 298
f 246 298 247
f 247 298 299
f 247 299 248
f 248 299 300
f 248 300 249
f 249 300 301
f 249 301 250
f 250 301 302
f 250 302 251
f 251 302 303
f 251 303 252
f 252 303 304
f 252 304 253
f 253 304 305
f 253 305 254
f 254 305 306
f 254 306 255
f 255 306 307
f 255 307 256
f 256 307 308
f 256 308 257
f 257 308 309
f 257 309 258
f 258 309 310
f 258 310 259
f 259 310 311
f 259 311 260
f 260 311 312
f 260 312 261
f 261 312 313
f 261 313 213
f 213 313 262
f 262 314 315
f 262 315 263
f 263 315 316
f 263 316 264
f 264 316 317
f 264 317 265
f 265 317 318
f 265 318 266
f 266 318 319
f 266 319 267
f 267 319 320
f 267 320 268
f 268 320 321
f 268 321 269
f 269 321 322
f 269 322 270
f 270 322 323
f 270 323 271
f 271 323 324
f 271 324 272
f 272 324 325
f 272 325 273
f 273 325 326
f 273 326 274
f 274 326 327
f 274 327 275
f 275 327 328
f 275 328 276
f 276 328 329
f 276 329 277
f 277 329 330
f 277 330 278
f 278 330 331
f 278 331 279
f 279 331 332
f 279 332 333
f 279 333 280
f 280 333 334
f 280 334 281
f 281 334 335
f 281 335 282
f 282 335 336
f 282 336 283
f 283 336 337
f 283 337 284
f 284 337 338
f 284 338 285
f 285 338 339
f 285 339 286
f 286 339 340
f 286 340 287
f 287 340 341
f 287 341 288
f 288 341 342
f 288 342 289
f 289 342 343
f 289 343 290
f 290 343 344
f 290 344 291
f 291 344 345
f 291 345 292
f 292 345 346
f 292 346 293
f 293 346 347
f 293 347 294
f 294 347 348
f 294 348 295
f 295 348 349
f 295 349 296
f 296 349 350
f 296 350 351
f 296 351 297
f 297 351 352
f 297 352 298
f 298 352 353
f 298 353 299
f 299 353 354
f 299 354 300
f 300 354 355
f 300 355 301
f 301 355 356
f 301 356 302
f 302 356 357
f 302 357 303
f 303 357 358
f 303 358 304
f 304 358 359
f 304 359 305
f 305 359 360
f 305 360 306
f 306 360 361
f 306 361 307
f 307 361 362
f 307 362 308
f 308 362 363
f 308 363 309
f 309 363 364
f 309 364 310
f 310 364 365
f 310 365 311
f 311 365 366
f 311 366 312
f 312 366 367
f 312 367 313
f 313 367 368
f 313 368 262
f 262 368 314
f 314 369 370
f 314 370 315
f 315 370 371
f 315 371 316
f 316 371 372
f 316 372 317
f 317 372 373
f 317 373 318
f 318 373 374
f 318 374 319
f 319 374 375
f 319 375 320
f 320 375 376
f 320 376 321
f 321 376 377
f 321 377 322
f 322 377 378
f 322 378 323
f 323 378 379
f 323 379 324
f 324 379 380
f 324 380 325
f 325 380 381
f 325 381 326
f 326 381 382
f 326 382 327
f 327 382 383
f 327 383 328
f 328 383 384
f 328 384 329
f 329 384 385
f 329 385 330
f 330 385 386
f 330 386 331
f 331 386 387
f 331 387 332
f 332 387 388
f 332 388 333
f 333 388 389
f 333 389 334
f 334 389 390
f 334 390 335
f 335 390 391
f 335 391 336
f 336 391 392
f 336 392 337
f 337 392 393
f 337 393 338
f 338 393 394
f 338 394 339
f 339 394 395
f 339 395 340
f 340 395 396
f 340 396 341
f 341 396 397
f 341 397 398
f 341 398 342
f 342 398 399
f 342 399 343
f 343 399 400
f 343 400 344
f 344 400 401
f 344 401 345
f 345 401 402
f 345 402 346
f 346 402 403
f 346 403 347
f 347 403 404
f 347 404 348
f 348 404 405
f 348 405 349
f 349 405 406
f 349 406 350
f 350 406 407
f 350 407 351
f 351 407 408
f 351 408 352
f 352 408 409
f 352 409 353
f 353 409 410
f 353 410 354
f 354 410 411
f 354 411 355
f 355 411 412
f 355 412 356
f 356 412 413
f 356 413 357
f 357 413 414
f 357 414 358
f 358 414 415
f 358 415 359
f 359 415 416
f 359 416 360
f 360 416 417
f 360 417 361
f 361 417 418
f 361 418 362
f 362 418 419
f 362 419 363
f 363 419 420
f 363 420 364
f 364 420 421
f 364 421 365
f 365 421 422
f 365 422 366
f 366 422 423
f 366 423 367
f 367 423 424
f 367 424 368
f 368 424 425
f 368 425 314
f 314 425 369
f 369 426 427
f 369 427 370
f 370 427 428
f 370 428 371
f 371 428 429
f 371 429 372
f 372 429 430
f 372 430 373
f 373 430 431
f 373 431 374
f 374 431 432
f 374 432 375
f 375 432 433
f 375 433 376
f 376 433 434
f 376 434 377
f 377 434 435
f 377 435 378
f 378 435 436
f 378 436 379
f 379 436 437
f 379 437 380
f 380 437 438
f 380 438 381
f 381 438 439
f 381 439 382
f 382 439 440
f 382 440 383
f 383 440 441
f 383 441 384
f 384 441 442
f 384 442 385
f 385 442 443
f 385 443 386
f 386 443 444
f 386 444 387
f 387 444 445
f 387 445 388
f 388 445 446
f 388 446 389
f 389 446 447
f 389 447 390
f 390 447 448
f 390 448 391
f 391 448 449
f 391 449 392
f 392 449 450
f 392 450 393
f 393 450 451
f 393 451 394
f 394 451 452
f 394 452 395
f 395 452 453
f 395 453 396
f 396 453 454
f 396 454 397
f 397 454 455
f 397 455 456
f 397 456 398
f 398 456 457
f 398 457 399
f 399 457 458
f 399 458 400
f 400 458 459
f 400 459 401
f 401 459 460
f 401 460 402
f 402 460 461
f 402 461 403
f 403 461 462
f 403 462 404
f 404 462 463
f 404 463 405
f 405 463 464
f 405 464 406
f 406 464 465
f 406 465 407
f 407 465 466
f 407 466 408
f 408 466 467
f 408 467 409
f 409 467 468
f 409 468 410
f 410 468 469
f 410 469 411
f 411 469 470
f 411 470 412
f 412 470 471
f 412 471 413
f 413 471 472
f 413 472 414
f 414 472 473
f 414 473 415
f 415 473 474
f 415 474 416
f 416 474 475
f 416 475 417
f 417 475 476
f 417 476 418
f 418 476 477
f 418 477 419
f 419 477 478
f 419 478 420
f 420 478 479
f 420 479 421
f 421 479 480
f 421 480 422
f 422 480 481
f 422 481 423
f 423 481 482
f 423 482 424
f 424 482 483
f 424 483 425
f 425 483 484
f 425 484 369
f 369 484 426
f 426 485 486
f 426 486 427
f 427 486 487
f 427 487 428
f 428 487 488
f 428 488 429
f 429 488 489
f 429 489 430
f 430 489 490
f 430 490 431
f 431 490 491
f 431 491 432
f 432 491 492
f 432 492 433
f 433 492 493
f 433 493 434
f 434 493 494
f 434 494 435
f 435 494 495
f 435 495 436
f 436 495 496
f 436 496 437
f 437 496 497
f 437 497 438
f 438 497 498
f 438 498 439
f 439 498 499
f 439 499 440
f 440 499 500
f 440 500 441
f 441 500 501
f 441 501 442
f 442 501 502
f 442 502 443
f 443 502 503
f 443 503 444
f 444 503 504
f 444 504 445
f 445 504 505
f 445 505 446
f 446 505 506
f 446 506 447
f 447 506 507
f 447 507 448
f 448 507 508
f 448 508 449
f 449 508 509
f 449 509 450
f 450 509 510
f 450 510 451
f 451 510 511
f 451 511 452
f 452 511 512
f 452 512 453
f 453 512 513
f 453 513 454
f 454 513 514
f 454 514 455
f 455 514 515
f 455 515 456
f 456 515 516
f 456 516 457
f 457 516 517
f 457 517 458
f 458 517 518
f 458 518 459
f 459 518 519
f 459 519 460
f 460 519 520
f 460 520 461
f 461 520 521
f 461 521 462
f 462 521 522
f 462 522 463
f 463 522 523
f 463 523 464
f 464 523 524
f 464 524 465
f 465 524 525
f 465 525 466
f 466 525 526
f 466 526 467
f 467 526 527
f 467 527 468
f 468 527 528
f 468 528 469
f 469 528 529
f 469 529 470
f 470 529 530
f 470 530 471
f 471 530 531
f 471 531 472
f 472 531 532
f 472 532 473
f 473 532 533
f 473 533 474
f 474 533 534
f 474 534 475
f 475 534 535
f 475 535 476
f 476 535 536
f 476 536 477
f 477 536 537
f 477 537 478
f 478 537 538
f 478 538 479
f 479 538 539
f 479 539 480
f 480 539 540
f 480 540 481
f 481 540 541
f 481 541 482
f 482 541 542
f 482 542 483
f 483 542 543
f 483 543 484
f 484 543 544
f 484 544 426
f 426 544 485
f 485 545 486
f 486 545 546
f 486 546 487
f 487 546 547
f 487 547 488
f 488 547 548
f 488 548 489
f 489 548 549
f 489 549 490
f 490 549 550
f 490 550 491
f 491 550 551
f 491 551 492
f 492 551 552
f 492 552 493
f 493 552 553
f 493 553 494
f 494 553 554
f 494 554 495
f 495 554 555
f 495 555 496
f 496 555 556
f 496 556 497
f 497 556 557
f 497 557 498
f 498 557 558
f 498 558 499
f 499 558 559
f 499 559 500
f 500 559 560
f 500 560 501
f 501 560 561
f 501 561 502
f 502 561 562
f 502 562 503
f 503 562 563
f 503 563 504
f 504 563 564
f 504 564 505
f 505 564 565
f 505 565 506
f 506 565 566
f 506 566 507
f 507 566 567
f 507 567 508
f 508 567 568
f 508 568 509
f 509 568 569
f 509 569 510
f 510 569 570
f 510 570 511
f 511 570 571
f 511 571 512
f 512 571 572
f 512 572 513
f 513 572 573
f 513 573 514
f 514 573 574
f 514 574 515
f 515 574 575
f 515 575 516
f 516 575 576
f 516 576 517
f 517 576 577
f 517 577 518
f 518 577 578
f 518 578 519
f 519 578 579
f 519 579 520
f 520 579 580
f 520 580 521
f 521 580 581
f 521 581 522
f 522 581 582
f 522 582 523
f 523 582 583
f 523 583 524
f 524 583 584
f 524 584 525
f 525 584 585
f 525 585 526
f 526 585 586
f 526 586 527
f 527 586 587
f 527 587 528
f 528 587 588
f 528 588 529
f 529 588 589
f 529 589 530
f 530 589 590
f 530 590 531
f 531 590 591
f 531 591 532
f 532 591 592
f 532 592 533
f 533 592 593
f 533 593 534
f 534 593 594
f 534 594 535
f 535 594 595
f 535 595 536
f 536 595 596
f 536 596 537
f 537 596 597
f 537 597 538
f 538 597 598
f 538 598 539
f 539 598 599
f 539 599 540
f 540 599 600
f 540 600 541
f 541 600 601
f 541 601 542
f 542 601 602
f 542 602 543
f 543 602 603
f 543 603 544
f 544 603 604
f 544 604 485
f 485 604 545
f 545 605 546
f 546 605 606
f 546 606 547
f 547 606 607
f 547 607 548
f 548 607 608
f 548 608 549
f 549 608 609
f 549 609 550
f 550 609 610
f 550 610 551
f 551 610 611
f 551 611 552
f 552 611 612
f 552 612 553
f 553 612 613
f 553 613 554
f 554 613 614
f 554 614 555
f 555 614 615
f 555 615 556
f 556 615 616
f 556 616 557
f 557 616 617
f 557 617 558
f 558 617 618
f 558 618 559
f 559 618 619
f 559 619 560
f 560 619 620
f 560 620 561
f 561 620 621
f 561 621 562
f 562 621 622
f 562 622 563
f 563 622 623
f 563 623 564
f 564 623 624
f 564 624 565
f 565 624 625
f 565 625 566
f 566 625 626
f 566 626 567
f 567 626 627
f 567 627 568
f 568 627 628
f 568 628 569
f 569 628 629
f 569 629 570
f 570 629 630
f 570 630 571
f 571 630 631
f 571 631 572
f 572 631 632
f 572 632 573
f 573 632 633
f 573 633 574
f 574 633 634
f 574 634 575
f 575 634 635
f 575 635 576
f 576 635 636
f 576 636 577
f 577 636 637
f 577 637 578
f 578 637 638
f 578 638 579
f 579 638 639
f 579 639 580
f 580 639 640
f 580 640 581
f 581 640 641
f 581 641 582
f 582 641 642
f 582 642 583
f 583 642 643
f 583 643 584
f 584 643 644
f 584 644 585
f 585 644 645
f 585 645 586
f 586 645 646
f 586 646 587
f 587 646 647
f 587 647 588
f 588 647 648
f 588 648 589
f 589 648 649
f 589 649 590
f 590 649 650
f 590 650 591
f 591 650 651
f 591 651 592
f 592 651 652
f 592 652 593
f 593 652 653
f 593 653 594
f 594 653 654
f 594 654 595
f 595 654 655
f 595 655 596
f 596 655 656
f 596 656 597
f 597 656 657
f 597 657 598
f 598 657 658
f 598 658 599
f 599 658 659
f 599 659 600
f 600 659 660
f 600 660 601
f 601 660 661
f 601 661 602
f 602 661 662
f 602 662 603
f 603 662 663
f 603 663 604
f 604 663 664
f 604 664 545
f 545 664 605
f 605 665 606
f 606 665 666
f 606 666 607
f 607 666 667
f 607 667 608
f 608 667 668
f 608 668 609
f 609 668 669
f 609 669 610
f 610 669 670
f 610 670 611
f 611 670 671
f 611 671 612
f 612 671 672
f 612 672 613
f 613 672 673
f 613 673 614
f 614 673 674
f 614 674 615
f 615 674 675
f 615 675 616
f 616 675 676
f 616 676 617
f 617 676 677
f 617 677 618
f 618 677 678
f 618 678 619
f 619 678 679
f 619 679 620
f 620 679 680
f 620 680 621
f 621 680 681
f 621 681 622
f 622 681 682
f 622 682 623
f 623 682 683
f 623 683 624
f 624 683 684
f 624 684 625
f 625 684 685
f 625 685 626
f 626 685 686
f 626 686 627
f 627 686 687
f 627 687 628
f 628 687 688
f 628 688 629
f 629 688 689
f 629 689 630
f 630 689 690
f 630 690 631
f 631 690 691
f 631 691 632
f 632 691 692
f 632 692 633
f 633 692 693
f 633 693 634
f 634 693 694
f 634 694 635
f 635 694 695
f 635 695 636
f 636 695 696
f 636 696 637
f 637 696 697
f 637 697 638
f 638 697 698
f 638 698 639
f 639 698 699
f 639 699 640
f 640 699 700
f 640 700 641
f 641 700 701
f 641 701 642
f 642 701 702
f 642 702 643
f 643 702 703
f 643 703 644
f 644 703 704
f 644 704 645
f 645 704 705
f 645 705 646
f 646 705 706
f 646 706 647
f 647 706 707
f 647 707 648
f 648 707 708
f 648 708 649
f 649 708 709
f 649 709 650
f 650 709 710
f 650 710 651
f 651 710 711
f 651 711 652
f 652 711 712
f 652 712 653
f 653 712 713
f 653 713 654
f 654 713 714
f 654 714 655
f 655 714 715
f 655 715 656
f 656 715 716
f 656 716 657
f 657 716 717
f 657 717 658
f 658 717 718
f 658 718 659
f 659 718 719
f 659 719 660
f 660 719 720
f 660 720 661
f 661 720 721
f 661 721 662
f 662 721 722
f 662 722 663
f 663 722 723
f 663 723 664
f 664 723 605
f 605 723 665
f 665 724 666
f 666 724 725
f 666 725 667
f 667 725 726
f 667 726 668
f 668 726 727
f 668 727 669
f 669 727 728
f 669 728 670
f 670 728 729
f 670 729 671
f 671 729 730
f 671 730 672
f 672 730 731
f 672 731 673
f 673 731 732
f 673 732 674
f 674 732 733
f 674 733 675
f 675 733 734
f 675 734 676
f 676 734 735
f 676 735 677
f 677 735 736
f 677 736 678
f 678 736 737
f 678 737 679
f 679 737 738
f 679 738 680
f 680 738 739
f 680 739 681
f 681 739 740
f 681 740 682
f 682 740 741
f 682 741 683
f 683 741 742
f 683 742 684
f 684 742 743
f 684 743 685
f 685 743 744
f 685 744 686
f 686 744 745
f 686 745 687
f 687 745 746
f 687 746 688
f 688 746 747
f 688 747 689
f 689 747 748
f 689 748 690
f 690 748 749
f 690 749 691
f 691 749 750
f 691 750 692
f 692 750 751
f 692 751 693
f 693 751 752
f 693 752 694
f 694 752 695
f 695 752 753
f 695 753 696
f 696 753 754
f 696 754 697
f 697 754 755
f 697 755 698
f 698 755 756
f 698 756 699
f 699 756 757
f 699 757 700
f 700 757 758
f 700 758 701
f 701 758 759
f 701 759 702
f 702 759 760
f 702 760 703
f 703 760 761
f 703 761 704
f 704 761 762
f 704 762 705
f 705 762 763
f 705 763 706
f 706 763 764
f 706 764 707
f 707 764 765
f 707 765 708
f 708 765 766
f 708 766 709
f 709 766 767
f 709 767 710
f 710 767 768
f 710 768 711
f 711 768 769
f 711 769 712
f 712 769 770
f 712 770 713
f 713 770 771
f 713 771 714
f 714 771 772
f 714 772 715
f 715 772 773
f 715 773 716
f 716 773 774
f 716 774 717
f 717 774 775
f 717 775 718
f 718 775 776
f 718 776 719
f 719 776 777
f 719 777 720
f 720 777 778
f 720 778 721
f 721 778 779
f 721 779 722
f 722 779 780
f 722 780 723
f 723 780 665
f 665 780 724
f 724 781 725
f 725 781 782
f 725 782 726
f 726 782 783
f 726 783 727
f 727 783 784
f 727 784 728
f 728 784 785
f 728 785 729
f 729 785 786
f 729 786 730
f 730 786 787
f 730 787 731
f 731 787 788
f 731 788 732
f 732 788 789
f 732 789 733
f 733 789 790
f 733 790 734
f 734 790 791
f 734 791 735
f 735 791 792
f 735 792 736
f 736 792 793
f 736 793 737
f 737 793 794
f 737 794 738
f 738 794 795
f 738 795 739
f 739 795 796
f 739 796 740
f 740 796 797
f 740 797 741
f 741 797 798
f 741 798 742
f 742 798 799
f 742 799 743
f 743 799 800
f 743 800 744
f 744 800 801
f 744 801 745
f 745 801 802
f 745 802 746
f 746 802 803
f 746 803 747
f 747 803 804
f 747 804 748
f 748 804 805
f 748 805 749
f 749 805 806
f 749 806 750
f 750 806 807
f 750 807 751
f 751 807 808
f 751 808 752
f 752 808 753
f 753 808 809
f 753 809 754
f 754 809 810
f 754 810 755
f 755 810 811
f 755 811 756
f 756 811 812
f 756 812 757
f 757 812 813
f 757 813 758
f 758 813 814
f 758 814 759
f 759 814 815
f 759 815 760
f 760 815 816
f 760 816 761
f 761 816 817
f 761 817 762
f 762 817 818
f 762 818 763
f 763 818 819
f 763 819 764
f 764 819 820
f 764 820 765
f 765 820 821
f 765 821 766
f 766 821 822
f 766 822 767
f 767 822 823
f 767 823 768
f 768 823 824
f 768 824 769
f 769 824 825
f 769 825 770
f 770 825 826
f 770 826 771
f 771 826 827
f 771 827 772
f 772 827 828
f 772 828 773
f 773 828 829
f 773 829 774
f 774 829 830
f 774 830 775
f 775 830 831
f 775 831 776
f 776 831 832
f 776 832 777
f 777 832 833
f 777 833 778
f 778 833 834
f 778 834 779
f 779 834 835
f 779 835 780
f 780 835 724
f 724 835 781
f 781 836 782
f 782 836 837
f 782 837 783
f 783 837 838
f 783 838 784
f 784 838 839
f 784 839 785
f 785 839 840
f 785 840 786
f 786 840 841
f 786 841 787
f 787 841 842
f 787 842 788
f 788 842 843
f 788 843 789
f 789 843 844
f 789 844 790
f 790 844 845
f 790 845 791
f 791 845 846
f 791 846 792
f 792 846 847
f 792 847 793
f 793 847 848
f 793 848 794
f 794 848 849
f 794 849 795
f 795 849 850
f 795 850 796
f 796 850 851
f 796 851 797
f 797 851 852
f 797 852 798
f 798 852 853
f 798 853 799
f 799 853 800
f 800 853 854
f 800 854 801
f 801 854 855
f 801 855 802
f 802 855 856
f 802 856 803
f 803 856 857
f 803 857 804
f 804 857 858
f 804 858 805
f 805 858 859
f 805 859 806
f 806 859 860
f 806 860 807
f 807 860 861
f 807 861 808
f 808 861 862
f 808 862 809
f 809 862 863
f 809 863 810
f 810 863 864
f 810 864 811
f 811 864 865
f 811 865 812
f 812 865 866
f 812 866 813
f 813 866 867
f 813 867 814
f 814 867 868
f 814 868 815
f 815 868 869
f 815 869 816
f 816 869 870
f 816 870 817
f 817 870 818
f 818 870 871
f 818 871 819
f 819 871 872
f 819 872 820
f 820 872 873
f 820 873 821
f 821 873 874
f 821 874 822
f 822 874 875
f 822 875 823
f 823 875 876
f 823 876 824
f 824 876 877
f 824 877 825
f 825 877 878
f 825 878 826
f 826 878 879
f 826 879 827
f 827 879 880
f 827 880 828
f 828 880 881
f 828 881 829
f 829 881 882
f 829 882 830
f 830 882 883
f 830 883 831
f 831 883 884
f 831 884 832
f 832 884 885
f 832 885 833
f 833 885 886
f 833 886 834
f 834 886 887
f 834 887 835
f 835 887 781
f 781 887 836
f 836 888 837
f 837 888 889
f 837 889 838
f 838 889 890
f 838 890 839
f 839 890 891
f 839 891 840
f 840 891 892
f 840 892 841
f 841 892 893
f 841 893 842
f 842 893 894
f 842 894 843
f 843 894 895
f 843 895 844
f 844 895 896
f 844 896 845
f 845 896 897
f 845 897 846
f 846 897 898
f 846 898 847
f 847 898 899
f 847 899 848
f 848 899 900
f 848 900 849
f 849 900 901
f 849 901 850
f 850 901 902
f 850 902 851
f 851 902 903
f 851 903 852
f 852 903 904
f 852 904 853
f 853 904 854
f 854 904 905
f 854 905 855
f 855 905 906
f 855 906 856
f 856 906 907
f 856 907 857
f 857 907 908
f 857 908 858
f 858 908 909
f 858 909 859
f 859 909 910
f 859 910 860
f 860 910 911
f 860 911 861
f 861 911 912
f 861 912 862
f 862 912 913
f 862 913 863
f 863 913 914
f 863 914 864
f 864 914 915
f 864 915 865
f 865 915 916
f 865 916 866
f 866 916 917
f 866 917 867
f 867 917 918
f 867 918 868
f 868 918 919
f 868 919 869
f 869 919 920
f 869 920 870
f 870 920 871
f 871 920 921
f 871 921 872
f 872 921 922
f 872 922 873
f 873 922 923
f 873 923 874
f 874 923 924
f 874 924 875
f 875 924 925
f 875 925 876
f 876 925 926
f 876 926 877
f 877 926 927
f 877 927 878
f 878 927 928
f 878 928 879
f 879 928 929
f 879 929 880
f 880 929 930
f 880 930 881
f 881 930 931
f 881 931 882
f 882 931 932
f 882 932 883
f 883 932 933
f 883 933 884
f 884 933 934
f 884 934 885
f 885 934 935
f 885 935 886
f 886 935 936
f 886 936 887
f 887 936 836
f 836 936 888
f 888 937 889
f 889 937 938
f 889 938 890
f 890 938 939
f 890 939 891
f 891 939 940
f 891 940 892
f 892 940 941
f 892 941 893
f 893 941 942
f 893 942 894
f 894 942 943
f 894 943 895
f 895 943 944
f 895 944 896
f 896 944 945
f 896 945 897
f 897 945 946
f 897 946 898
f 898 946 947
f 898 947 899
f 899 947 948
f 899 948 900
f 900 948 901
f 901 948 949
f 901 949 902
f 902 949 950
f 902 950 903
f 903 950 951
f 903 951 904
f 904 951 952
f 904 952 905
f 905 952 953
f 905 953 906
f 906 953 954
f 906 954 907
f 907 954 955
f 907 955 908
f 908 955 956
f 908 956 909
f 909 956 957
f 909 957 910
f 910 957 958
f 910 958 911
f 911 958 959
f 911 959 912
f 912 959 913
f 913 959 960
f 913 960 914
f 914 960 961
f 914 961 915
f 915 961 962
f 915 962 916
f 916 962 963
f 916 963 917
f 917 963 964
f 917 964 918
f 918 964 965
f 918 965 919
f 919 965 966
f 919 966 920
f 920 966 967
f 920 967 921
f 921 967 968
f 921 968 922
f 922 968 969
f 922 969 923
f 923 969 970
f 923 970 924
f 924 970 925
f 925 970 971
f 925 971 926
f 926 971 972
f 926 972 927
f 927 972 973
f 927 973 928
f 928 973 974
f 928 974 929
f 929 974 975
f 929 975 930
f 930 975 976
f 930 976 931
f 931 976 977
f 931 977 932
f 932 977 978
f 932 978 933
f 933 978 979
f 933 979 934
f 934 979 980
f 934 980 935
f 935 980 981
f 935 981 936
f 936 981 888
f 888 981 937
f 937 982 938
f 938 982 983
f 938 983 939
f 939 983 984
f 939 984 940
f 940 984 985
f 940 985 941
f 941 985 986
f 941 986 942
f 942 986 987
f 942 987 943
f 943 987 988
f 943 988 944
f 944 988 989
f 944 989 945
f 945 989 946
f 946 989 990
f 946 990 947
f 947 990 991
f 947 991 948
f 948 991 992
f 948 992 949
f 949 992 993
f 949 993 950
f 950 993 994
f 950 994 951
f 951 994 995
f 951 995 952
f 952 995 996
f 952 996 953
f 953 996 997
f 953 997 954
f 954 997 955
f 955 997 998
f 955 998 956
f 956 998 999
f 956 999 957
f 957 999 1000
f 957 1000 958
f 958 1000 1001
f 958 1001 959
f 959 1001 1002
f 959 1002 960
f 960 1002 1003
f 960 1003 961
f 961 1003 1004
f 961 1004 962
f 962 1004 1005
f 962 1005 963
f 963 1005 964
f 964 1005 1006
f 964 1006 965
f 965 1006 1007
f 965 1007 966
f 966 1007 1008
f 966 1008 967
f 967 1008 1009
f 967 1009 968
f 968 1009 1010
f 968 1010 969
f 969 1010 1011
f 969 1011 970
f 970 1011 1012
f 970 1012 971
f 971 1012 1013
f 971 1013 972
f 972 1013 973
f 973 1013 1014
f 973 1014 974
f 974 1014 1015
f 974 1015 975
f 975 1015 1016
f 975 1016 976
f 976 1016 1017
f 976 1017 977
f 977 1017 1018
f 977 1018 978
f 978 1018 1019
f 978 1019 979
f 979 1019 1020
f 979 1020 980
f 980 1020 1021
f 980 1021 981
f 981 1021 937
f 937 1021 982
f 982 1022 983
f 983 1022 1023
f 983 1023 984
f 984 1023 1024
f 984 1024 985
f 985 1024 1025
f 985 1025 986
f 986 1025 1026
f 986 1026 987
f 987 1026 1027
f 987 1027 988
f 988 1027 1028
f 988 1028 989
f 989 1028 990
f 990 1028 1029
f 990 1029 991
f 991 1029 1030
f 991 1030 992
f 992 1030 1031
f 992 1031 993
f 993 1031 1032
f 993 1032 994
f 994 1032 1033
f 994 1033 995
f 995 1033 1034
f 995 1034 996
f 996 1034 1035
f 996 1035 997
f 997 1035 998
f 998 1035 1036
f 998 1036 999
f 999 1036 1037
f 999 1037 1000
f 1000 1037 1038
f 1000 1038 1001
f 1001 1038 1039
f 1001 1039 1002
f 1002 1039 1040
f 1002 1040 1003
f 1003 1040 1041
f 1003 1041 1004
f 1004 1041 1042
f 1004 1042 1005
f 1005 1042 1006
f 1006 1042 1043
f 1006 1043 1007
f 1007 1043 1044
f 1007 1044 1008
f 1008 1044 1045
f 1008 1045 1009
f 1009 1045 1046
f 1009 1046 1010
f 1010 1046 1047
f 1010 1047 1011
f 1011 1047 1048
f 1011 1048 1012
f 1012 1048 1049
f 1012 1049 1013
f 1013 1049 1014
f 1014 1049 1050
f 1014 1050 1015
f 1015 1050 1051
f 1015 1051 1016
f 1016 1051 1052
f 1016 1052 1017
f 1017 1052 1053
f 1017 1053 1018
f 1018 1053 1054
f 1018 1054 1019
f 1019 1054 1055
f 1019 1055 1020
f 1020 1055 1056
f 1020 1056 1021
f 1021 1056 982
f 982 1056 1022
f 1022 1057 1023
f 1023 1057 1058
f 1023 1058 1024
f 1024 1058 1059
f 1024 1059 1025
f 1025 1059 1060
f 1025 1060 1026
f 1026 1060 1061
f 1026 1061 1027
f 1027 1061 1062
f 1027 1062 1028
f 1028 1062 1029
f 1029 1062 1063
f 1029 1063 1030
f 1030 1063 1064
f 1030 1064 1031
f 1031 1064 1065
f 1031 1065 1032
f 1032 1065 1066
f 1032 1066 1033
f 1033 1066 1067
f 1033 1067 1034
f 1034 1067 1068
f 1034 1068 1035
f 1035 1068 1036
f 1036 1068 1069
f 1036 1069 1037
f 1037 1069 1070
f 1037 1070 1038
f 1038 1070 1071
f 1038 1071 1039
f 1039 1071 1072
f 1039 1072 1040
f 1040 1072 1073
f 1040 1073 1041
f 1041 1073 1074
f 1041 1074 1042
f 1042 1074 1043
f 1043 1074 1075
f 1043 1075 1044
f 1044 1075 1076
f 1044 1076 1045
f 1045 1076 1077
f 1045 1077 1046
f 1046 1077 1078
f 1046 1078 1047
f 1047 1078 1079
f 1047 1079 1048
f 1048 1079 1080
f 1048 1080 1049
f 1049 1080 1050
f 1050 1080 1081
f 1050 1081 1051
f 1051 1081 1082
f 1051 1082 1052
f 1052 1082 1083
f 1052 1083 1053
f 1053 1083 1084
f 1053 1084 1054
f 1054 1084 1085
f 1054 1085 1055
f 1055 1085 1086
f 1055 1086 1056
f 1056 1086 1022
f 1022 1086 1057
f 1057 1087 1058
f 1058 1087 1088
f 1058 1088 1059
f 1059 1088 1089
f 1059 1089 1060
f 1060 1089 1090
f 1060 1090 1061
f 1061 1090 1062
f 1062 1090 1091
f 1062 1091 1063
f 1063 1091 1092
f 1063 1092 1064
f 1064 1092 1093
f 1064 1093 1065
f 1065 1093 1094
f 1065 1094 1066
f 1066 1094 1067
f 1067 1094 1095
f 1067 1095 1068
f 1068 1095 1096
f 1068 1096 1069
f 1069 1096 1097
f 1069 1097 1070
f 1070 1097 1098
f 1070 1098 1071
f 1071 1098 1072
f 1072 1098 1099
f 1072 1099 1073
f 1073 1099 1100
f 1073 1100 1074
f 1074 1100 1101
f 1074 1101 1075
f 1075 1101 1102
f 1075 1102 1076
f 1076 1102 1077
f 1077 1102 1103
f 1077 1103 1078
f 1078 1103 1104
f 1078 1104 1079
f 1079 1104 1105
f 1079 1105 1080
f 1080 1105 1106
f 1080 1106 1081
f 1081 1106 1082
f 1082 1106 1107
f 1082 1107 1083
f 1083 1107 1108
f 1083 1108 1084
f 1084 1108 1109
f 1084 1109 1085
f 1085 1109 1110
f 1085 1110 1086
f 1086 1110 1057
f 1057 1110 1087
f 1087 1111 1088
f 1088 1111 1112
f 1088 1112 1089
f 1089 1112 1113
f 1089 1113 1090
f 1090 1113 1114
f 1090 1114 1091
f 1091 1114 1092
f 1092 1114 1115
f 1092 1115 1093
f 1093 1115 1116
f 1093 1116 1094
f 1094 1116 1117
f 1094 1117 1095
f 1095 1117 1118
f 1095 1118 1096
f 1096 1118 1097
f 1097 1118 1119
f 1097 1119 1098
f 1098 1119 1120
f 1098 1120 1099
f 1099 1120 1121
f 1099 1121 1100
f 1100 1121 1122
f 1100 1122 1101
f 1101 1122 1102
f 1102 1122 1123
f 1102 1123 1103
f 1103 1123 1124
f 1103 1124 1104
f 1104 1124 1125
f 1104 1125 1105
f 1105 1125 1126
f 1105 1126 1106
f 1106 1126 1107
f 1107 1126 1127
f 1107 1127 1108
f 1108 1127 1128
f 1108 1128 1109
f 1109 1128 1129
f 1109 1129 1110
f 1110 1129 1087
f 1087 1129 1111
f 1111 1130 1112
f 1112 1130 1131
f 1112 1131 1113
f 1113 1131 1114
f 1114 1131 1132
f 1114 1132 1115
f 1115 1132 1133
f 1115 1133 1116
f 1116 1133 1117
f 1117 1133 1134
f 1117 1134 1118
f 1118 1134 1135
f 1118 1135 1119
f 1119 1135 1120
f 1120 1135 1136
f 1120 1136 1121
f 1121 1136 1122
f 1122 1136 1137
f 1122 1137 1123
f 1123 1137 1138
f 1123 1138 1124
f 1124 1138 1125
f 1125 1138 1139
f 1125 1139 1126
f 1126 1139 1140
f 1126 1140 1127
f 1127 1140 1128
f 1128 1140 1141
f 1128 1141 1129
f 1129 1141 1111
f 1111 1141 1130
f 1130 1142 1131
f 1131 1142 1132
f 1132 1142 1143
f 1132 1143 1133
f 1133 1143 1134
f 1134 1143 1144
f 1134 1144 1135
f 1135 1144 1136
f 1136 1144 1145
f 1136 1145 1137
f 1137 1145 1138
f 1138 1145 1146
f 1138 1146 1139
f 1139 1146 1140
f 1140 1146 1147
f 1140 1147 1141
f 1141 1147 1130
f 1130 1147 1142
f 1142 1148 1143
f 1143 1148 1144
f 1144 1148 1145
f 1145 1148 1146
f 1146 1148 1147
f 1147 1148 1142
