v   -14.841491    42.873639   260.043496
v   -19.032020    38.288645   260.908015
v   -20.158936    33.794014   261.461482
v   -20.158936    -0.655562   264.854829
v    16.660465    -0.655562   261.228192
v    26.276179     1.755535   260.043496
v   -69.104199   -15.151249   261.461482
v   -69.622910   -19.064176   261.795994
v   -38.567551   -19.064176   264.854829
v   -79.154345   -27.775403   259.999184
v   -48.143732   -58.786016   259.999184
v   -38.567551   -48.308824   261.974111
v   -29.835036   -47.151063   261.228192
v    28.219827     1.755535   259.724189
v    28.554339     1.595664   259.642950
v    80.683553     1.595664   243.829631
v    52.259547    70.217647   243.829631
v    52.114881    70.276296   243.866124
v    48.453924    68.797055   245.162468
v    46.336069    66.679635   246.070865
v   -11.118410    50.647362   258.153283
v    -6.792338    91.680752   245.162468
v    -9.671317    88.332151   246.540051
v   -11.118410    84.924468   247.755592
v   -76.916152    57.669953   247.755592
v   -78.092159    54.768817   248.488044
v   -85.970146    46.890830   248.488044
v   -86.043999    45.556256   248.695268
v  -119.337986   -34.822756   248.695268
v   -93.868116   -34.822756   256.421203
v  -119.721589   -34.985234   248.558422
v  -130.933840   -44.625276   243.945625
v  -115.269532   -82.443002   243.945625
v  -107.085270   -79.136975   246.843719
v  -105.904050   -77.955321   247.350701
v   -49.830630   -62.308824   259.142484
v   -67.826969   -95.398193   246.843719
v   -53.965553   -96.452125   248.266049
v   -49.830630   -91.642964   250.244017
v   -29.070002   -90.064674   248.114432
v    32.524178   -64.551795   248.114432
v    46.791788   -63.761998   245.898396
v    59.164406   -68.760137   241.517151
v    87.166579    -1.156896   241.517151
v    93.738229    -1.156896   238.672925
v   105.461807    -4.854345   232.936253
v   155.807677    -4.854345   206.025808
v   135.439775    71.159061   206.025808
v   134.070012    71.967973   206.641832
v   119.395339    71.233783   214.591066
v   114.853788    72.354183   216.355728
v    65.080499   122.127907   216.355728
v    62.520827   122.707005   217.196353
v    54.238818   116.521999   223.336613
v    53.641474   114.996708   224.237190
v    -6.118968    93.815984   244.117660
v    -4.448578   132.247128   223.336613
v    -5.895670   130.697075   224.372298
v    -6.118968   130.311299   224.610367
v   -75.592004   111.696330   224.610367
v   -78.479672   111.536024   224.162033
v   -78.745979   111.264070   224.231977
v   -80.969401   110.760564   223.502131
v  -142.895921    48.834044   223.502131
v  -144.905602    48.337923   222.721023
v  -145.112826    48.135043   222.668022
v  -145.662817    38.206972   224.209821
v  -165.433375   -35.577799   224.209821
v  -166.114130   -45.307769   225.239424
v  -165.929931   -45.479804   225.362369
v  -133.642523   -45.479804   242.620607
v  -165.636689   -49.673808   224.918379
v  -153.498664   -94.973319   224.918379
v  -150.811269   -93.921559   226.505359
v  -125.897472   -93.070942   237.440877
v  -154.678581   -96.553347   223.747151
v  -133.641219  -117.590709   223.747151
v  -126.553898  -112.297157   229.002038
v  -116.999874  -112.826295   230.485623
v   -65.535776  -126.616465   230.485623
v   -53.965553  -127.425811   231.709852
v   -47.088931  -134.789865   226.789043
v   -25.233969  -133.261099   224.476128
v    41.986972  -115.249121   224.476128
v    64.864586  -113.981884   220.923344
v    63.467454   -73.063184   238.883190
v    82.393911  -127.073487   207.926881
v    87.489362  -125.920505   206.253450
v   135.918085   -77.491348   206.253450
v   130.447285   -75.349599   209.484754
v   148.622609   -78.126921   199.372050
v   166.585496   -11.088877   199.372050
v   177.351586   -11.088877   191.505793
v   181.395278   -12.103275   188.353121
v   233.395465   -12.103275   145.677579
v   237.887490    -8.577426   141.415802
v   223.513444    63.685096   141.415802
v   205.735624    67.515916   155.380179
v   203.992249    68.297024   156.501013
v   162.983622   129.670947   156.501013
v   156.385906   132.590329   159.954312
v   138.753621   127.144726   175.761983
v   134.972326   128.060508   177.240355
v    75.721472   167.650715   177.240355
v    73.660962   168.119033   177.915462
v    61.583757   159.472102   190.338909
v    61.076775   157.291254   192.211310
v    -4.066712   133.768508   222.150180
v    -2.572701   172.233537   190.338909
v    -4.066712   170.329856   192.145276
v   -76.018181   156.017934   192.145276
v   -76.624214   155.974925   192.057955
v   -80.940728   159.065473   187.617628
v   -83.172839   158.558057   186.886479
v  -146.395269   116.313906   186.886479
v  -150.589274   115.298639   185.246499
v  -152.429527   115.866875   183.596961
v  -194.720597    52.573633   183.596961
v  -190.195555    46.253084   190.098668
v  -190.980139    35.170728   191.694770
v  -203.140755   -25.964257   191.694770
v  -203.829764   -35.177253   192.633143
v  -195.865325   -44.071376   200.621476
v  -194.290075   -45.307769   202.115921
v  -183.552658   -99.289834   202.115921
v  -183.527461   -99.643895   202.064658
v  -160.705454  -100.596604   218.552215
v  -183.615651   -99.766840   201.938239
v  -166.816172  -124.909148   201.938239
v  -165.593246  -124.531626   203.034310
v  -162.471853  -121.410234   206.903794
v  -134.617822  -119.046056   222.492512
v  -133.493078  -145.979960   203.034310
v  -133.069507  -146.925718   202.426540
v  -131.958665  -147.947068   201.897836
v  -125.813627  -148.382368   202.782774
v   -47.088931  -164.041898   202.782774
v   -44.668711  -167.125061   199.857310
v   -29.242471  -180.938690   186.002410
v   -16.657416  -179.997710   184.720402
v    61.269663  -164.496748   184.720402
v    80.889473  -163.107435   181.894423
v    92.441016  -171.378148   170.011843
v    98.372314  -170.030106   168.068195
v   155.719487  -131.711916   168.068195
v   160.411786  -130.575876   166.234024
v   156.402849   -83.346620   192.665726
v   165.970775  -132.292751   161.250222
v   173.817918  -128.820337   157.142669
v   205.574016   -81.293929   157.142669
v   206.267369   -80.983311   156.696942
v   213.226532   -79.483652   151.230486
v   221.262218   -73.099676   145.677579
v   247.309447    -6.890962   130.444226
v   273.277176    -6.890962    98.802818
v   277.581961    -2.026194    92.618681
v   283.717441     7.085579    83.383964
v   283.637506     8.064354    83.292733
v   275.912873    56.834975    83.292733
v   274.406264    58.472348    84.812810
v   270.745741    60.367774    88.907330
v   269.135302    60.134919    90.913971
v   239.845039    -8.577426   139.214536
v   225.073054    64.512689   139.476933
v   244.309695   112.251099    88.907330
v   231.788936   121.052254    98.236319
v   230.106816   121.136533   100.139565
v   219.925906   125.952645   106.528754
v   174.253653   171.625332   106.528754
v   164.032341   176.178178   111.850544
v   153.730659   173.256189   124.266171
v   150.001496   174.254079   125.637238
v    85.188176   207.277849   125.637238
v    81.319126   208.244894   126.803253
v    71.070879   202.774529   139.215405
v    70.565635   199.276918   143.574929
v    -1.952767   175.662507   186.344742
v    -2.572701   172.919939   189.566923
v     0.378829   213.971140   139.215405
v    -1.952767   211.908024   142.179534
v   -77.546078   199.935517   142.179534
v   -77.151614   197.205547   145.582004
v   -80.989819   201.773598   138.008554
v  -152.606775   165.283062   138.008554
v  -152.232730   164.697448   138.909565
v  -155.237695   118.675043   179.298258
v  -157.397255   166.641965   132.234954
v  -205.017500   119.021719   132.234954
v  -204.367156   116.728354   134.998375
v  -202.576428   115.584060   137.753976
v  -197.086513    53.829141   180.656292
v  -231.643827    63.194622   134.998375
v  -225.156022    51.040523   149.719532
v  -225.792465    43.598271   150.668332
v  -235.004158   -14.560856   150.668332
v  -235.351703   -18.813943   151.065402
v  -227.663128   -30.231681   162.637797
v  -223.286662   -35.177253   168.924460
v  -213.844286   -94.795636   168.924460
v  -213.218270   -95.475522   169.556124
v  -212.692608   -95.747911   170.143911
v  -208.741450   -98.583447   173.952574
v  -185.698751  -100.872903   199.348590
v  -192.494568  -130.469441   173.952574
v  -188.079003  -127.647371   180.747523
v  -170.690000  -128.782976   196.008244
v  -192.733940  -131.312238   172.936438
v  -171.090547  -152.955632   172.936438
v  -169.295040  -150.146161   177.259904
v  -170.895487  -156.843363   168.538251
v  -128.951528  -178.214802   168.538251
v  -122.405074  -187.337436   159.745350
v  -117.684973  -190.901515   156.793820
v  -112.355797  -195.806250   151.846076
v   -29.242471  -208.969969   151.846076
v   -22.374539  -215.046802   143.116169
v    -8.224225  -224.575629   128.774271
v    -4.129271  -224.240683   128.391971
v    78.850250  -211.098251   128.391971
v    88.577613  -210.266314   127.151668
v    90.058592  -211.056545   125.358333
v   156.522317  -177.191715   125.358333
v   157.839949  -175.316707   126.755031
v   163.492776  -170.244716   127.943637
v   164.544536  -169.776398   127.396253
v   207.713592  -126.606907   127.396253
v   208.643276  -126.167262   126.812811
v   216.589469  -117.311369   124.950836
v   224.270224  -111.912250   119.227631
v   245.261101   -70.715514   119.227631
v   252.096017   -65.810779   112.639907
v   256.558066   -59.901637   108.944630
v   266.611688   -48.976980    98.802818
v   293.973074     7.085579    64.197282
v   295.120842     9.205172    61.527698
v   298.717069    17.504992    52.755216
v   298.230071    23.057031    52.299063
v   294.566507    50.882824    52.299063
v   294.553474    50.903677    52.319047
v   293.004725    53.652762    54.266605
v   292.815747    53.870846    54.536821
v   279.622487    85.722085    54.536821
v   275.829463    89.753178    58.431937
v   261.849012   108.564076    65.111327
v   261.158700   110.015513    64.427096
v   227.996780   153.232792    64.427096
v   227.500225   154.191583    63.876671
v   215.256198   166.435609    63.876671
v   214.361703   166.898714    64.389735
v   165.885192   204.096505    64.389735
v   157.306032   208.177992    68.436033
v   156.901142   208.479053    68.292236
v   150.853417   210.266306    70.258909
v    87.994606   236.303109    70.258909
v    78.573517   238.851920    72.741687
v    76.600762   238.285856    75.279204
v    76.442629   236.054179    79.493627
v     0.567806   216.720660   134.352375
v     0.378829   215.902190   135.837263
v     2.171729   248.084466    75.279204
v     0.567806   248.225222    75.410836
v    -0.408796   248.648358    74.378626
v   -76.465212   238.635573    74.378626
v   -76.237569   235.424688    80.441992
v   -81.823059   203.571711   134.630846
v   -79.498849   239.506175    70.476560
v  -152.720597   209.176316    70.476560
v  -151.626697   206.748277    75.762292
v  -159.497299   169.306335   126.560406
v  -154.692048   209.363556    67.726606
v  -208.495127   168.079499    67.726606
v  -208.671507   166.822688    69.539925
v  -205.709550   163.860298    78.008739
v  -210.485259   123.331283   120.590009
v  -239.607397   126.506980    69.539925
v  -238.896667   119.026064    79.974977
v  -236.373921   117.889590    85.466630
v  -233.933283    64.255505   130.698369
v  -257.237944    74.745730    79.974977
v  -253.255942    60.867371    97.825781
v  -253.521380    58.111336    98.125105
v  -260.967107     1.555262    98.125105
v  -261.189971    -0.984861    98.333632
v  -256.268727   -12.343516   110.338721
v  -252.765034   -18.813943   118.487359
v  -244.595109   -80.871227   118.487359
v  -242.454663   -84.260230   121.656974
v  -241.634456   -85.062191   122.994155
v  -236.668031   -90.793216   130.096247
v  -219.946750  -131.161490   130.096247
v  -218.374107  -131.892639   132.425670
v  -214.802209  -130.283504   140.201131
v  -196.349716  -134.162111   165.235700
v  -197.371066  -159.264451   132.425670
v  -193.811331  -155.704282   142.603105
v  -172.021534  -158.272209   165.495924
v  -196.899273  -162.623478   127.577411
v  -166.146712  -186.220946   127.577411
v  -163.780362  -189.220264   124.851786
v  -161.290633  -194.576808   116.916888
v  -156.544031  -199.043202   112.330591
v  -108.282564  -219.033583   112.330591
v   -96.824425  -228.963391    98.131187
v   -90.646370  -232.443190    93.754286
v   -80.396385  -238.916659    84.167679
v    -8.224225  -248.418117    84.167679
v    -3.348597  -251.058159    78.027419
v     6.963077  -255.526291    67.128828
v     8.468384  -255.394224    67.005449
v    79.168689  -246.086087    67.005449
v    79.868559  -245.644270    67.659704
v    80.127914  -245.497866    67.843903
v    84.871910  -241.386838    73.722634
v    90.154601  -211.263769   124.969082
v   136.123136  -220.158327    73.722634
v   143.019307  -213.669218    80.385950
v   143.456780  -213.344263    80.541476
v   150.908589  -203.898412    89.124546
v   192.405518  -172.056731    89.124546
v   196.821952  -165.972513    93.484504
v   203.807181  -158.987284    93.484504
v   205.060952  -156.567064    94.873817
v   242.220947  -108.139210    94.873817
v   244.769759  -106.128225    92.557426
v   253.401919   -94.513690    88.433800
v   258.429164   -89.171047    83.271446
v   275.740838   -47.376099    83.271446
v   280.336693   -42.072989    76.699361
v   285.466029   -32.966864    70.248049
v   289.551861   -26.497305    64.197282
v   303.039666    17.504992    38.504984
v   303.566197    20.135911    35.793694
v   303.174774    24.401163    35.498281
v   301.124256    42.603422    35.498281
v   300.699816    46.738779    35.129448
v   299.994299    48.649845    36.523106
v   299.725385    49.195057    37.130007
v   293.736743    66.308630    37.130007
v   292.301380    68.655865    39.169664
v   288.653456    75.020726    41.940905
v   280.660344    85.269841    52.206963
v   265.469132   109.447276    52.206963
v   259.323225   118.261464    54.084578
v   237.798431   149.000122    49.337107
v   236.105885   151.025009    49.656414
v   221.322169   170.464965    37.484069
v   209.379204   182.407930    37.484069
v   199.199163   194.328740    28.021709
v   195.363999   197.534412    27.416545
v   193.779626   198.963258    26.076758
v   149.939372   226.510146    26.076758
v   148.799423   227.078818    26.532042
v   137.949922   233.297275    21.808465
v   135.472792   234.076646    22.484006
v    79.499726   253.662570    22.484006
v    73.137906   255.465897    23.887656
v    67.091484   257.697139    19.477304
v    65.723893   258.222367    18.254813
v     3.769135   265.202817    18.254813
v    -0.531306   265.597282    18.552398
v    -0.531306   249.074101    73.021027
v    -7.580831   267.007013    11.286092
v   -17.505427   266.097313    10.598820
v   -73.153103   259.827158    10.598820
v   -73.503690   259.791100    10.567541
v   -79.872895   240.324644    67.809583
v   -78.648231   259.941414     4.091900
v   -86.631351   257.678024     2.330714
v  -144.671878   237.368770     2.330714
v  -144.647984   237.287097     2.630037
v  -155.991868   211.243343    61.102390
v  -146.252341   237.108980     0.065586
v  -149.102214   235.686650    -1.073494
v  -199.755662   203.858871    -1.073494
v  -200.802643   202.298826     1.715558
v  -200.171413   201.409110     5.691478
v  -211.375410   170.959348    56.006939
v  -234.132253   168.969216     1.715558
v  -236.281822   163.388939    10.684838
v  -234.802581   162.339352    17.295153
v  -242.356047   128.407185    59.853833
v  -255.930739   132.117667    10.684838
v  -257.484267   122.678332    24.217389
v  -256.305219   122.331221    28.535642
v  -258.509092    75.326566    75.833973
v  -270.338671    85.941473    24.217389
v  -270.997269    83.617697    24.730019
v  -270.640166    71.357597    40.163210
v  -270.911252    68.713210    40.399106
v  -276.114876    22.532672    40.399106
v  -276.822566    14.808474    40.933892
v  -274.347608     2.432380    53.690548
v  -273.507416    -0.984861    57.729461
v  -266.686837   -61.519461    57.729461
v  -264.423012   -67.416439    63.000857
v  -263.897350   -68.841810    64.040452
v  -260.531806   -75.657176    71.625198
v  -244.628995  -121.104394    71.625198
v  -241.292993  -124.772736    78.440130
v  -240.564885  -124.558995    81.106672
v  -222.056786  -132.620313   122.660946
v  -219.481039  -159.486446    78.440130
v  -216.540805  -157.400304    91.581258
v  -198.363742  -164.088382   121.617006
v  -219.342890  -159.845287    77.863204
v  -190.044807  -189.143369    77.863204
v  -189.452242  -188.307957    81.596277
v  -186.739216  -194.069826    69.055968
v  -185.112268  -195.536903    67.680122
v  -147.881895  -218.930622    67.680122
v  -137.460744  -227.057539    57.241160
v  -136.840810  -227.620997    56.090350
v  -125.811020  -234.367289    46.504611
v   -76.205856  -251.725012    46.504611
v   -66.912490  -256.313916    36.162527
v   -58.874632  -259.280216    30.299870
v   -50.887603  -262.345567    23.160417
v     6.963077  -268.863783    23.160417
v     8.840257  -269.325584    20.942208
v    16.488430  -270.855218    13.058139
v    17.988957  -270.717503    12.953875
v    69.615098  -264.900895    12.953875
v    70.286730  -264.547702    13.869223
v    73.676167  -262.873836    17.641395
v   116.803953  -247.782543    17.641395
v   119.199844  -246.317205    19.723192
v   122.273884  -243.521636    25.434667
v   127.835915  -239.184269    31.005821
v   170.583138  -212.324217    31.005821
v   175.066475  -208.280091    34.798411
v   176.622609  -205.961529    38.944194
v   182.434439  -199.155720    44.346354
v   229.589407  -152.000751    44.346354
v   232.229449  -148.529206    46.519816
v   234.285615  -146.069453    46.131869
v   236.949117  -141.262031    48.492571
v   273.919700   -82.423887    48.492571
v   275.034887   -80.993303    47.059815
v   278.821395   -74.386898    44.183442
v   278.977790   -74.131452    43.961013
v   296.433695   -24.245645    43.961013
v   297.016269   -23.065728    42.647725
v   299.073738   -17.490230    38.581444
v   299.151067   -17.289088    38.401589
v   302.902385    16.006637    38.401589
v   305.198792    20.135911    19.214907
v   303.174774    40.684537    19.214907
v   303.152618    40.899146    19.200571
v   302.875885    43.354121    19.200571
v   302.507921    45.036241    20.782771
v   297.387273    61.917393    20.782771
v   297.140516    62.681558    20.620728
v   287.622983    77.587783    38.089232
v   296.748224    63.616890    19.411270
v   295.161679    66.584928    19.411270
v   211.889351   185.568856     6.660696
v   210.819780   187.071556     4.306944
v   209.875760   188.359646    -1.035698
v   208.479061   189.756345    -3.641421
v   185.258245   208.813131    -3.641421
v   178.665742   213.731334    -8.766847
v   173.161925   217.189411    -8.766847
v   167.793217   220.245205   -10.865588
v   130.771371   240.034009   -10.865588
v   123.647123   243.306584   -16.897239
v   112.693793   247.139142   -16.897239
v   106.954080   248.990256   -18.116255
v    61.406943   262.806492   -18.116255
v    54.467329   264.323962   -24.643593
v    46.667540   265.202817   -24.643593
v    37.526660   266.163781   -25.257445
v    -7.580831   270.606281   -25.257445
v   -16.498414   270.606281   -34.175027
v   -62.279275   266.097313   -34.175027
v   -65.230370   265.787128   -34.373128
v   -74.082787   264.789673   -34.373128
v   -83.609443   262.706572   -43.334154
v  -125.121577   250.114131   -43.334154
v  -126.956182   249.522435   -43.723839
v  -136.631414   246.136908   -43.723839
v  -141.677339   243.818779   -47.996042
v  -177.820764   224.500030   -47.996042
v  -179.846955   223.346614   -47.203638
v  -186.458573   219.192142   -47.203638
v  -186.965120   218.814187   -46.810043
v  -199.831688   203.941847    -1.937145
v  -213.531930   197.011356   -46.810043
v  -218.872835   192.299509   -43.391064
v  -219.537081   191.635262   -42.151630
v  -221.765282   189.109910   -40.534675
v  -234.266492   169.092160     0.316253
v  -238.152485   169.142120   -40.534675
v  -242.684912   163.065722   -35.810663
v  -244.701110   160.065101   -31.166153
v  -245.105132   159.355239   -30.888551
v  -256.011978   132.180660     9.884614
v  -257.048532   137.010673   -30.888551
v  -261.349407   127.648232   -22.961473
v  -262.226959   125.557746   -20.258873
v  -263.062806   122.965926   -19.708447
v  -272.351828    92.344564   -19.708447
v  -275.105691    79.749516    -7.861926
v  -275.621796    75.166695    -7.861926
v  -276.114876    70.478741    -7.546963
v  -280.423137    26.735365    -7.546963
v  -280.423137    14.808474     4.379929
v  -275.956743   -30.538390     4.379929
v  -274.347608   -45.849940     5.408229
v  -274.221622   -46.967298     5.408229
v  -272.168063   -56.357977    14.240662
v  -259.189847   -99.141692    14.240662
v  -257.251846  -105.151622    15.517023
v  -256.329982  -107.347675    18.356470
v  -255.072302  -110.085899    20.674598
v  -244.688946  -121.150878    71.036977
v  -234.756097  -148.094774    20.674598
v  -234.239123  -148.864153    21.865810
v  -233.647427  -148.660405    29.761174
v  -220.010612  -160.457835    70.905778
v  -207.193569  -181.818849    21.865810
v  -206.871221  -181.496500    27.970880
v  -204.206416  -184.806436    16.292484
v  -170.377644  -212.568803    16.292484
v  -165.758765  -216.014281    12.701470
v  -161.791099  -218.680390     6.559473
v  -155.340220  -222.352207     4.037596
v  -116.480728  -243.122828     4.037596
v  -103.356107  -249.151873    -7.074301
v  -101.549306  -249.910391    -9.410675
v   -89.783588  -253.704718   -11.908658
v   -46.725312  -266.765911   -11.908658
v   -35.020415  -269.325584   -22.918464
v   -33.572019  -269.623169   -24.491976
v   -25.312167  -270.491164   -25.046746
v    16.488430  -274.608275   -25.046746
v    23.474094  -274.608275   -32.032410
v    62.975242  -270.717503   -32.032410
v    64.415818  -270.566321   -32.128854
v    69.671575  -264.984741    12.151914
v    64.465778  -270.555895   -32.183158
v    66.585805  -270.092356   -34.177634
v   105.863656  -258.177628   -34.177634
v   106.085651  -258.084225   -33.890040
v   106.101725  -257.825739   -31.069274
v   150.700062  -234.237828   -33.890040
v   151.394719  -233.842060   -33.618520
v   152.878303  -232.845474   -31.322114
v   152.864401  -232.805506   -30.787762
v   200.506803  -193.757904   -31.322114
v   204.525297  -190.212506   -28.749843
v   205.403284  -189.334519   -27.111600
v   208.383486  -185.956377   -24.948999
v   248.278230  -137.344324   -24.948999
v   253.626955  -130.174027   -19.374804
v   254.970653  -128.173903   -16.278174
v   258.794522  -121.456283   -13.652033
v   282.226037   -77.619070   -13.652033
v   286.515182   -68.282696    -5.747112
v   288.173409   -64.332407    -0.639497
v   290.051023   -58.509718     0.596896
v   299.932609   -25.933847     0.596896
v   301.627762   -18.181411     7.888835
v   302.449273   -14.183334    12.232719
v   302.902385    -9.872467    12.522485
v   305.198792    13.443055    12.522485
v   303.387646    13.443055    -5.867449
v   303.152618    16.008809    -5.689767
v   299.799673    45.766086    -5.689767
v   300.100735    45.967228    -2.817303
v   296.630493    63.623841    18.130999
v   299.553785    46.232666    -6.326209
v   298.779193    47.801834    -8.072191
v   291.228333    69.380932    -8.072191
v   282.855094    83.070748   -19.969541
v   282.205619    84.689006   -17.541501
v   282.705650    83.235397   -20.274947
v   265.476083   105.327994   -42.404904
v   246.795080   135.058770   -42.404904
v   231.449644   156.989324   -44.432397
v   223.453058   166.555947   -45.941614
v   220.147031   170.903306   -43.219464
v   208.413896   189.691180    -4.878682
v   189.626023   201.424315   -43.219464
v   188.708937   202.121578   -43.793783
v   186.880848   202.825792   -46.732280
v   181.929194   205.569663   -49.163795
v   142.268609   230.489976   -49.163795
v   131.667169   235.780487   -53.400808
v   129.448526   236.145410   -56.581718
v   121.748222   238.568236   -58.681762
v    72.762123   255.709613   -58.681762
v    58.871165   259.647303   -61.746244
v    58.024023   259.622541   -62.812339
v    45.177439   260.941041   -63.958371
v    -1.174265   266.163781   -63.958371
v   -16.498414   267.568299   -65.019253
v   -20.430891   266.781977   -69.072936
v   -31.281694   265.787128   -68.321804
v   -76.867061   260.650841   -68.321804
v   -86.473652   259.665115   -67.465104
v   -96.010300   256.145783   -74.421227
v  -102.240052   254.379817   -73.047119
v  -138.684104   241.627505   -73.047119
v  -146.701109   239.104760   -70.860189
v  -156.492768   233.492769   -75.123269
v  -160.920063   231.283249   -73.353828
v  -186.575000   215.163221   -73.353828
v  -193.045428   211.578290   -70.176393
v  -198.707812   206.845590   -71.069585
v  -202.943957   203.623843   -68.416944
v  -219.700427   186.867373   -68.416944
v  -225.196425   182.174206   -64.054814
v  -228.340408   178.412461   -63.461381
v  -231.551728   174.852292   -60.449899
v  -244.352262   154.480480   -60.449899
v  -248.017129   149.781231   -55.742830
v  -252.082107   142.689131   -52.654889
v  -252.759387   141.581330   -51.692188
v  -264.767951   107.262519   -51.692188
v  -265.744120   105.285854   -49.492225
v  -269.544095    94.988082   -41.980899
v  -270.474213    85.925834   -42.789376
v  -275.621796    40.239244   -42.789376
v  -276.379011    31.978958   -43.361089
v  -277.428164    26.735365   -37.955888
v  -275.956743    10.686150   -36.845046
v  -271.032024   -33.019864   -36.845046
v  -269.106622   -51.783844   -35.171180
v  -269.050146   -51.936764   -35.282829
v  -267.148203   -58.646564   -33.802719
v  -248.311673  -112.477446   -33.802719
v  -247.450630  -115.214801   -33.055931
v  -247.657854  -115.375975   -31.017577
v  -234.553217  -148.024831    17.969825
v  -246.665177  -116.221814   -34.064682
v  -218.122137  -161.647744   -34.064682
v  -218.454477  -161.952715   -30.603129
v  -204.191211  -184.791231    16.004890
v  -214.689691  -163.951102   -40.201031
v  -176.649536  -201.991691   -40.201031
v  -175.419660  -202.926588   -40.970845
v  -170.086140  -204.981451   -49.543922
v  -166.915657  -206.737858   -51.100492
v  -118.591632  -237.101602   -51.100492
v  -111.345743  -240.717813   -53.996849
v  -108.200457  -241.235221   -58.505817
v   -99.305900  -244.034266   -60.931684
v   -48.463039  -261.824684   -60.931684
v   -38.166570  -264.743631   -63.202894
v   -36.026559  -264.681073   -65.896805
v   -27.394398  -265.567314   -66.667053
v    16.308141  -270.491164   -66.667053
v    23.474094  -271.148025   -67.163174
v    26.434747  -270.555895   -70.214623
v    27.186314  -270.371261   -71.103036
v    70.968354  -265.438288   -71.103036
v    71.057412  -265.403967   -71.182537
v    73.962892  -264.331790   -73.301696
v   105.870607  -258.061201   -35.446175
v    77.911443  -262.382060   -77.695974
v   115.153546  -249.350408   -77.695974
v   116.605852  -248.462429   -78.957998
v   119.750704  -246.659537   -80.327328
v   124.288779  -243.120655   -84.872788
v   165.571098  -217.181165   -84.872788
v   166.027252  -216.928326   -84.649055
v   173.776647  -210.450947   -85.871547
v   174.576870  -209.514312   -86.615294
v   214.075847  -170.014901   -86.615294
v   220.639243  -164.410296   -81.405587
v   226.107871  -157.867753   -80.373377
v   231.622548  -151.753559   -75.201466
v   255.090556  -114.404586   -75.201466
v   265.115939  -101.549314   -62.324472
v   267.338492   -97.671575   -60.635836
v   274.693858   -85.645633   -50.184709
v   284.869555   -56.565635   -50.184709
v   291.427737   -43.284620   -35.404904
v   292.830083   -39.484210   -32.633229
v   296.955014   -28.737670   -23.026638
v   299.945208    -2.200401   -23.026638
v   301.627762     4.644507   -14.937083
v   292.734508    -2.200401   -46.796141
v   292.603310    -0.707259   -46.673631
v   285.651532    52.097061   -46.673631
v   284.053692    54.627627   -49.040416
v   284.046741    54.639791   -49.049105
v   277.943408    61.682365   -57.776406
v   258.629872   108.309934   -57.776406
v   245.448776   122.318623   -71.311998
v   241.572340   127.534846   -73.163981
v   236.686286   149.483211   -45.636208
v   232.446665   134.733815   -81.456416
v   201.960412   174.464344   -81.456416
v   195.624223   179.063674   -85.997097
v   187.686285   180.178860   -97.453065
v   185.165711   181.484763   -98.900157
v   142.273822   214.396884   -98.900157
v   138.045063   216.408737  -100.894634
v   130.714026   215.712343  -111.120725
v    69.635082   241.012350  -111.120725
v    65.503201   242.130143  -112.209411
v    63.350157   243.342642  -110.684121
v    63.214180   243.355675  -110.698891
v    -9.200393   252.889282  -110.698891
v   -13.969586   253.308074  -111.090749
v   -20.430891   256.107553  -104.261046
v   -36.599575   254.688698  -102.933422
v   -83.383538   248.529324  -102.933422
v   -98.476569   247.075715  -101.293877
v   -98.934895   247.207348  -100.704787
v  -115.549306   242.712282   -96.325714
v  -147.687704   229.399987   -96.325714
v  -159.839197   225.809408   -92.374122
v  -164.107489   222.637187   -93.889855
v  -173.873951   217.990504   -89.283574
v  -195.049028   201.742319   -89.283574
v  -201.889157   198.199093   -85.357179
v  -206.618816   193.469433   -85.357179
v  -211.616085   189.841928   -81.776158
v  -228.290014   168.111647   -81.776158
v  -231.132501   165.869110   -79.193460
v  -237.008192   157.963754   -76.386162
v  -237.461738   157.481969   -75.920451
v  -253.166015   119.567366   -75.920451
v  -254.183020   115.808227   -76.911390
v  -257.692794   109.577606   -72.497128
v  -258.889220    97.152421   -73.846908
v  -265.124185    49.793704   -73.846908
v  -266.687705    31.978958   -75.309640
v  -265.061193    28.224598   -79.277740
v  -263.908211    15.091723   -78.199480
v  -254.859864   -53.638868   -78.199480
v  -254.567492   -56.675112   -77.869747
v  -250.598088   -63.722465   -82.862237
v  -248.441134   -66.210891   -85.946269
v  -223.557313  -126.286731   -85.946269
v  -222.820082  -127.070011   -86.703484
v  -214.621050  -163.902445   -40.507306
v  -218.918885  -128.883330   -92.482296
v  -215.438217  -131.629374   -95.644959
v  -181.252776  -176.180358   -95.644959
v  -180.475577  -176.744685   -96.202336
v  -173.446905  -177.732148  -106.346319
v  -172.678395  -178.130522  -106.787267
v  -122.515855  -216.621183  -106.787267
v  -117.982124  -218.778571  -108.925541
v  -117.167564  -218.701242  -110.061580
v  -113.123873  -219.895930  -111.376605
v   -49.174204  -246.384976  -111.376605
v   -47.390861  -246.867196  -111.846226
v   -40.604167  -250.690196  -107.037934
v   -37.088745  -251.028618  -107.419800
v    20.017320  -258.546895  -107.419800
v    24.136602  -258.908343  -107.757788
v    27.186314  -260.229884  -104.534738
v    32.791353  -259.738107  -104.074240
v    72.636572  -254.492343  -104.074240
v    80.748283  -253.710800  -103.193213
v    87.579724  -249.863038  -108.032783
v    87.757841  -249.814816  -107.985865
v   125.562967  -234.155720  -107.985865
v   128.582269  -233.263397  -107.004049
v   143.005405  -222.544226  -112.125131
v   144.347365  -221.905611  -111.492164
v   178.069702  -196.029114  -111.492164
v   179.884324  -195.089438  -110.450831
v   196.469193  -178.504134  -110.450831
v   202.087700  -174.426122  -106.424517
v   225.115628  -144.415137  -106.424517
v   229.951289  -140.600391  -102.030673
v   242.369957  -123.890839   -96.097637
v   248.660530  -117.205368   -89.638071
v   261.222995   -86.876813   -89.638071
v   268.223430   -78.798553   -79.627023
v   276.573644   -63.974001   -69.124199
v   280.310627   -58.057474   -63.590407
v   285.711049   -17.036248   -63.590407
v   288.691251   -11.531997   -56.659047
v   266.776772   -17.036248   -99.014413
v   266.063001   -15.976669  -100.088328
v   265.662889   -15.524426  -100.663082
v   252.734197    66.103143  -100.663082
v   247.100485    72.224722  -106.346753
v   243.392610    77.135105  -109.417317
v   227.435494    88.586729  -124.797942
v   200.500721   141.448828  -124.797942
v   191.505375   147.772418  -131.500356
v   182.836722   148.206850  -141.306786
v   171.440272   153.598149  -148.458837
v   137.994669   187.043752  -148.458837
v   135.702172   188.065101  -149.652656
v   130.152740   214.465958  -113.833751
v   123.820461   184.694345  -163.973267
v    71.251603   211.479239  -163.973267
v    71.096511   211.778563  -163.638320
v    70.773294   212.075714  -163.338562
v     2.639612   222.867436  -163.338562
v    -1.794634   226.790789  -157.701374
v   -13.969586   234.989387  -145.362207
v   -26.293114   233.982374  -144.210963
v   -77.821942   225.820703  -144.210963
v   -88.521129   224.905790  -142.846847
v  -101.179604   231.662508  -127.515313
v  -116.000680   227.958108  -123.048919
v  -152.748400   209.234096  -123.048919
v  -162.457517   206.635759  -119.480496
v  -167.188914   207.978153  -113.778144
v  -176.200768   203.963569  -109.086280
v  -205.236454   174.927448  -109.086280
v  -208.508595   173.379568  -107.032721
v  -208.989076   173.355674  -106.488812
v  -211.398001   171.662259  -104.694175
v  -235.480729   124.397813  -104.694175
v  -236.868739   118.844471  -106.367606
v  -234.922484   115.199154  -110.783171
v  -235.641904   106.787250  -111.855349
v  -245.494383    44.583128  -111.855349
v  -246.831130    28.224598  -113.383680
v  -237.522559    14.401411  -127.393672
v  -236.167132    12.869605  -129.341230
v  -222.933469   -70.684235  -129.341230
v  -218.993607   -74.965126  -133.315412
v  -216.609011   -78.123446  -135.290340
v  -207.736609   -84.490479  -143.842565
v  -179.913423  -139.096822  -143.842565
v  -177.826846  -140.563030  -145.396962
v  -172.280021  -140.841501  -151.671895
v  -169.214235  -142.291634  -153.595559
v  -128.125238  -183.380631  -153.595559
v  -124.744490  -184.886806  -155.356311
v  -124.166696  -185.405083  -155.234671
v  -123.633648  -185.547577  -155.430599
v   -65.869854  -214.979899  -155.430599
v   -63.947493  -217.658171  -152.848771
v   -52.572330  -226.247758  -145.735384
v   -50.705576  -227.965935  -144.002001
v    11.098868  -237.754554  -144.002001
v    11.972511  -238.527408  -142.892028
v    24.136602  -246.718620  -130.563287
v    37.759950  -245.605171  -129.290836
v    70.901017  -240.356366  -129.290836
v    89.525978  -238.763304  -126.916666
v    92.873710  -236.235345  -129.009759
v   104.947874  -233.217782  -125.371392
v   133.855837  -218.488371  -125.371392
v   144.454236  -215.651965  -121.475842
v   162.073487  -199.841688  -125.180242
v   167.956998  -197.221195  -122.117063
v   193.167077  -172.010681  -122.117063
v   197.474903  -169.973196  -119.414028
v   218.053070  -147.039539  -114.592269
v   220.365985  -145.413461  -112.868878
v   238.878863  -109.079755  -112.868878
v   241.607095  -107.122205  -110.239262
v   256.233546   -87.751759   -98.126000
v   256.426868   -85.491410   -98.414028
v   266.251110   -23.463667   -98.414028
v   240.120035   -15.524426  -131.787081
v   224.284995     2.159557  -147.669475
v   215.593751     8.981440  -155.915860
v   199.201335    91.391420  -155.915860
v   187.229697   100.902002  -164.187876
v   179.389071   109.427292  -168.247642
v   158.359964   118.850119  -181.767160
v   133.486135   156.076148  -181.767160
v   124.943033   159.856574  -186.238767
v   123.367783   183.986221  -165.062822
v   117.775777   157.643144  -192.664448
v   109.082796   159.747966  -196.063008
v    78.744683   180.018990  -196.063008
v    74.244404   181.041642  -197.537905
v    71.233357   211.352820  -164.130531
v    71.401917   179.006763  -200.461631
v    67.441636   179.286972  -201.032040
v    16.631792   189.394028  -201.032040
v    14.019554   192.722211  -197.874155
v     2.639612   202.912244  -187.653712
v    -5.582879   202.297523  -186.816127
v   -60.184879   191.436292  -186.816127
v   -69.645501   190.766399  -185.453314
v   -90.434367   205.650468  -164.068842
v   -96.621111   204.244646  -162.041783
v  -148.441443   169.619126  -162.041783
v  -159.920870   173.164090  -151.750093
v  -164.353812   177.597032  -144.964702
v  -198.416743   115.551478  -151.750093
v  -203.612982   118.309686  -145.290526
v  -190.636069   104.684166  -162.928893
v  -190.725996   103.411715  -163.112223
v  -207.341711    19.878728  -163.112223
v  -207.865635    12.869605  -163.826429
v  -195.051634    -1.441014  -176.678660
v  -189.610375    -5.711914  -181.841448
v  -173.258796   -87.915974  -181.841448
v  -171.759572   -89.107186  -182.877568
v  -168.040401   -93.150877  -184.802970
v  -163.556630   -95.160125  -187.685859
v  -130.369513  -144.827847  -187.685859
v  -129.955500  -145.011177  -187.902207
v  -128.111771  -146.854471  -187.902207
v  -127.074348  -149.199535  -186.674937
v   -85.274620  -177.129157  -186.674937
v   -83.116363  -181.945703  -183.578307
v   -72.053991  -192.120096  -178.310386
v   -67.581515  -197.749898  -174.420484
v   -11.413824  -208.922182  -174.420484
v    -8.961456  -212.046615  -171.455921
v    11.098868  -230.009503  -153.439598
v    33.893072  -228.305227  -151.117560
v    69.310996  -221.260046  -151.117560
v    92.143864  -219.643090  -147.828911
v    94.364245  -221.233111  -145.544669
v   114.149140  -216.736307  -139.062077
v   149.285552  -193.258742  -139.062077
v   162.716012  -190.007020  -133.811534
v   178.185261  -174.537337  -133.811534
v   182.290207  -172.720977  -131.662834
v   215.868747  -122.467641  -131.662834
v   216.549501  -119.472668  -132.644215
v   224.823256  -110.476453  -128.360283
v   225.697767   -98.122515  -130.139716
v   238.910577   -31.699191  -130.139716
v   195.122455     8.981440  -172.716207
v   164.397698    37.671318  -193.247890
v   151.712723    45.009306  -201.078958
v   131.628070   119.966174  -201.078958
v   120.619568   126.466578  -206.032350
v   115.550183   131.425617  -207.337383
v   101.975057   134.775521  -212.611820
v    79.512759   157.237819  -212.611820
v    72.242108   158.883446  -214.999458
v    66.968105   154.944453  -218.909779
v    60.699254   155.291564  -219.883340
v    26.423451   164.475453  -219.883340
v    19.210580   164.980263  -220.646637
v    16.631792   167.741946  -218.801171
v     7.251106   167.085519  -217.808494
v   -48.638984   152.109785  -217.808494
v   -58.675228   151.554147  -216.250187
v   -68.778809   159.099359  -208.759279
v   -70.839319   162.170792  -206.111851
v  -147.500464   168.678147  -163.208232
v  -129.631848    98.246320  -208.759279
v  -142.239929   106.704708  -197.891967
v  -128.015327    96.081546  -210.364070
v  -128.514489    87.071430  -211.763375
v  -152.500774    -2.447159  -211.763375
v  -152.729285    -5.711914  -212.108748
v  -146.622042   -11.414700  -216.190235
v  -146.148512   -18.180976  -215.473857
v  -129.054488   -81.977291  -215.473857
v  -128.279027   -95.981201  -213.299091
v  -128.750820   -96.613299  -212.830339
v  -126.639482  -105.942723  -209.767161
v   -98.448766  -134.133004  -209.767161
v   -95.982496  -144.127543  -205.883774
v   -91.644694  -148.561789  -204.742088
v   -86.073540  -157.996345  -200.497254
v   -37.497980  -171.012357  -200.497254
v   -33.368271  -178.150941  -196.089943
v   -11.413824  -201.662826  -180.378282
v    10.745241  -200.112339  -178.033219
v    73.146160  -183.391926  -178.033219
v    82.442567  -182.877125  -176.589602
v    93.338986  -191.014902  -168.510907
v   101.389008  -189.192895  -165.867390
v   171.063620  -119.518717  -165.867390
v   173.663260  -121.262961  -163.626590
v   167.525607  -114.781673  -169.379337
v   168.006523  -106.099987  -170.727813
v   193.807864    -9.807737  -170.727813
v   116.617582    45.009306  -219.837725
v    97.557319    61.396943  -227.678785
v    93.760820    63.008686  -229.032909
v    65.036621   132.354432  -229.032909
v    66.237825   133.555636  -228.297850
v    57.811586   129.435919  -231.591278
v    25.505062   142.817723  -231.591278
v    19.210580   143.296467  -232.237278
v     9.172163   131.620242  -237.040357
v     8.755109   130.638427  -237.390509
v   -57.030904   103.388690  -237.390509
v   -57.141684   103.115867  -237.459583
v   -66.283433    93.974118  -237.459583
v   -66.826907    84.152483  -238.984873
v   -99.512255     5.243154  -238.984873
v   -99.967974    -0.755915  -239.600463
v  -112.365789   -11.414700  -234.500234
v  -110.896541   -30.745179  -232.517052
v   -95.578909   -67.724886  -232.517052
v   -94.829514   -81.262216  -230.414402
v  -100.390676   -95.028926  -225.539643
v   -97.368334  -102.486817  -223.657250
v   -50.937997  -121.719115  -223.657250
v   -46.356479  -132.510401  -219.808184
v   -38.176562  -142.024458  -215.893953
v   -37.497980  -144.176634  -214.840890
v    66.773914   -98.552603  -215.893953
v    80.015831  -111.794519  -207.789192
v    63.858442   -91.335387  -218.449715
v    64.169061   -85.725134  -219.321185
v   116.234847    39.972069  -219.321185
v    38.587977    63.008686  -245.769395
v    38.581895    63.052998  -245.765485
v    56.832376   128.456710  -232.011374
v     8.755109   115.041020  -242.121906
v     1.578295   100.056598  -245.765485
v    -8.126043    89.438649  -247.767347
v    -9.807729    82.732760  -248.593202
v   -54.077636    38.462853  -248.593202
v   -56.332337    21.457453  -250.046377
v   -80.636626    -0.755915  -245.464424
v   -79.430643    -9.853352  -244.687226
v   -46.834788   -42.448773  -244.687226
v   -46.834788   -60.447718  -241.727876
v   -50.937997   -69.014714  -239.644775
v   -43.924095   -30.842492  -246.117375
v    28.613422    41.695460  -246.117375
v    30.453675    55.573819  -247.302940
v    -9.807729    55.573819  -251.268433
v   -43.924530    21.457453  -251.268433
f      1      2      3
f      1      3      4
f      1      4      5
f      1      5      6
f      3      7      8
f      3      8      9
f      3      9      4
f      8     10     11
f      8     11     12
f      8     12      9
f      4      9     12
f      4     12     13
f      4     13      5
f     14     15     16
f     14     16     17
f     14     17     18
f     14     18     19
f     14     19     20
f      6     14     20
f      6     20     21
f      6     21      1
f     20     19     22
f     20     22     23
f     20     23     24
f     20     24     21
f      1     21     24
f      1     24     25
f      1     25     26
f      1     26      2
f      2     26     27
f      2     27     28
f      2     28      7
f      2      7      3
f     28     29     30
f     28     30     10
f     28     10      8
f     28      8      7
f     31     32     33
f     31     33     34
f     31     34     35
f     31     35     30
f     31     30     29
f     30     35     36
f     30     36     11
f     30     11     10
f     36     35     34
f     36     34     37
f     36     37     38
f     36     38     39
f     12     11     36
f     12     36     39
f     12     39     40
f     12     40     41
f     12     41     13
f      5     13     41
f      5     41     42
f      5     42     15
f      5     15     14
f      5     14      6
f     42     43     44
f     42     44     16
f     42     16     15
f     45     46     47
f     45     47     48
f     45     48     49
f     45     49     50
f     16     44     45
f     16     45     50
f     16     50     51
f     16     51     17
f     17     51     52
f     17     52     53
f     17     53     54
f     17     54     55
f     17     55     18
f     18     55     56
f     18     56     22
f     18     22     19
f     54     57     58
f     54     58     59
f     54     59     56
f     54     56     55
f     22     56     59
f     22     59     60
f     22     60     23
f     24     23     60
f     24     60     61
f     24     61     62
f     24     62     25
f     25     62     63
f     25     63     64
f     25     64     27
f     25     27     26
f     27     64     65
f     27     65     66
f     27     66     67
f     27     67     31
f     27     31     29
f     27     29     28
f     67     68     69
f     67     69     70
f     67     70     71
f     67     71     32
f     67     32     31
f     70     72     73
f     70     73     74
f     70     74     71
f     71     74     75
f     71     75     33
f     71     33     32
f     73     76     77
f     73     77     78
f     73     78     75
f     73     75     74
f     33     75     78
f     33     78     79
f     33     79     37
f     33     37     34
f     37     79     80
f     37     80     81
f     37     81     38
f     39     38     81
f     39     81     82
f     39     82     83
f     39     83     84
f     39     84     40
f     41     40     84
f     41     84     85
f     41     85     86
f     41     86     43
f     41     43     42
f     85     87     88
f     85     88     89
f     85     89     90
f     85     90     86
f     86     90     46
f     86     46     45
f     86     45     44
f     86     44     43
f     89     91     92
f     89     92     47
f     89     47     46
f     89     46     90
f     93     94     95
f     93     95     96
f     93     96     97
f     93     97     98
f     47     92     93
f     47     93     98
f     47     98     99
f     47     99     48
f     48     99    100
f     48    100    101
f     48    101    102
f     48    102     49
f     50     49    102
f     50    102    103
f     50    103     52
f     50     52     51
f     52    103    104
f     52    104    105
f     52    105    106
f     52    106    107
f     52    107     53
f     53    107    108
f     53    108     57
f     53     57     54
f    106    109    110
f    106    110    108
f    106    108    107
f     58     57    108
f     58    108    110
f     58    110    111
f     60     59     58
f     60     58    111
f     60    111    112
f     60    112     61
f     61    112    113
f     61    113    114
f     61    114    115
f     61    115     63
f     61     63     62
f     63    115    116
f     63    116     65
f     63     65     64
f     65    116    117
f     65    117    118
f     65    118    119
f     65    119     66
f     66    119    120
f     66    120     68
f     66     68     67
f    120    121    122
f    120    122    123
f    120    123    124
f    120    124     69
f    120     69     68
f     69    124    125
f     69    125     72
f     69     72     70
f    125    126    127
f    125    127     76
f    125     76     73
f    125     73     72
f    128    129    130
f    128    130    131
f    128    131    127
f    128    127    126
f    127    131    132
f    127    132     77
f    127     77     76
f    132    131    130
f    132    130    133
f     78     77    132
f     78    132    133
f     78    133    134
f     78    134    135
f     78    135    136
f     78    136     80
f     78     80     79
f     81     80    136
f     81    136    137
f     81    137     82
f     82    137    138
f     82    138    139
f     82    139    140
f     82    140    141
f     82    141     83
f     84     83    141
f     84    141    142
f     84    142     87
f     84     87     85
f    142    143    144
f    142    144    145
f    142    145     88
f    142     88     87
f     88    145    146
f     88    146    147
f     88    147     91
f     88     91     89
f    146    148    149
f    146    149    150
f    146    150    147
f    147    150    151
f    147    151     94
f    147     94     93
f    147     93     92
f    147     92     91
f    151    152    153
f    151    153     95
f    151     95     94
f    154    155    156
f    154    156    157
f    154    157    158
f    154    158    159
f    154    159    160
f    154    160    161
f    154    161    162
f     96    163    154
f     96    154    162
f     96    162    164
f     96    164     97
f    164    162    161
f    164    161    165
f    164    165    166
f    164    166    167
f     98     97    164
f     98    164    167
f     98    167    168
f     98    168    100
f     98    100     99
f    100    168    169
f    100    169    170
f    100    170    171
f    100    171    101
f    102    101    171
f    102    171    172
f    102    172    104
f    102    104    103
f    104    172    173
f    104    173    174
f    104    174    175
f    104    175    176
f    104    176    105
f    105    176    177
f    105    177    178
f    105    178    109
f    105    109    106
f    175    179    180
f    175    180    177
f    175    177    176
f    178    177    180
f    178    180    181
f    178    181    182
f    111    110    109
f    111    109    178
f    111    178    182
f    111    182    113
f    111    113    112
f    113    182    181
f    113    181    183
f    113    183    184
f    113    184    185
f    113    185    114
f    114    185    186
f    114    186    117
f    114    117    116
f    114    116    115
f    184    187    188
f    184    188    189
f    184    189    190
f    184    190    186
f    184    186    185
f    117    186    190
f    117    190    191
f    117    191    118
f    190    189    192
f    190    192    193
f    190    193    191
f    118    191    193
f    118    193    194
f    118    194    121
f    118    121    120
f    118    120    119
f    194    195    196
f    194    196    197
f    194    197    198
f    194    198    122
f    194    122    121
f    122    198    199
f    122    199    200
f    122    200    201
f    122    201    123
f    123    201    202
f    123    202    203
f    123    203    128
f    123    128    126
f    123    126    125
f    123    125    124
f    202    204    205
f    202    205    203
f    203    205    206
f    203    206    129
f    203    129    128
f    207    208    209
f    207    209    206
f    207    206    205
f    207    205    204
f    133    130    129
f    133    129    206
f    133    206    209
f    133    209    134
f    134    209    208
f    134    208    210
f    134    210    211
f    134    211    135
f    136    135    211
f    136    211    212
f    136    212    213
f    136    213    138
f    136    138    137
f    138    213    214
f    138    214    215
f    138    215    139
f    139    215    216
f    139    216    217
f    139    217    218
f    139    218    219
f    139    219    140
f    141    140    219
f    141    219    220
f    141    220    143
f    141    143    142
f    220    221    222
f    220    222    223
f    220    223    144
f    220    144    143
f    144    223    224
f    144    224    148
f    144    148    146
f    144    146    145
f    224    225    226
f    224    226    149
f    224    149    148
f    149    226    227
f    149    227    228
f    149    228    152
f    149    152    151
f    149    151    150
f    228    229    230
f    228    230    153
f    228    153    152
f     95    153    230
f     95    230    231
f     95    231    232
f     95    232    163
f     95    163     96
f    232    233    155
f    232    155    154
f    232    154    163
f    157    234    235
f    157    235    236
f    157    236    237
f    157    237    238
f    157    238    239
f    157    239    158
f    158    239    240
f    158    240    241
f    158    241    159
f    159    241    242
f    159    242    243
f    159    243    160
f    161    160    243
f    161    243    244
f    161    244    165
f    165    244    245
f    165    245    246
f    165    246    166
f    167    166    246
f    167    246    247
f    167    247    248
f    167    248    249
f    167    249    169
f    167    169    168
f    169    249    250
f    169    250    251
f    169    251    170
f    171    170    251
f    171    251    252
f    171    252    253
f    171    253    173
f    171    173    172
f    173    253    254
f    173    254    255
f    173    255    256
f    173    256    257
f    173    257    174
f    174    257    258
f    174    258    259
f    174    259    179
f    174    179    175
f    256    260    261
f    256    261    258
f    256    258    257
f    259    258    261
f    259    261    262
f    259    262    263
f    259    263    264
f    181    180    179
f    181    179    259
f    181    259    264
f    181    264    265
f    181    265    183
f    264    263    266
f    264    266    267
f    264    267    268
f    264    268    265
f    183    265    268
f    183    268    269
f    183    269    187
f    183    187    184
f    268    267    270
f    268    270    271
f    268    271    272
f    268    272    273
f    268    273    269
f    269    273    274
f    269    274    188
f    269    188    187
f    272    275    276
f    272    276    277
f    272    277    274
f    272    274    273
f    188    274    277
f    188    277    278
f    188    278    192
f    188    192    189
f    278    277    276
f    278    276    279
f    278    279    280
f    193    192    278
f    193    278    280
f    193    280    281
f    193    281    195
f    193    195    194
f    281    282    283
f    281    283    284
f    281    284    285
f    281    285    196
f    281    196    195
f    196    285    286
f    196    286    287
f    196    287    288
f    196    288    197
f    197    288    289
f    197    289    199
f    197    199    198
f    199    289    290
f    199    290    291
f    199    291    292
f    199    292    200
f    200    292    293
f    200    293    207
f    200    207    204
f    200    204    202
f    200    202    201
f    291    294    295
f    291    295    293
f    291    293    292
f    293    295    296
f    293    296    210
f    293    210    208
f    293    208    207
f    296    295    294
f    296    294    297
f    296    297    298
f    211    210    296
f    211    296    298
f    211    298    299
f    211    299    212
f    212    299    300
f    212    300    301
f    212    301    302
f    212    302    214
f    212    214    213
f    214    302    303
f    214    303    304
f    214    304    216
f    214    216    215
f    216    304    305
f    216    305    306
f    216    306    217
f    217    306    307
f    217    307    308
f    217    308    309
f    217    309    310
f    217    310    311
f    217    311    218
f    219    218    311
f    219    311    312
f    219    312    313
f    219    313    314
f    219    314    221
f    219    221    220
f    313    315    316
f    313    316    314
f    314    316    317
f    314    317    318
f    314    318    222
f    314    222    221
f    222    318    319
f    222    319    320
f    222    320    225
f    222    225    224
f    222    224    223
f    320    321    322
f    320    322    227
f    320    227    226
f    320    226    225
f    227    322    323
f    227    323    229
f    227    229    228
f    230    229    323
f    230    323    324
f    230    324    325
f    230    325    231
f    231    325    326
f    231    326    327
f    231    327    233
f    231    233    232
f    327    328    329
f    327    329    156
f    327    156    155
f    327    155    233
f    156    329    330
f    156    330    234
f    156    234    157
f    236    331    332
f    236    332    333
f    236    333    334
f    236    334    237
f    237    334    335
f    237    335    336
f    237    336    337
f    237    337    238
f    238    337    338
f    238    338    339
f    238    339    240
f    238    240    239
f    240    339    340
f    240    340    341
f    240    341    242
f    240    242    241
f    243    242    341
f    243    341    342
f    243    342    343
f    243    343    245
f    243    245    244
f    246    245    343
f    246    343    344
f    246    344    345
f    246    345    247
f    247    345    346
f    247    346    347
f    247    347    248
f    248    347    348
f    248    348    349
f    248    349    250
f    248    250    249
f    251    250    349
f    251    349    350
f    251    350    351
f    251    351    352
f    251    352    252
f    252    352    353
f    252    353    354
f    252    354    254
f    252    254    253
f    254    354    355
f    254    355    356
f    254    356    255
f    255    356    357
f    255    357    260
f    255    260    256
f    261    260    357
f    261    357    358
f    261    358    359
f    261    359    360
f    261    360    361
f    261    361    262
f    360    362    363
f    360    363    364
f    360    364    361
f    262    361    364
f    262    364    365
f    262    365    366
f    262    366    266
f    262    266    263
f    365    367    368
f    365    368    369
f    365    369    370
f    365    370    366
f    266    366    370
f    266    370    371
f    266    371    270
f    266    270    267
f    370    369    372
f    370    372    373
f    370    373    374
f    370    374    375
f    370    375    376
f    370    376    371
f    270    371    376
f    270    376    377
f    270    377    271
f    376    375    378
f    376    378    379
f    376    379    380
f    376    380    377
f    271    377    380
f    271    380    381
f    271    381    275
f    271    275    272
f    380    379    382
f    380    382    383
f    380    383    384
f    380    384    381
f    276    275    381
f    276    381    384
f    276    384    385
f    276    385    279
f    385    384    383
f    385    383    386
f    385    386    387
f    385    387    388
f    280    279    385
f    280    385    388
f    280    388    389
f    280    389    282
f    280    282    281
f    389    390    391
f    389    391    392
f    389    392    393
f    389    393    283
f    389    283    282
f    283    393    394
f    283    394    395
f    283    395    284
f    284    395    396
f    284    396    397
f    284    397    286
f    284    286    285
f    286    397    398
f    286    398    399
f    286    399    400
f    286    400    287
f    287    400    401
f    287    401    290
f    287    290    289
f    287    289    288
f    399    402    403
f    399    403    401
f    399    401    400
f    290    401    403
f    290    403    404
f    290    404    297
f    290    297    294
f    290    294    291
f    403    402    405
f    403    405    406
f    403    406    407
f    403    407    404
f    298    297    404
f    298    404    407
f    298    407    300
f    298    300    299
f    300    407    406
f    300    406    408
f    300    408    409
f    300    409    410
f    300    410    301
f    301    410    411
f    301    411    303
f    301    303    302
f    303    411    412
f    303    412    413
f    303    413    414
f    303    414    305
f    303    305    304
f    305    414    415
f    305    415    416
f    305    416    307
f    305    307    306
f    307    416    417
f    307    417    418
f    307    418    308
f    308    418    419
f    308    419    420
f    308    420    421
f    308    421    422
f    308    422    423
f    308    423    309
f    309    423    424
f    309    424    310
f    311    310    424
f    311    424    425
f    311    425    426
f    311    426    427
f    311    427    312
f    312    427    428
f    312    428    315
f    312    315    313
f    428    429    430
f    428    430    431
f    428    431    317
f    428    317    316
f    428    316    315
f    317    431    432
f    317    432    319
f    317    319    318
f    319    432    433
f    319    433    434
f    319    434    321
f    319    321    320
f    434    435    436
f    434    436    324
f    434    324    323
f    434    323    322
f    434    322    321
f    324    436    437
f    324    437    326
f    324    326    325
f    326    437    438
f    326    438    439
f    326    439    328
f    326    328    327
f    439    440    441
f    439    441    330
f    439    330    329
f    439    329    328
f    330    441    442
f    330    442    443
f    330    443    235
f    330    235    234
f    235    443    444
f    235    444    445
f    235    445    331
f    235    331    236
f    332    446    447
f    332    447    333
f    333    447    448
f    333    448    449
f    333    449    450
f    333    450    335
f    333    335    334
f    335    450    451
f    335    451    336
f    336    451    452
f    336    452    338
f    336    338    337
f    453    340    339
f    453    339    338
f    453    338    452
f    453    452    454
f    453    454    455
f    341    340    453
f    341    453    342
f    344    456    346
f    344    346    345
f    346    456    457
f    346    457    348
f    346    348    347
f    349    348    457
f    349    457    458
f    349    458    459
f    349    459    460
f    349    460    350
f    350    460    461
f    350    461    462
f    350    462    351
f    351    462    463
f    351    463    464
f    351    464    353
f    351    353    352
f    353    464    465
f    353    465    466
f    353    466    355
f    353    355    354
f    355    466    467
f    355    467    468
f    355    468    358
f    355    358    357
f    355    357    356
f    358    468    469
f    358    469    470
f    358    470    359
f    359    470    471
f    359    471    472
f    359    472    362
f    359    362    360
f    472    473    474
f    472    474    363
f    472    363    362
f    364    363    474
f    364    474    475
f    364    475    476
f    364    476    367
f    364    367    365
f    476    477    478
f    476    478    368
f    476    368    367
f    368    478    479
f    368    479    480
f    368    480    372
f    368    372    369
f    372    480    481
f    372    481    482
f    372    482    483
f    372    483    373
f    373    483    484
f    373    484    485
f    373    485    486
f    373    486    374
f    485    487    488
f    485    488    489
f    485    489    486
f    374    486    489
f    374    489    490
f    374    490    491
f    374    491    378
f    374    378    375
f    490    492    493
f    490    493    494
f    490    494    491
f    378    491    494
f    378    494    495
f    378    495    496
f    378    496    382
f    378    382    379
f    496    495    497
f    496    497    498
f    496    498    499
f    383    382    496
f    383    496    499
f    383    499    500
f    383    500    386
f    386    500    501
f    386    501    502
f    386    502    387
f    388    387    502
f    388    502    503
f    388    503    504
f    388    504    390
f    388    390    389
f    504    505    506
f    504    506    391
f    504    391    390
f    391    506    507
f    391    507    508
f    391    508    392
f    392    508    509
f    392    509    510
f    392    510    394
f    392    394    393
f    394    510    511
f    394    511    512
f    394    512    513
f    394    513    396
f    394    396    395
f    396    513    514
f    396    514    515
f    396    515    398
f    396    398    397
f    514    516    517
f    514    517    518
f    514    518    515
f    398    515    518
f    398    518    519
f    398    519    405
f    398    405    402
f    398    402    399
f    518    517    520
f    518    520    521
f    518    521    519
f    406    405    519
f    406    519    521
f    406    521    408
f    408    521    520
f    408    520    522
f    408    522    523
f    408    523    409
f    409    523    524
f    409    524    412
f    409    412    411
f    409    411    410
f    412    524    525
f    412    525    526
f    412    526    527
f    412    527    413
f    413    527    528
f    413    528    415
f    413    415    414
f    415    528    529
f    415    529    530
f    415    530    531
f    415    531    417
f    415    417    416
f    417    531    532
f    417    532    419
f    417    419    418
f    419    532    533
f    419    533    534
f    419    534    535
f    419    535    420
f    420    535    536
f    420    536    537
f    420    537    421
f    421    537    538
f    421    538    539
f    421    539    422
f    539    538    540
f    539    540    541
f    539    541    542
f    539    542    543
f    539    543    544
f    424    423    422
f    424    422    539
f    424    539    544
f    424    544    425
f    425    544    543
f    425    543    545
f    425    545    546
f    425    546    547
f    425    547    548
f    425    548    426
f    426    548    429
f    426    429    428
f    426    428    427
f    547    549    550
f    547    550    551
f    547    551    430
f    547    430    429
f    547    429    548
f    430    551    552
f    430    552    433
f    430    433    432
f    430    432    431
f    433    552    553
f    433    553    554
f    433    554    555
f    433    555    435
f    433    435    434
f    555    556    438
f    555    438    437
f    555    437    436
f    555    436    435
f    438    556    557
f    438    557    558
f    438    558    559
f    438    559    440
f    438    440    439
f    559    560    442
f    559    442    441
f    559    441    440
f    442    560    561
f    442    561    562
f    442    562    563
f    442    563    444
f    442    444    443
f    444    563    564
f    444    564    445
f    445    564    565
f    445    565    446
f    445    446    332
f    445    332    331
f    565    566    567
f    565    567    448
f    565    448    447
f    565    447    446
f    448    567    568
f    448    568    569
f    448    569    449
f    452    451    450
f    452    450    449
f    452    449    569
f    452    569    570
f    452    570    454
f    570    569    568
f    570    568    571
f    570    571    572
f    570    572    573
f    455    454    570
f    455    570    573
f    455    573    574
f    455    574    575
f    575    574    576
f    575    576    577
f    575    577    578
f    458    579    580
f    458    580    581
f    458    581    582
f    458    582    459
f    581    583    582
f    459    582    583
f    459    583    584
f    459    584    461
f    459    461    460
f    461    584    585
f    461    585    586
f    461    586    587
f    461    587    463
f    461    463    462
f    463    587    588
f    463    588    465
f    463    465    464
f    465    588    589
f    465    589    590
f    465    590    591
f    465    591    467
f    465    467    466
f    467    591    592
f    467    592    469
f    467    469    468
f    469    592    593
f    469    593    594
f    469    594    595
f    469    595    471
f    469    471    470
f    471    595    596
f    471    596    473
f    471    473    472
f    474    473    596
f    474    596    597
f    474    597    598
f    474    598    475
f    475    598    599
f    475    599    600
f    475    600    477
f    475    477    476
f    600    601    602
f    600    602    479
f    600    479    478
f    600    478    477
f    479    602    603
f    479    603    604
f    479    604    481
f    479    481    480
f    481    604    605
f    481    605    606
f    481    606    482
f    482    606    607
f    482    607    608
f    482    608    484
f    482    484    483
f    484    608    609
f    484    609    610
f    484    610    487
f    484    487    485
f    610    611    612
f    610    612    488
f    610    488    487
f    489    488    612
f    489    612    613
f    489    613    614
f    489    614    492
f    489    492    490
f    614    615    616
f    614    616    493
f    614    493    492
f    494    493    616
f    494    616    617
f    494    617    618
f    494    618    497
f    494    497    495
f    497    618    619
f    497    619    620
f    497    620    498
f    499    498    620
f    499    620    621
f    499    621    501
f    499    501    500
f    502    501    621
f    502    621    622
f    502    622    623
f    502    623    503
f    503    623    624
f    503    624    625
f    503    625    505
f    503    505    504
f    625    626    507
f    625    507    506
f    625    506    505
f    507    626    627
f    507    627    628
f    507    628    509
f    507    509    508
f    509    628    629
f    509    629    630
f    509    630    511
f    509    511    510
f    511    630    631
f    511    631    632
f    511    632    633
f    511    633    512
f    512    633    634
f    512    634    516
f    512    516    514
f    512    514    513
f    632    635    636
f    632    636    637
f    632    637    634
f    632    634    633
f    520    517    516
f    520    516    634
f    520    634    637
f    520    637    638
f    520    638    522
f    637    636    639
f    637    639    640
f    637    640    638
f    522    638    640
f    522    640    641
f    522    641    525
f    522    525    524
f    522    524    523
f    525    641    642
f    525    642    643
f    525    643    644
f    525    644    526
f    526    644    645
f    526    645    529
f    526    529    528
f    526    528    527
f    529    645    646
f    529    646    647
f    529    647    648
f    529    648    530
f    530    648    649
f    530    649    533
f    530    533    532
f    530    532    531
f    533    649    650
f    533    650    651
f    533    651    652
f    533    652    534
f    534    652    653
f    534    653    536
f    534    536    535
f    536    653    654
f    536    654    540
f    536    540    538
f    536    538    537
f    540    654    655
f    540    655    656
f    540    656    541
f    541    656    657
f    541    657    658
f    541    658    659
f    541    659    542
f    659    658    660
f    659    660    661
f    543    542    659
f    543    659    661
f    543    661    662
f    543    662    663
f    543    663    545
f    545    663    664
f    545    664    665
f    545    665    666
f    545    666    546
f    546    666    667
f    546    667    549
f    546    549    547
f    667    668    669
f    667    669    670
f    667    670    550
f    667    550    549
f    550    670    671
f    550    671    672
f    550    672    553
f    550    553    552
f    550    552    551
f    553    672    673
f    553    673    674
f    553    674    554
f    554    674    675
f    554    675    676
f    554    676    557
f    554    557    556
f    554    556    555
f    676    677    678
f    676    678    558
f    676    558    557
f    558    678    679
f    558    679    680
f    558    680    561
f    558    561    560
f    558    560    559
f    680    681    682
f    680    682    562
f    680    562    561
f    562    682    566
f    562    566    565
f    562    565    564
f    562    564    563
f    568    567    566
f    568    566    682
f    568    682    681
f    568    681    683
f    568    683    684
f    568    684    571
f    571    684    685
f    571    685    572
f    573    572    685
f    573    685    686
f    573    686    687
f    573    687    576
f    573    576    574
f    576    687    688
f    576    688    689
f    576    689    577
f    578    577    689
f    578    689    690
f    578    690    691
f    578    691    692
f    692    691    693
f    692    693    694
f    692    694    580
f    692    580    579
f    580    694    695
f    580    695    585
f    580    585    584
f    580    584    583
f    580    583    581
f    585    695    696
f    585    696    697
f    585    697    698
f    585    698    586
f    586    698    699
f    586    699    589
f    586    589    588
f    586    588    587
f    589    699    700
f    589    700    701
f    589    701    590
f    590    701    702
f    590    702    703
f    590    703    593
f    590    593    592
f    590    592    591
f    593    703    704
f    593    704    705
f    593    705    594
f    594    705    706
f    594    706    707
f    594    707    597
f    594    597    596
f    594    596    595
f    597    707    708
f    597    708    599
f    597    599    598
f    599    708    709
f    599    709    710
f    599    710    711
f    599    711    601
f    599    601    600
f    711    712    603
f    711    603    602
f    711    602    601
f    603    712    713
f    603    713    714
f    603    714    605
f    603    605    604
f    605    714    715
f    605    715    716
f    605    716    607
f    605    607    606
f    607    716    717
f    607    717    718
f    607    718    609
f    607    609    608
f    609    718    719
f    609    719    720
f    609    720    611
f    609    611    610
f    612    611    720
f    612    720    721
f    612    721    722
f    612    722    613
f    613    722    723
f    613    723    724
f    613    724    615
f    613    615    614
f    616    615    724
f    616    724    725
f    616    725    617
f    619    618    617
f    619    617    725
f    619    725    726
f    619    726    727
f    621    620    619
f    621    619    727
f    621    727    728
f    621    728    729
f    621    729    622
f    622    729    730
f    622    730    624
f    622    624    623
f    624    730    731
f    624    731    732
f    624    732    627
f    624    627    626
f    624    626    625
f    732    733    734
f    732    734    629
f    732    629    628
f    732    628    627
f    629    734    735
f    629    735    631
f    629    631    630
f    631    735    736
f    631    736    737
f    631    737    635
f    631    635    632
f    737    738    739
f    737    739    639
f    737    639    636
f    737    636    635
f    739    738    740
f    739    740    741
f    739    741    742
f    640    639    739
f    640    739    742
f    640    742    743
f    640    743    642
f    640    642    641
f    642    743    744
f    642    744    745
f    642    745    746
f    642    746    643
f    643    746    747
f    643    747    646
f    643    646    645
f    643    645    644
f    646    747    748
f    646    748    749
f    646    749    750
f    646    750    647
f    647    750    751
f    647    751    752
f    647    752    650
f    647    650    649
f    647    649    648
f    650    752    753
f    650    753    754
f    650    754    651
f    651    754    755
f    651    755    756
f    651    756    655
f    651    655    654
f    651    654    653
f    651    653    652
f    655    756    757
f    655    757    657
f    655    657    656
f    657    757    758
f    657    758    759
f    657    759    660
f    657    660    658
f    661    660    759
f    661    759    760
f    661    760    761
f    661    761    662
f    662    761    762
f    662    762    763
f    662    763    664
f    662    664    663
f    664    763    764
f    664    764    765
f    664    765    665
f    665    765    766
f    665    766    767
f    665    767    668
f    665    668    667
f    665    667    666
f    767    768    769
f    767    769    669
f    767    669    668
f    669    769    770
f    669    770    771
f    669    771    671
f    669    671    670
f    671    771    772
f    671    772    773
f    671    773    673
f    671    673    672
f    673    773    774
f    673    774    775
f    673    775    675
f    673    675    674
f    675    775    776
f    675    776    777
f    675    777    677
f    675    677    676
f    777    778    779
f    777    779    679
f    777    679    678
f    777    678    677
f    679    779    683
f    679    683    681
f    679    681    680
f    685    684    683
f    685    683    779
f    685    779    778
f    685    778    780
f    685    780    781
f    685    781    686
f    686    781    782
f    686    782    783
f    686    783    688
f    686    688    687
f    689    688    783
f    689    783    784
f    689    784    785
f    689    785    690
f    690    785    786
f    690    786    787
f    690    787    693
f    690    693    691
f    693    787    788
f    693    788    696
f    693    696    695
f    693    695    694
f    696    788    789
f    696    789    790
f    696    790    791
f    696    791    697
f    697    791    792
f    697    792    793
f    697    793    700
f    697    700    699
f    697    699    698
f    792    794    795
f    792    795    796
f    792    796    793
f    700    793    796
f    700    796    797
f    700    797    702
f    700    702    701
f    702    797    798
f    702    798    799
f    702    799    704
f    702    704    703
f    704    799    800
f    704    800    706
f    704    706    705
f    706    800    801
f    706    801    709
f    706    709    708
f    706    708    707
f    709    801    802
f    709    802    803
f    709    803    804
f    709    804    710
f    710    804    805
f    710    805    713
f    710    713    712
f    710    712    711
f    805    806    807
f    805    807    808
f    805    808    715
f    805    715    714
f    805    714    713
f    715    808    809
f    715    809    717
f    715    717    716
f    717    809    810
f    717    810    811
f    717    811    812
f    717    812    719
f    717    719    718
f    719    812    813
f    719    813    721
f    719    721    720
f    721    813    814
f    721    814    723
f    721    723    722
f    725    724    723
f    725    723    814
f    725    814    815
f    725    815    726
f    727    726    815
f    727    815    816
f    727    816    817
f    727    817    818
f    727    818    728
f    728    818    819
f    728    819    731
f    728    731    730
f    728    730    729
f    731    819    820
f    731    820    733
f    731    733    732
f    820    821    822
f    820    822    736
f    820    736    735
f    820    735    734
f    820    734    733
f    736    822    823
f    736    823    824
f    736    824    740
f    736    740    738
f    736    738    737
f    824    825    826
f    824    826    741
f    824    741    740
f    742    741    826
f    742    826    827
f    742    827    744
f    742    744    743
f    744    827    828
f    744    828    829
f    744    829    830
f    744    830    745
f    745    830    831
f    745    831    832
f    745    832    748
f    745    748    747
f    745    747    746
f    748    832    833
f    748    833    834
f    748    834    835
f    748    835    749
f    749    835    836
f    749    836    837
f    749    837    751
f    749    751    750
f    751    837    838
f    751    838    839
f    751    839    753
f    751    753    752
f    753    839    840
f    753    840    755
f    753    755    754
f    755    840    841
f    755    841    758
f    755    758    757
f    755    757    756
f    759    758    841
f    759    841    842
f    759    842    843
f    759    843    760
f    760    843    844
f    760    844    845
f    760    845    762
f    760    762    761
f    762    845    846
f    762    846    847
f    762    847    764
f    762    764    763
f    764    847    848
f    764    848    849
f    764    849    766
f    764    766    765
f    766    849    850
f    766    850    851
f    766    851    768
f    766    768    767
f    851    852    853
f    851    853    770
f    851    770    769
f    851    769    768
f    770    853    854
f    770    854    855
f    770    855    772
f    770    772    771
f    772    855    856
f    772    856    774
f    772    774    773
f    774    856    857
f    774    857    858
f    774    858    776
f    774    776    775
f    776    858    780
f    776    780    778
f    776    778    777
f    783    782    859
f    783    859    860
f    783    860    784
f    784    860    861
f    784    861    862
f    784    862    786
f    784    786    785
f    786    862    863
f    786    863    864
f    786    864    789
f    786    789    788
f    786    788    787
f    789    864    865
f    789    865    866
f    789    866    790
f    790    866    867
f    790    867    868
f    790    868    794
f    790    794    792
f    790    792    791
f    867    869    870
f    867    870    871
f    867    871    868
f    868    871    872
f    868    872    873
f    868    873    795
f    868    795    794
f    873    872    874
f    873    874    875
f    873    875    876
f    873    876    877
f    796    795    873
f    796    873    877
f    796    877    878
f    796    878    798
f    796    798    797
f    798    878    879
f    798    879    802
f    798    802    801
f    798    801    800
f    798    800    799
f    802    879    880
f    802    880    881
f    802    881    882
f    802    882    803
f    803    882    883
f    803    883    806
f    803    806    805
f    803    805    804
f    883    884    885
f    883    885    886
f    883    886    807
f    883    807    806
f    807    886    810
f    807    810    809
f    807    809    808
f    811    810    886
f    811    886    885
f    811    885    887
f    811    887    888
f    815    814    813
f    815    813    812
f    815    812    811
f    815    811    888
f    815    888    816
f    816    888    887
f    816    887    889
f    816    889    890
f    816    890    891
f    816    891    817
f    817    891    892
f    817    892    821
f    817    821    820
f    817    820    819
f    817    819    818
f    892    893    823
f    892    823    822
f    892    822    821
f    823    893    894
f    823    894    895
f    823    895    825
f    823    825    824
f    826    825    895
f    826    895    896
f    826    896    897
f    826    897    828
f    826    828    827
f    828    897    898
f    828    898    899
f    828    899    829
f    829    899    900
f    829    900    901
f    829    901    902
f    829    902    831
f    829    831    830
f    831    902    903
f    831    903    904
f    831    904    833
f    831    833    832
f    833    904    905
f    833    905    906
f    833    906    834
f    834    906    907
f    834    907    908
f    834    908    836
f    834    836    835
f    836    908    909
f    836    909    838
f    836    838    837
f    841    840    839
f    841    839    838
f    841    838    909
f    841    909    910
f    841    910    842
f    842    910    911
f    842    911    912
f    842    912    913
f    842    913    844
f    842    844    843
f    844    913    914
f    844    914    846
f    844    846    845
f    846    914    915
f    846    915    916
f    846    916    848
f    846    848    847
f    848    916    917
f    848    917    918
f    848    918    850
f    848    850    849
f    850    918    919
f    850    919    852
f    850    852    851
f    919    920    921
f    919    921    854
f    919    854    853
f    919    853    852
f    854    921    922
f    854    922    923
f    854    923    857
f    854    857    856
f    854    856    855
f    857    923    859
f    857    859    782
f    857    782    781
f    857    781    780
f    857    780    858
f    861    924    925
f    861    925    863
f    861    863    862
f    863    925    926
f    863    926    927
f    863    927    865
f    863    865    864
f    865    927    928
f    865    928    929
f    865    929    869
f    865    869    867
f    865    867    866
f    929    930    931
f    929    931    870
f    929    870    869
f    870    931    932
f    870    932    874
f    870    874    872
f    870    872    871
f    874    932    933
f    874    933    934
f    874    934    935
f    874    935    875
f    875    935    936
f    875    936    937
f    875    937    876
f    877    876    937
f    877    937    938
f    877    938    880
f    877    880    879
f    877    879    878
f    880    938    939
f    880    939    940
f    880    940    941
f    880    941    942
f    880    942    881
f    881    942    943
f    881    943    884
f    881    884    883
f    881    883    882
f    943    942    941
f    943    941    944
f    943    944    945
f    887    885    884
f    887    884    943
f    887    943    945
f    887    945    889
f    889    945    944
f    889    944    946
f    889    946    947
f    889    947    948
f    889    948    890
f    890    948    949
f    890    949    894
f    890    894    893
f    890    893    892
f    890    892    891
f    949    950    951
f    949    951    896
f    949    896    895
f    949    895    894
f    896    951    952
f    896    952    953
f    896    953    954
f    896    954    898
f    896    898    897
f    898    954    955
f    898    955    900
f    898    900    899
f    900    955    956
f    900    956    957
f    900    957    901
f    901    957    958
f    901    958    959
f    901    959    903
f    901    903    902
f    903    959    960
f    903    960    961
f    903    961    905
f    903    905    904
f    905    961    962
f    905    962    907
f    905    907    906
f    909    908    907
f    909    907    962
f    909    962    963
f    909    963    911
f    909    911    910
f    911    963    964
f    911    964    965
f    911    965    966
f    911    966    912
f    912    966    967
f    912    967    915
f    912    915    914
f    912    914    913
f    915    967    968
f    915    968    969
f    915    969    917
f    915    917    916
f    917    969    920
f    917    920    919
f    917    919    918
f    968    970    971
f    968    971    972
f    968    972    922
f    968    922    921
f    968    921    920
f    968    920    969
f    859    923    922
f    859    922    972
f    859    972    924
f    859    924    861
f    859    861    860
f    926    973    974
f    926    974    928
f    926    928    927
f    928    974    975
f    928    975    976
f    928    976    977
f    928    977    930
f    928    930    929
f    977    933    932
f    977    932    931
f    977    931    930
f    976    978    979
f    976    979    934
f    976    934    933
f    976    933    977
f    934    979    980
f    934    980    936
f    934    936    935
f    937    936    980
f    937    980    981
f    937    981    939
f    937    939    938
f    939    981    982
f    939    982    983
f    939    983    940
f    944    941    940
f    944    940    983
f    944    983    984
f    944    984    985
f    944    985    946
f    946    985    986
f    946    986    987
f    946    987    947
f    947    987    988
f    947    988    989
f    947    989    950
f    947    950    949
f    947    949    948
f    989    990    952
f    989    952    951
f    989    951    950
f    952    990    991
f    952    991    992
f    952    992    993
f    952    993    953
f    953    993    994
f    953    994    956
f    953    956    955
f    953    955    954
f    956    994    995
f    956    995    996
f    956    996    958
f    956    958    957
f    958    996    997
f    958    997    998
f    958    998    960
f    958    960    959
f    962    961    960
f    962    960    998
f    962    998    964
f    962    964    963
f    964    998    997
f    964    997    999
f    964    999   1000
f    964   1000    965
f    965   1000    970
f    965    970    968
f    965    968    967
f    965    967    966
f    999   1001   1002
f    999   1002   1003
f    999   1003    971
f    999    971    970
f    999    970   1000
f    972    971   1003
f    972   1003    973
f    972    973    926
f    972    926    925
f    972    925    924
f    975   1004   1005
f    975   1005   1006
f    975   1006    978
f    975    978    976
f   1007   1006   1005
f   1007   1005   1008
f    980    979    978
f    980    978   1006
f    980   1006   1007
f    980   1007    982
f    980    982    981
f    983    982   1007
f    983   1007   1008
f    983   1008   1009
f    983   1009    984
f    984   1009   1010
f    984   1010   1011
f    984   1011    986
f    984    986    985
f    986   1011   1012
f    986   1012   1013
f    986   1013    988
f    986    988    987
f    988   1013   1014
f    988   1014    991
f    988    991    990
f    988    990    989
f   1014   1015   1016
f   1014   1016   1017
f   1014   1017    992
f   1014    992    991
f    992   1017    995
f    992    995    994
f    992    994    993
f    997    996    995
f    997    995   1017
f    997   1017   1016
f    997   1016   1001
f    997   1001    999
f   1016   1015   1018
f   1016   1018   1019
f   1016   1019   1002
f   1016   1002   1001
f   1003   1002   1019
f   1003   1019   1020
f   1003   1020   1004
f   1003   1004    975
f   1003    975    974
f   1003    974    973
f   1008   1005   1004
f   1008   1004   1020
f   1008   1020   1021
f   1008   1021   1010
f   1008   1010   1009
f   1010   1021   1022
f   1010   1022   1012
f   1010   1012   1011
f   1012   1022   1018
f   1012   1018   1015
f   1012   1015   1014
f   1012   1014   1013
f   1019   1018   1022
f   1019   1022   1021
f   1019   1021   1020
f    343    342    453
f    343    453    455
f    343    455    575
f    343    575    578
f    343    578    692
f    343    692    579
f    343    579    458
f    343    458    457
f    343    457    456
f    343    456    344
