v     0.080878     0.058200     0.604287
v     0.080878     0.043136     0.605770
v     0.179871     0.043136     0.596020
v     0.183550     0.044059     0.595567
v     0.147703     0.079906     0.595567
v     0.105794     0.085462     0.599148
v     0.062723     0.055793     0.602735
v     0.009308     0.002378     0.602735
v     0.017868    -0.005445     0.604349
v     0.032296    -0.005445     0.605770
v     0.029393    -0.092373     0.596923
v     0.032296    -0.095277     0.596923
v     0.034133    -0.102602     0.596020
v     0.262618     0.096111     0.574009
v     0.257890     0.079165     0.577572
v     0.352599     0.079165     0.548842
v     0.341427     0.106135     0.548842
v     0.314474     0.117058     0.555646
v     0.215184     0.098736     0.581376
v     0.184593     0.044059     0.595396
v     0.105794     0.123170     0.587709
v     0.167523     0.118478     0.581376
v     0.053246     0.184290     0.562566
v    -0.094699     0.123008     0.562566
v    -0.062398     0.090707     0.576423
v    -0.046171     0.032555     0.588652
v    -0.034233     0.023232     0.592148
v    -0.183230     0.158771     0.531217
v    -0.188714     0.145532     0.531217
v    -0.068171     0.041895     0.580805
v     0.023057    -0.115079     0.592148
v     0.028331    -0.210366     0.577348
v     0.033736    -0.208858     0.578485
v     0.034133    -0.208029     0.578686
v     0.016058    -0.240747     0.566590
v     0.033736    -0.248069     0.566590
v     0.040296    -0.263521     0.561079
v     0.054666    -0.280235     0.554203
v     0.099441    -0.276832     0.549609
v     0.172400    -0.246611     0.549609
v     0.215863    -0.244206     0.542859
v     0.216017    -0.244117     0.542848
v     0.254318    -0.205816     0.542848
v     0.400963     0.058632     0.531591
v     0.365553    -0.160737     0.514769
v     0.441856     0.023475     0.514769
v     0.457427     0.026340     0.506036
v     0.401271     0.059501     0.531303
v     0.459703     0.017846     0.506036
v     0.353186     0.106536     0.543682
v     0.315703     0.153080     0.539836
v     0.350535     0.118248     0.539836
v     0.311637     0.169556     0.533434
v     0.312421     0.185207     0.524956
v     0.043832     0.257176     0.524956
v     0.043832     0.214140     0.547959
v    -0.130852     0.470016     0.386172
v    -0.157582     0.468146     0.383343
v    -0.381712     0.408090     0.383343
v    -0.381492     0.403695     0.385724
v    -0.363853     0.358634     0.412335
v     0.004658     0.324895     0.483149
v    -0.363173     0.338714     0.421079
v    -0.412337     0.372851     0.385724
v    -0.415831     0.357410     0.390794
v    -0.414670     0.355854     0.391947
v    -0.371620     0.339002     0.417371
v    -0.317439     0.186131     0.468227
v    -0.455417     0.203785     0.391947
v    -0.424898     0.186131     0.410788
v    -0.300913    -0.276589     0.410788
v    -0.231260    -0.273104     0.448518
v    -0.171528    -0.249721     0.483794
v     0.013397    -0.243408     0.564961
v    -0.085575    -0.347481     0.478783
v     0.011868    -0.274707     0.551028
v     0.012373    -0.273418     0.551789
v    -0.140612    -0.363752     0.448518
v    -0.086874    -0.348337     0.477868
v     0.054666    -0.286175     0.551028
v     0.057079    -0.290347     0.548452
v     0.108778    -0.286730     0.542981
v     0.119365    -0.283893     0.542981
v     0.180345    -0.280516     0.533511
v     0.288134    -0.227795     0.519167
v     0.306499    -0.220768     0.514355
v     0.366498    -0.160769     0.514355
v     0.397839    -0.153035     0.502177
v     0.494860    -0.088395     0.471774
v     0.512646    -0.070997     0.467195
v     0.489562    -0.005865     0.488863
v     0.491489    -0.006980     0.487673
v     0.517805    -0.067951     0.464874
v     0.532214    -0.056203     0.458855
v     0.534888    -0.046223     0.458855
v     0.534897    -0.046102     0.458867
v     0.508860    -0.021789     0.476267
v     0.536473    -0.046102     0.457574
v     0.535911    -0.043279     0.457574
v     0.462693     0.024331     0.502582
v     0.458289     0.026304     0.505413
v     0.355756     0.179756     0.505413
v     0.351635     0.196776     0.498759
v     0.318282     0.193945     0.517425
v     0.333094     0.338063     0.402966
v     0.311668     0.352380     0.402966
v     0.369712     0.255310     0.446282
v     0.279512     0.424143     0.356830
v     0.264069     0.489475     0.305734
v    -0.031820     0.548331     0.305734
v    -0.130852     0.555737     0.315823
v     0.265942     0.487118     0.307363
v    -0.140554     0.564424     0.307109
v    -0.232100     0.557578     0.297783
v    -0.319342     0.540225     0.297783
v    -0.327780     0.529603     0.305122
v    -0.328514     0.528928     0.305472
v    -0.333940     0.522532     0.309083
v    -0.334999     0.521173     0.309869
v    -0.373543     0.442805     0.359579
v    -0.374705     0.440293     0.361187
v    -0.383348     0.421005     0.373588
v    -0.383760     0.411142     0.380713
v    -0.383709     0.420763     0.373588
v    -0.387814     0.411486     0.378444
v    -0.389125     0.410175     0.378444
v    -0.412469     0.374718     0.384692
v    -0.412488     0.374639     0.384723
v    -0.424235     0.357059     0.384723
v    -0.424588     0.356901     0.384496
v    -0.441727     0.338265     0.375622
v    -0.489559     0.273034     0.353446
v    -0.464554     0.203785     0.385272
v    -0.514698     0.244282     0.337509
v    -0.540828     0.210934     0.321508
v    -0.543734     0.196325     0.321508
v    -0.494289     0.196325     0.362086
v    -0.566064     0.178797     0.300321
v    -0.627018     0.110727     0.239185
v    -0.685232     0.024671     0.177362
v    -0.689459     0.016698     0.172592
v    -0.700557    -0.006718     0.159661
v    -0.702806    -0.012486     0.156874
v    -0.701529    -0.029570     0.155133
v    -0.686510    -0.105075     0.155133
v    -0.676812    -0.136190     0.158013
v    -0.645505    -0.221301     0.169812
v    -0.645288    -0.221844     0.169902
v    -0.630331    -0.261938     0.172980
v    -0.627310    -0.268401     0.173922
v    -0.614477    -0.293514     0.178382
v    -0.591629    -0.334831     0.186986
v    -0.588659    -0.338881     0.188363
v    -0.581654    -0.346498     0.191990
v    -0.415461    -0.353437     0.312055
v    -0.580552    -0.351347     0.190401
v    -0.513701    -0.451397     0.190401
v    -0.510104    -0.455620     0.190977
v    -0.502504    -0.462841     0.193040
v    -0.492188    -0.471956     0.196180
v    -0.486094    -0.475886     0.198758
v    -0.477654    -0.479621     0.203175
v    -0.453951    -0.472301     0.224426
v    -0.422916    -0.441266     0.262901
v    -0.276067    -0.428801     0.345085
v    -0.402455    -0.506709     0.224426
v    -0.389116    -0.509741     0.228796
v     0.055529    -0.296529     0.543632
v     0.055529    -0.314890     0.528564
v     0.013590    -0.368320     0.477868
v     0.140148    -0.298058     0.528564
v     0.179730    -0.295255     0.522863
v     0.181443    -0.296482     0.521100
v     0.187345    -0.295141     0.519167
v     0.337647    -0.213227     0.502177
v     0.508042    -0.082562     0.464874
v     0.532582    -0.056038     0.458618
v     0.536783    -0.051471     0.456443
v     0.537566    -0.050848     0.455902
v     0.538235    -0.047485     0.455902
v     0.548773    -0.044557     0.443400
v     0.548246    -0.046175     0.444353
v     0.551067    -0.046175     0.440916
v     0.562763    -0.042535     0.425962
v     0.542447    -0.047485     0.451167
v     0.567258    -0.009900     0.401439
v     0.475636     0.169920     0.401439
v     0.572855    -0.039885     0.412679
v     0.574148    -0.037463     0.409745
v     0.444306     0.250440     0.380818
v     0.458244     0.234907     0.377552
v     0.390782     0.370592     0.318261
v     0.326792     0.434582     0.318261
v     0.300487     0.490189     0.283364
v     0.299188     0.516083     0.254071
v     0.275770     0.549397     0.229249
v     0.257174     0.558872     0.229249
v     0.238720     0.584588     0.204462
v     0.211558     0.605098     0.187476
v     0.156871     0.609775     0.194448
v     0.066875     0.624029     0.194448
v    -0.014974     0.630718     0.202094
v    -0.060991     0.618219     0.226205
v    -0.102583     0.604817     0.250562
v    -0.140554     0.579248     0.289047
v    -0.200267     0.574368     0.283468
v    -0.256372     0.565482     0.283468
v    -0.300226     0.561731     0.277878
v    -0.310118     0.554261     0.284064
v    -0.319205     0.541599     0.296269
v    -0.319832     0.541280     0.296269
v    -0.383671     0.421339     0.373082
v    -0.384537     0.420473     0.373082
v    -0.424937     0.360823     0.381771
v    -0.431916     0.355917     0.376571
v    -0.434921     0.351623     0.375622
v    -0.549144     0.201417     0.314287
v    -0.566112     0.178945     0.300234
v    -0.623164     0.116952     0.242680
v    -0.705895    -0.017074     0.152224
v    -0.706235    -0.018127     0.151607
v    -0.705056    -0.032553     0.150260
v    -0.704220    -0.037834     0.150260
v    -0.702924    -0.052986     0.148328
v    -0.580813    -0.354281     0.188363
v    -0.580472    -0.355553     0.187895
v    -0.579863    -0.356720     0.187740
v    -0.559328    -0.390300     0.185994
v    -0.541834    -0.418428     0.184800
v    -0.523045    -0.440983     0.188212
v    -0.479435    -0.482545     0.198758
v    -0.477403    -0.483450     0.199815
v    -0.467335    -0.492484     0.197698
v    -0.447504    -0.509004     0.194698
v    -0.445063    -0.510497     0.194825
v    -0.437008    -0.516134     0.193046
v    -0.399071    -0.535463     0.193046
v    -0.386242    -0.538670     0.196912
v    -0.382405    -0.541567     0.194512
v     0.005445    -0.415271     0.423257
v     0.013590    -0.379224     0.465609
v    -0.378529    -0.545134     0.190915
v    -0.067587    -0.594383     0.190915
v    -0.038352    -0.596772     0.193646
v     0.005445    -0.558019     0.249319
v     0.168221    -0.429577     0.374411
v     0.138359    -0.536967     0.249319
v     0.173839    -0.468449     0.325961
v     0.317055    -0.306672     0.429055
v     0.312484    -0.397805     0.325961
v     0.333866    -0.271135     0.451357
v     0.510113    -0.082427     0.463057
v     0.500102    -0.104899     0.451357
v     0.532691    -0.057265     0.457766
v     0.542518    -0.050356     0.450444
v     0.543264    -0.049995     0.449686
v     0.544866    -0.049385     0.447852
v     0.584196    -0.039225     0.392650
v     0.583935    -0.040251     0.393392
v     0.593627    -0.040251     0.375259
v     0.596663    -0.038342     0.369109
v     0.574550    -0.040257     0.409816
v     0.583911    -0.040257     0.393436
v     0.592444     0.032132     0.323299
v     0.571475     0.082755     0.323299
v     0.601380    -0.036089     0.358745
v     0.604358    -0.032922     0.350874
v     0.607284    -0.022723     0.337756
v     0.511767     0.223656     0.304936
v     0.541766     0.183293     0.290604
v     0.468197     0.315234     0.261744
v     0.384443     0.424386     0.261744
v     0.361245     0.469167     0.236038
v     0.316352     0.514060     0.236038
v     0.300124     0.536416     0.220017
v     0.274340     0.556201     0.220017
v     0.245117     0.584879     0.199067
v     0.261070     0.573022     0.204732
v     0.223825     0.603393     0.181282
v     0.210920     0.608739     0.181282
v     0.230421     0.598706     0.184869
v     0.196182     0.621510     0.163019
v     0.163228     0.640073     0.139671
v     0.138995     0.642406     0.142304
v     0.039585     0.654358     0.144429
v     0.065464     0.652087     0.142304
v    -0.245779     0.585965     0.250562
v    -0.268319     0.583794     0.248114
v    -0.288591     0.572375     0.262476
v    -0.300110     0.562393     0.276751
v    -0.308286     0.559007     0.276751
v    -0.310484     0.554278     0.283756
v    -0.318570     0.544028     0.293069
v    -0.319628     0.542250     0.294953
v    -0.384368     0.421908     0.371575
v    -0.426876     0.366510     0.371575
v    -0.618875     0.127308     0.242680
v    -0.701208    -0.004162     0.157813
v    -0.704982    -0.010138     0.152224
v    -0.707606    -0.020660     0.148417
v    -0.707961    -0.021479     0.147552
v    -0.707455    -0.027248     0.147079
v    -0.706177    -0.036953     0.147079
v    -0.705336    -0.045685     0.146130
v    -0.623916    -0.276595     0.173922
v    -0.520687    -0.444056     0.188212
v    -0.514115    -0.451969     0.189021
v    -0.489992    -0.474152     0.196180
v    -0.479473    -0.482541     0.198717
v    -0.469504    -0.490820     0.197698
v    -0.435948    -0.516921     0.192670
v    -0.421770    -0.526333     0.189346
v    -0.404364    -0.535704     0.188582
v    -0.391647    -0.542799     0.185230
v    -0.377943    -0.548476     0.185230
v    -0.374089    -0.551816     0.180454
v    -0.345280    -0.568042     0.160043
v    -0.299016    -0.590433     0.133687
v    -0.253913    -0.608741     0.114151
v    -0.197324    -0.627441     0.097112
v    -0.186849    -0.630983     0.093066
v    -0.112352    -0.651737     0.072586
v    -0.052541    -0.659612     0.072586
v    -0.037560    -0.660926     0.073816
v    -0.037560    -0.600195     0.187435
v     0.158713    -0.650208     0.045526
v    -0.026345    -0.665786     0.061962
v    -0.010441    -0.668179     0.053567
v     0.075688    -0.673578     0.022253
v     0.115510    -0.670082     0.018984
v     0.159709    -0.664264     0.018983
v     0.167533    -0.599911     0.131092
v     0.270923    -0.604615     0.043899
v     0.170737    -0.667428     0.004800
v     0.174006    -0.667316     0.002520
v     0.178050    -0.666723     0.000536
v     0.221304    -0.659615    -0.019293
v     0.245718    -0.653010    -0.025727
v     0.282057    -0.637958    -0.025727
v     0.284030    -0.633712    -0.019438
v     0.313992    -0.399718     0.321887
v     0.421092    -0.387097     0.209365
v     0.364852    -0.571696    -0.019438
v     0.402426    -0.519932     0.017657
v     0.480321    -0.272758     0.274999
v     0.589764    -0.047006     0.378177
v     0.579351    -0.042315     0.400843
v     0.578838    -0.042244     0.401762
v     0.537572    -0.198149     0.274999
v     0.593045    -0.081550     0.329991
v     0.591837    -0.042001     0.378177
v     0.584218    -0.041461     0.392565
v     0.610322    -0.023716     0.328823
v     0.609043    -0.032354     0.336246
v     0.612862    -0.032354     0.323659
v     0.613925    -0.028030     0.318549
v     0.613449    -0.023812     0.318549
v     0.607073    -0.032922     0.342531
v     0.610932     0.018634     0.277588
v     0.590313     0.077560     0.277588
v     0.614337     0.006624     0.280237
v     0.559471     0.175582     0.250853
v     0.527330     0.243757     0.217787
v     0.460396     0.350282     0.217787
v     0.558545     0.181208     0.242787
v     0.428625     0.407623     0.189630
v     0.388246     0.455932     0.197252
v     0.381456     0.461731     0.202641
v     0.296255     0.546932     0.202641
v     0.267531     0.571584     0.196629
v     0.294336     0.549180     0.200857
v     0.253629     0.584124     0.184869
v     0.205358     0.617795     0.162784
v     0.199116     0.621373     0.160067
v     0.162825     0.641304     0.136051
v     0.171482     0.638274     0.136051
v     0.119662     0.660112     0.095718
v     0.139745     0.652701     0.110367
v     0.115536     0.661696     0.092029
v     0.058352     0.668139     0.092029
v     0.054720     0.668472     0.092281
v     0.039585     0.665444     0.107882
v     0.008223     0.662569     0.105711
v    -0.160413     0.643568     0.105711
v    -0.180394     0.635899     0.123572
v    -0.215492     0.622947     0.149173
v    -0.263220     0.599379     0.202286
v    -0.293980     0.588616     0.202286
v    -0.307509     0.576313     0.227418
v    -0.306109     0.571554     0.244849
v    -0.310303     0.561925     0.266469
v    -0.310027     0.574731     0.227418
v    -0.315609     0.566413     0.242288
v    -0.312135     0.561517     0.264171
v    -0.375898     0.506124     0.242288
v    -0.385556     0.497877     0.234622
v    -0.402018     0.478181     0.231515
v    -0.427410     0.450030     0.207702
v    -0.634454     0.120522     0.207702
v    -0.649337     0.101439     0.188586
v    -0.684510     0.040069     0.161867
v    -0.699193     0.016062     0.141004
v    -0.708798    -0.011386     0.141004
v    -0.708938    -0.011670     0.140689
v    -0.711052    -0.015687     0.135213
v    -0.711271    -0.017636     0.135213
v    -0.710326    -0.021479     0.139755
v    -0.708716    -0.035768     0.139755
v    -0.708609    -0.036817     0.139661
v    -0.630184    -0.265086     0.169812
v    -0.629783    -0.266359     0.169465
v    -0.577683    -0.361087     0.185994
v    -0.541295    -0.419401     0.184322
v    -0.495007    -0.470338     0.193040
v    -0.447838    -0.508930     0.194280
v    -0.445934    -0.510647     0.192670
v    -0.376078    -0.551722     0.178452
v    -0.366406    -0.557638     0.170046
v    -0.080957    -0.660092     0.059612
v    -0.066092    -0.661618     0.060938
v    -0.041137    -0.664430     0.060938
v     0.097692    -0.674606     0.010690
v     0.127096    -0.671910     0.008654
v     0.127528    -0.671862     0.008654
v     0.257051    -0.653278    -0.039786
v     0.260431    -0.652320    -0.040532
v     0.271734    -0.649301    -0.045088
v     0.282209    -0.646005    -0.047945
v     0.284300    -0.641203    -0.037163
v     0.285058    -0.645537    -0.052030
v     0.306361    -0.637567    -0.068772
v     0.307114    -0.637244    -0.069235
v     0.311161    -0.635224    -0.070852
v     0.322011    -0.630073    -0.078162
v     0.339864    -0.620182    -0.086928
v     0.347990    -0.613389    -0.085646
v     0.350662    -0.610261    -0.083163
v     0.411810    -0.516479     0.002150
v     0.366303    -0.594620    -0.083163
v     0.397525    -0.553564    -0.057455
v     0.503581    -0.350847     0.083482
v     0.600537    -0.078287     0.313172
v     0.507217    -0.345060     0.083482
v     0.580951    -0.197310     0.142535
v     0.600666    -0.077875     0.313285
v     0.602600    -0.036646     0.354770
v     0.612573    -0.034920     0.323659
v     0.607392    -0.035078     0.340677
v     0.612813    -0.043162     0.313285
v     0.628112    -0.002764     0.158884
v     0.621471    -0.000094     0.223635
v     0.621471    -0.027772     0.251313
v     0.630575    -0.027772     0.158884
v     0.621066    -0.028030     0.255163
v     0.622540     0.024345     0.129429
v     0.586391     0.143514     0.129429
v     0.582451     0.155732     0.126835
v     0.566431     0.193895     0.077489
v     0.489800     0.337263     0.077489
v     0.475529     0.362334     0.067688
v     0.465619     0.375619     0.078017
v     0.371639     0.490134     0.078017
v     0.358983     0.502790     0.101627
v     0.335636     0.523387     0.116573
v     0.244399     0.598263     0.116573
v     0.235933     0.604578     0.123155
v     0.231804     0.607173     0.123155
v     0.231758     0.607199     0.123173
v     0.168652     0.640930     0.123173
v     0.145484     0.651573     0.103557
v     0.132233     0.657135     0.086424
v     0.129184     0.658118     0.085777
v     0.114793     0.662484     0.085777
v     0.088931     0.668139     0.061450
v     0.072435     0.670793     0.051002
v     0.054720     0.672537     0.051002
v     0.079768     0.670022     0.051494
v     0.026110     0.672385     0.023941
v    -0.055707     0.664326     0.023941
v    -0.072425     0.662569     0.025063
v     0.029375     0.672537     0.025657
v    -0.118036     0.657430     0.025063
v    -0.154964     0.649356     0.059797
v    -0.209019     0.632958     0.059797
v    -0.253485     0.618619     0.069238
v    -0.267545     0.612717     0.087418
v    -0.280784     0.606636     0.098627
v    -0.296512     0.591877     0.170213
v    -0.303782     0.594343     0.098627
v    -0.307797     0.592058     0.100196
v    -0.309249     0.591082     0.102444
v    -0.307943     0.587289     0.153062
v    -0.314546     0.579656     0.176092
v    -0.347599     0.559610     0.102444
v    -0.347232     0.559243     0.109389
v    -0.351866     0.555342     0.094483
v    -0.389342     0.512863     0.067289
v    -0.473949     0.409768     0.067289
v    -0.489976     0.388283     0.050585
v    -0.504826     0.364650     0.050585
v    -0.620745     0.172673     0.081704
v    -0.673148     0.079173     0.054359
v    -0.711279     0.007836     0.054359
v    -0.713438     0.002693     0.061009
v    -0.711635     0.002804     0.080658
v    -0.714760    -0.013096     0.099522
v    -0.714612    -0.013306     0.101237
v    -0.716159    -0.006279     0.061009
v    -0.716969    -0.010218     0.065289
v    -0.717408    -0.014162     0.073695
v    -0.714612    -0.016910     0.104840
v    -0.713475    -0.017636     0.115649
v    -0.717408    -0.016910     0.076443
v    -0.713475    -0.032235     0.101050
v    -0.715999    -0.031220     0.076443
v    -0.714913    -0.036504     0.070701
v    -0.662349    -0.209783     0.070701
v    -0.659247    -0.219403     0.068659
v    -0.645247    -0.249879     0.094461
v    -0.582069    -0.368078     0.094461
v    -0.564207    -0.394663     0.135616
v    -0.553866    -0.408525     0.146393
v    -0.525601    -0.442967     0.146393
v    -0.509985    -0.458582     0.175525
v    -0.500666    -0.466804     0.181491
v    -0.442728    -0.514352     0.181491
v    -0.434917    -0.520179     0.175418
v    -0.431052    -0.522607     0.175418
v    -0.417311    -0.530429     0.170046
v    -0.266791    -0.605236     0.106403
v    -0.260444    -0.607457     0.106403
v    -0.197625    -0.627714     0.093066
v    -0.076022    -0.661172     0.054970
v    -0.047105    -0.664430     0.054970
v    -0.026217    -0.666625     0.053567
v     0.102927    -0.674606     0.005455
v     0.130295    -0.671910     0.005455
v     0.259618    -0.652717    -0.042202
v     0.275910    -0.648486    -0.050098
v     0.275956    -0.648472    -0.050098
v     0.323807    -0.629576    -0.083368
v     0.325481    -0.628680    -0.083368
v     0.338574    -0.621228    -0.088486
v     0.339417    -0.620698    -0.088486
v     0.343979    -0.617295    -0.092034
v     0.351120    -0.611435    -0.092034
v     0.354146    -0.608765    -0.093971
v     0.359340    -0.603571    -0.093971
v     0.364039    -0.598245    -0.090561
v     0.375695    -0.584041    -0.090561
v     0.400076    -0.551357    -0.065151
v     0.425814    -0.510396    -0.065151
v     0.476831    -0.420766    -0.030110
v     0.586459    -0.191440     0.115819
v     0.520920    -0.338282    -0.030110
v     0.566141    -0.239843     0.053233
v     0.594101    -0.167741     0.120851
v     0.617913    -0.046572     0.264606
v     0.621066    -0.043603     0.239590
v     0.622911    -0.072767     0.120851
v     0.629611    -0.040167     0.156274
v     0.630575    -0.030382     0.156274
v     0.608855     0.029849    -0.004018
v     0.610405    -0.030382    -0.048512
v     0.608855    -0.029392    -0.063259
v     0.594413    -0.029392    -0.191433
v     0.587727    -0.002196    -0.223575
v     0.582908     0.040581    -0.223575
v     0.591416     0.046270    -0.142373
v     0.562355     0.194146     0.033068
v     0.575519     0.054624    -0.242716
v     0.516333     0.223768    -0.242716
v     0.514291     0.236176    -0.224927
v     0.519280     0.240050    -0.175861
v     0.470846     0.360721     0.005197
v     0.440747     0.353222    -0.224927
v     0.424329     0.395842    -0.156424
v     0.427203     0.398478    -0.126482
v     0.370606     0.489101     0.058459
v     0.357912     0.462259    -0.156424
v     0.340100     0.483117    -0.139868
v     0.311178     0.526215    -0.062820
v     0.290925     0.544483    -0.045688
v     0.213514     0.593123    -0.045688
v     0.171748     0.625696    -0.003852
v     0.160761     0.635687     0.016560
v     0.144473     0.645649     0.030715
v     0.082773     0.667239     0.030715
v     0.082248     0.667388     0.030599
v     0.079368     0.667304     0.026974
v     0.048407     0.670793     0.026974
v     0.003106     0.667783     0.000229
v    -0.034606     0.664326     0.002840
v    -0.088857     0.658214     0.002840
v    -0.118496     0.655172     0.005484
v    -0.120118     0.655219     0.007525
v    -0.175201     0.639604     0.019676
v    -0.246698     0.615458     0.026421
v    -0.259014     0.613431     0.044077
v    -0.221968     0.623239     0.019676
v    -0.270480     0.607709     0.048660
v    -0.322574     0.574977     0.048660
v    -0.327518     0.570547     0.044794
v    -0.327059     0.570932     0.044866
v    -0.346264     0.548596     0.027370
v    -0.401558     0.493302     0.027370
v    -0.475482     0.400822     0.006854
v    -0.435614     0.448520    -0.000670
v    -0.531189     0.300279    -0.042516
v    -0.572515     0.234509    -0.042516
v    -0.691917     0.032577    -0.014809
v    -0.701238     0.017338    -0.001565
v    -0.710085     0.007909     0.041347
v    -0.671216     0.068695    -0.030534
v    -0.709580    -0.006505    -0.001565
v    -0.712530    -0.004533     0.026586
v    -0.713061    -0.005033     0.030798
v    -0.709457    -0.010748    -0.006907
v    -0.709489    -0.011035    -0.006907
v    -0.711782    -0.011035     0.013442
v    -0.713061    -0.010218     0.025613
v    -0.711782    -0.037764     0.040171
v    -0.703240    -0.036455    -0.036949
v    -0.702061    -0.046917    -0.036949
v    -0.694550    -0.066486    -0.054442
v    -0.683209    -0.097218    -0.076858
v    -0.682971    -0.097921    -0.077129
v    -0.659096    -0.219413     0.067010
v    -0.677643    -0.110622    -0.083971
v    -0.666617    -0.137783    -0.095735
v    -0.640524    -0.212354    -0.095735
v    -0.627814    -0.252749    -0.084718
v    -0.621053    -0.264544    -0.089853
v    -0.620159    -0.266205    -0.089926
v    -0.615804    -0.274932    -0.086437
v    -0.578862    -0.366973     0.051662
v    -0.557607    -0.385361    -0.012465
v    -0.578969    -0.333555    -0.086437
v    -0.562109    -0.363985    -0.071495
v    -0.554849    -0.382830    -0.041206
v    -0.523157    -0.440523     0.100109
v    -0.481114    -0.466780     0.014308
v    -0.507232    -0.430447    -0.041206
v    -0.481594    -0.460470    -0.017376
v    -0.478945    -0.464417    -0.010319
v    -0.301891    -0.576755    -0.003133
v    -0.309065    -0.571160    -0.010319
v    -0.289690    -0.583748     0.002179
v    -0.286388    -0.584787     0.001279
v    -0.120259    -0.642918     0.001279
v    -0.083361    -0.653378    -0.006861
v    -0.080525    -0.653295    -0.010431
v     0.037782    -0.666625    -0.010431
v     0.102927    -0.672597    -0.014941
v     0.129746    -0.667233    -0.042587
v     0.135312    -0.666723    -0.042202
v     0.279897    -0.646955    -0.053662
v     0.304172    -0.637997    -0.071369
v     0.316226    -0.632045    -0.084783
v     0.324117    -0.629284    -0.084783
v     0.334835    -0.622729    -0.094097
v     0.335797    -0.621853    -0.095885
v     0.337809    -0.620285    -0.097900
v     0.345661    -0.615350    -0.097900
v     0.347998    -0.613242    -0.099877
v     0.351018    -0.610719    -0.100353
v     0.351146    -0.610569    -0.100472
v     0.361330    -0.600385    -0.100472
v     0.361721    -0.599871    -0.100794
v     0.373010    -0.586365    -0.098664
v     0.394436    -0.547694    -0.117652
v     0.439858    -0.475405    -0.117652
v     0.472659    -0.409678    -0.143922
v     0.502059    -0.358381    -0.121588
v     0.595166    -0.092146    -0.121996
v     0.529319    -0.271747    -0.145217
v     0.592733    -0.090519    -0.145217
v     0.610405    -0.077797    -0.001098
v     0.591663    -0.053804    -0.191433
v     0.567205    -0.002196    -0.291229
v     0.554367     0.001505    -0.332175
v     0.562292     0.055028    -0.286170
v     0.546261     0.001505    -0.357084
v     0.526627     0.037765    -0.402747
v     0.522647     0.067999    -0.402747
v     0.517967     0.075409    -0.409677
v     0.511083     0.222224    -0.261945
v     0.513745     0.079536    -0.416559
v     0.461067     0.206713    -0.416559
v     0.457841     0.217628    -0.413009
v     0.460376     0.244310    -0.375791
v     0.459948     0.245209    -0.375367
v     0.436565     0.350255    -0.243617
v     0.404422     0.317571    -0.375367
v     0.397827     0.364508    -0.307627
v     0.389820     0.375538    -0.299723
v     0.322261     0.427378    -0.299723
v     0.310306     0.442533    -0.285952
v     0.285827     0.495199    -0.207938
v     0.235570     0.542486    -0.159379
v     0.156286     0.575326    -0.159379
v     0.103934     0.628876    -0.072090
v     0.088161     0.638837    -0.057338
v     0.079422     0.665547     0.021202
v     0.001937     0.650189    -0.057338
v     0.003106     0.654247    -0.044395
v    -0.004771     0.647283    -0.064427
v    -0.011215     0.646717    -0.063898
v    -0.126216     0.631577    -0.063898
v    -0.132797     0.627421    -0.070052
v    -0.133837     0.626357    -0.071787
v    -0.253248     0.576895    -0.071787
v    -0.253283     0.576898    -0.071739
v    -0.259547     0.585960    -0.039808
v    -0.368333     0.488617    -0.071739
v    -0.383527     0.467685    -0.086739
v    -0.385165     0.456028    -0.103563
v    -0.542024     0.251606    -0.103563
v    -0.559923     0.213984    -0.121307
v    -0.605797     0.152260    -0.099391
v    -0.636460     0.119670    -0.067902
v    -0.638725     0.118684    -0.062817
v    -0.683963     0.004990    -0.067902
v    -0.693655    -0.004486    -0.052103
v    -0.695685    -0.007700    -0.049097
v    -0.704544    -0.010598    -0.023046
v    -0.699516    -0.036800    -0.049097
v    -0.700716    -0.036455    -0.045271
v    -0.692538    -0.052904    -0.066117
v    -0.687920    -0.061432    -0.076858
v    -0.640904    -0.204249    -0.103890
v    -0.651741    -0.164194    -0.114447
v    -0.633809    -0.221379    -0.103890
v    -0.589058    -0.308052    -0.104785
v    -0.580766    -0.325480    -0.096565
v    -0.551367    -0.367938    -0.089245
v    -0.557973    -0.355185    -0.096565
v    -0.517929    -0.401375    -0.089245
v    -0.475353    -0.423430    -0.113685
v    -0.404806    -0.477563    -0.113685
v    -0.343953    -0.506515    -0.142385
v    -0.334000    -0.513913    -0.138851
v    -0.121631    -0.592513    -0.164507
v    -0.255105    -0.537226    -0.164507
v    -0.097803    -0.598959    -0.170787
v    -0.080576    -0.651613    -0.015956
v     0.117096    -0.622344    -0.185866
v    -0.080730    -0.594061    -0.192746
v    -0.050578    -0.596965    -0.196022
v     0.109031    -0.617977    -0.196022
v     0.129746    -0.627826    -0.172495
v     0.142903    -0.626671    -0.171415
v     0.305397    -0.619079    -0.129005
v     0.319175    -0.623032    -0.111284
v     0.208001    -0.618101    -0.171415
v     0.252029    -0.613861    -0.166632
v     0.320961    -0.622549    -0.110814
v     0.339941    -0.615390    -0.108891
v     0.334828    -0.616805    -0.110814
v     0.339698    -0.615366    -0.109230
v     0.341337    -0.614725    -0.108232
v     0.352874    -0.605873    -0.108232
v     0.353626    -0.604837    -0.108975
v     0.356770    -0.601692    -0.108975
v     0.383473    -0.550144    -0.138564
v     0.398147    -0.531021    -0.138564
v     0.451492    -0.418898    -0.191446
v     0.450403    -0.407437    -0.207433
v     0.508470    -0.210933    -0.271336
v     0.535196    -0.146411    -0.271336
v     0.558674    -0.059631    -0.294206
v     0.574922    -0.054315    -0.246430
v     0.544648    -0.010745    -0.357084
v     0.524285     0.037765    -0.407130
v     0.510393     0.040977    -0.432328
v     0.505356     0.048457    -0.439910
v     0.513266     0.079502    -0.417464
v     0.490920     0.064772    -0.460648
v     0.477498     0.081536    -0.479489
v     0.476807     0.085895    -0.479489
v     0.456570     0.107885    -0.499904
v     0.454986     0.108706    -0.501676
v     0.449704     0.112496    -0.506768
v     0.401620     0.206866    -0.506768
v     0.405953     0.222142    -0.488356
v     0.412357     0.227189    -0.474719
v     0.401993     0.315141    -0.382314
v     0.335015     0.293080    -0.488356
v     0.334218     0.308972    -0.470379
v     0.344427     0.321925    -0.442793
v     0.192171     0.381349    -0.470379
v     0.191779     0.381895    -0.469853
v     0.171172     0.421690    -0.425338
v     0.178042     0.436514    -0.397495
v     0.155542     0.564825    -0.179210
v     0.020364     0.445576    -0.425338
v    -0.001086     0.464556    -0.398072
v    -0.001086     0.524914    -0.292455
v    -0.004771     0.540848    -0.263552
v    -0.130040     0.572768    -0.172980
v    -0.089779     0.450508    -0.398072
v    -0.108992     0.460764    -0.374801
v    -0.138512     0.524455    -0.255172
v    -0.231532     0.528688    -0.176724
v    -0.195338     0.416769    -0.374801
v    -0.212581     0.421661    -0.354018
v    -0.245303     0.463176    -0.265604
v    -0.376815     0.447679    -0.127434
v    -0.353322     0.280920    -0.354018
v    -0.372613     0.271795    -0.341911
v    -0.397690     0.270537    -0.313544
v    -0.443255     0.238507    -0.279592
v    -0.515635     0.096455    -0.279592
v    -0.532556     0.084312    -0.263283
v    -0.601090     0.048824    -0.186622
v    -0.633250     0.013879    -0.154180
v    -0.683947     0.004989    -0.067931
v    -0.666756    -0.061494    -0.116438
v    -0.667023    -0.061432    -0.115955
v    -0.640485    -0.031803    -0.154180
v    -0.666360    -0.066343    -0.115985
v    -0.650837    -0.164353    -0.115985
v    -0.633196    -0.207902    -0.115257
v    -0.641561    -0.174432    -0.125342
v    -0.581339    -0.309675    -0.115257
v    -0.561710    -0.323473    -0.129883
v    -0.439413    -0.427666    -0.151445
v    -0.542650    -0.324429    -0.151445
v    -0.352378    -0.466437    -0.196759
v    -0.310205    -0.454474    -0.247587
v    -0.306197    -0.455546    -0.249060
v    -0.154845    -0.532664    -0.249060
v    -0.088593    -0.549223    -0.269025
v     0.050863    -0.571116    -0.269366
v    -0.088220    -0.549024    -0.269477
v     0.050661    -0.571021    -0.269477
v     0.060042    -0.574696    -0.264930
v     0.109031    -0.607685    -0.215278
v     0.153016    -0.604090    -0.211170
v     0.225639    -0.599774    -0.198595
v     0.175450    -0.600537    -0.211170
v     0.218424    -0.596861    -0.205691
v     0.317628    -0.616023    -0.125320
v     0.331114    -0.609151    -0.125320
v     0.341593    -0.606346    -0.121468
v     0.341711    -0.606241    -0.121493
v     0.368192    -0.550263    -0.156623
v     0.385499    -0.532956    -0.156623
v     0.440485    -0.409521    -0.220889
v     0.430906    -0.375755    -0.261585
v     0.488051    -0.162228    -0.340069
v     0.504761    -0.129432    -0.340069
v     0.534482    -0.010521    -0.375903
v     0.536498    -0.010168    -0.372474
v     0.509615     0.036065    -0.432328
v     0.468527     0.083563    -0.490028
v     0.450782     0.095795    -0.509290
v     0.423340     0.110319    -0.536897
v     0.416344     0.115811    -0.543534
v     0.398298     0.123945    -0.559672
v     0.389667     0.128663    -0.566901
v     0.382812     0.134108    -0.571638
v     0.388537     0.198505    -0.526900
v     0.364864     0.137976    -0.585737
v     0.339656     0.149271    -0.601943
v     0.311387     0.191578    -0.601943
v     0.322619     0.202809    -0.584750
v     0.318420     0.267113    -0.528318
v     0.295022     0.186524    -0.616615
v     0.219958     0.236680    -0.616615
v     0.212180     0.254038    -0.605456
v     0.211412     0.257600    -0.602657
v     0.203472     0.267596    -0.595751
v     0.133450     0.281524    -0.595751
v     0.057241     0.328924    -0.559500
v     0.051514     0.336220    -0.552577
v     0.024978     0.359982    -0.528745
v     0.020364     0.380403    -0.504752
v    -0.084586     0.414578    -0.442855
v    -0.031572     0.348733    -0.528745
v    -0.049777     0.347444    -0.526123
v    -0.081548     0.370192    -0.493441
v    -0.087822     0.382011    -0.478749
v    -0.178263     0.390051    -0.415918
v    -0.149350     0.324888    -0.493441
v    -0.183050     0.316729    -0.480265
v    -0.202940     0.296839    -0.480265
v    -0.219111     0.289684    -0.471800
v    -0.326365     0.138247    -0.466233
v    -0.360095     0.130978    -0.439738
v    -0.317705     0.142127    -0.471800
v    -0.387532     0.109182    -0.420779
v    -0.426720    -0.020621    -0.405748
v    -0.498386    -0.020621    -0.325170
v    -0.410878    -0.008186    -0.420779
v    -0.547875    -0.031803    -0.267026
v    -0.591986    -0.167267    -0.187132
v    -0.523909    -0.174030    -0.262162
v    -0.408401    -0.112721    -0.405748
v    -0.536956    -0.320791    -0.160206
v    -0.318000    -0.335087    -0.352360
v    -0.371406    -0.120693    -0.434807
v    -0.264140    -0.281227    -0.434807
v    -0.101189    -0.437321    -0.391483
v    -0.239773    -0.273702    -0.456653
v    -0.119068    -0.354354    -0.456653
v    -0.096744    -0.442917    -0.387616
v    -0.087024    -0.540749    -0.279791
v    -0.010847    -0.515943    -0.324719
v    -0.062879    -0.449653    -0.387616
v     0.089361    -0.572504    -0.261943
v     0.170314    -0.556401    -0.261943
v     0.213275    -0.587160    -0.217750
v     0.372739    -0.480610    -0.217750
v     0.418787    -0.376547    -0.272221
v     0.388543    -0.278614    -0.360019
v     0.419829    -0.149399    -0.410538
v     0.479033    -0.060793    -0.410538
v     0.501319     0.037264    -0.442668
v     0.498377     0.041871    -0.447142
v     0.370050     0.133584    -0.582198
v     0.364222     0.136200    -0.586553
v     0.358707     0.137864    -0.590257
v     0.349033     0.142640    -0.596390
v     0.337408     0.149365    -0.603566
v     0.304124     0.160220    -0.622912
v     0.296538     0.162846    -0.627246
v     0.289585     0.166952    -0.630374
v     0.290896     0.182398    -0.621730
v     0.282488     0.166596    -0.634219
v     0.268286     0.168293    -0.640670
v     0.262000     0.169845    -0.643112
v     0.252689     0.179155    -0.643112
v     0.247309     0.180372    -0.644879
v     0.233501     0.194489    -0.641245
v     0.220823     0.215959    -0.631584
v     0.194147     0.223107    -0.631584
v     0.176374     0.236477    -0.625295
v     0.173516     0.240077    -0.623225
v     0.165743     0.246940    -0.618861
v     0.028798     0.326934    -0.556490
v    -0.042749     0.312228    -0.553228
v    -0.050990     0.318382    -0.547118
v    -0.021745     0.313391    -0.556490
v    -0.056913     0.317042    -0.545173
v    -0.193095     0.180860    -0.545173
v    -0.200756     0.147010    -0.556289
v    -0.194075     0.138064    -0.562921
v    -0.194553     0.129432    -0.564262
v    -0.232941    -0.013832    -0.564262
v    -0.250981    -0.013832    -0.551081
v    -0.273489    -0.008186    -0.533531
v    -0.282066    -0.099918    -0.511518
v    -0.147390    -0.105541    -0.608812
v    -0.138873    -0.068249    -0.622336
v    -0.131701    -0.095015    -0.622336
v    -0.154419    -0.188349    -0.562469
v    -0.117961    -0.185254    -0.582873
v    -0.127534    -0.094807    -0.624593
v    -0.111760    -0.110581    -0.624593
v    -0.115297    -0.181284    -0.586295
v    -0.112144    -0.324580    -0.482219
v    -0.083754    -0.314328    -0.495266
v    -0.107538    -0.183363    -0.586295
v    -0.083754    -0.224478    -0.560912
v    -0.062879    -0.397534    -0.430389
v     0.151361    -0.474894    -0.331927
v     0.103397    -0.174331    -0.560912
v     0.160364    -0.259246    -0.487720
v     0.100686    -0.120157    -0.590257
v     0.397364     0.115260    -0.558654
v     0.401374     0.115427    -0.555757
v     0.290935     0.163932    -0.630085
v     0.251556     0.168293    -0.647911
v     0.251068     0.169471    -0.647911
v     0.247871     0.170767    -0.648717
v     0.247050     0.172791    -0.648207
v     0.226007     0.181507    -0.648207
v     0.222197     0.190482    -0.645005
v    -0.037144     0.148036    -0.625295
v    -0.043029     0.133515    -0.628961
v    -0.043616     0.132928    -0.628961
v    -0.115791    -0.070992    -0.634280
v    -0.124490    -0.068249    -0.630024
v    -0.045512     0.098677    -0.634280
v    -0.112787    -0.089034    -0.633302
v    -0.108588    -0.077185    -0.637243
v    -0.101536    -0.082513    -0.639341
v    -0.107890    -0.088867    -0.635452
v    -0.100573    -0.080588    -0.640102
v    -0.100483    -0.080805    -0.640102
v    -0.108332    -0.101825    -0.629764
v    -0.107538    -0.101544    -0.630028
v    -0.100284    -0.080588    -0.640190
v    -0.062296    -0.054891    -0.648485
v     0.097276    -0.111448    -0.595401
v    -0.014247    -0.013367    -0.657843
v     0.031528     0.012976    -0.661038
v     0.092171     0.038095    -0.661038
v     0.097216     0.050542    -0.664180
v     0.139829     0.093155    -0.664180
v     0.215429     0.150297    -0.656345
v     0.227056     0.157544    -0.654486
v     0.246557     0.165447    -0.649564
v     0.246921     0.166326    -0.649564
v     0.244068     0.166326    -0.650429
v     0.244315     0.167211    -0.650243
v     0.226007     0.162103    -0.654093
v     0.228513     0.158876    -0.654211
v     0.225774     0.161616    -0.654211
v     0.137517     0.091722    -0.664324
v     0.137493     0.091708    -0.664325
v     0.116681     0.088949    -0.662547
v     0.055692     0.027960    -0.662547
v     0.096517     0.050732    -0.664325
v     0.096529     0.050734    -0.664324
f      1      2      3
f      1      3      4
f      1      4      5
f      1      5      6
f      7      8      9
f      7      9     10
f      7     10      2
f      7      2      1
f      9     11     12
f      9     12     10
f      3      2     10
f      3     10     12
f      3     12     13
f     14     15     16
f     14     16     17
f     14     17     18
f     19      5      4
f     19      4     20
f     19     20     15
f     19     15     14
f     21      6      5
f     21      5     19
f     21     19     22
f     23     24     25
f     23     25      7
f     23      7      1
f     23      1      6
f     23      6     21
f     25     26     27
f     25     27      8
f     25      8      7
f     28     29     30
f     28     30     26
f     28     26     25
f     28     25     24
f     27     31     11
f     27     11      9
f     27      9      8
f     13     12     11
f     13     11     31
f     13     31     32
f     13     32     33
f     13     33     34
f     32     35     36
f     32     36     33
f     34     33     36
f     34     36     37
f     34     37     38
f     34     38     39
f     34     39     40
f     20      4      3
f     20      3     13
f     20     13     34
f     20     34     40
f     20     40     41
f     20     41     42
f     20     42     43
f     44     16     15
f     44     15     20
f     44     20     43
f     44     43     45
f     44     45     46
f     47     48     44
f     47     44     46
f     47     46     49
f     50     17     16
f     50     16     44
f     50     44     48
f     51     18     17
f     51     17     50
f     51     50     52
f     53     22     19
f     53     19     14
f     53     14     18
f     53     18     51
f     54     55     56
f     54     56     23
f     54     23     21
f     54     21     22
f     54     22     53
f     57     58     59
f     57     59     60
f     57     60     61
f     57     61     56
f     57     56     55
f     57     55     62
f     56     61     63
f     56     63     28
f     56     28     24
f     56     24     23
f     60     64     65
f     60     65     66
f     60     66     67
f     60     67     63
f     60     63     61
f     63     67     68
f     63     68     29
f     63     29     28
f     66     69     70
f     66     70     68
f     66     68     67
f     68     70     71
f     68     71     72
f     68     72     73
f     68     73     30
f     68     30     29
f     30     73     74
f     30     74     35
f     30     35     32
f     30     32     31
f     30     31     27
f     30     27     26
f     75     76     77
f     75     77     74
f     75     74     73
f     75     73     72
f     75     72     78
f     75     78     79
f     36     35     74
f     36     74     77
f     36     77     37
f     37     77     76
f     37     76     80
f     37     80     38
f     38     80     81
f     38     81     82
f     38     82     83
f     38     83     39
f     40     39     83
f     40     83     84
f     40     84     41
f     45     43     42
f     45     42     85
f     45     85     86
f     45     86     87
f     49     46     45
f     49     45     87
f     49     87     88
f     49     88     89
f     49     89     90
f     49     90     91
f     92     91     90
f     92     90     93
f     92     93     94
f     92     94     95
f     92     95     96
f     92     96     97
f     97     96     98
f     97     98     99
f    100    101     47
f    100     47     49
f    100     49     91
f    100     91     92
f    102     52     50
f    102     50     48
f    102     48     47
f    102     47    101
f    103    104     54
f    103     54     53
f    103     53     51
f    103     51     52
f    103     52    102
f    105    106    104
f    105    104    103
f    105    103    107
f    108     62     55
f    108     55     54
f    108     54    104
f    108    104    106
f    109    110    111
f    109    111     57
f    109     57     62
f    109     62    108
f    109    108    112
f    111    113    114
f    111    114    115
f    111    115    116
f    111    116     58
f    111     58     57
f    116    117    118
f    116    118    119
f    116    119    120
f    116    120    121
f    116    121    122
f    116    122    123
f    116    123     59
f    116     59     58
f    122    124    125
f    122    125    123
f     59    123    125
f     59    125    126
f     59    126    127
f     59    127    128
f     59    128     64
f     59     64     60
f    128    129     65
f    128     65     64
f     65    129    130
f     65    130    131
f     65    131    132
f     65    132    133
f     65    133     69
f     65     69     66
f    132    134    135
f    132    135    136
f    132    136    137
f    132    137    133
f    136    138    139
f    136    139    140
f    136    140    141
f    136    141    142
f    136    142    143
f    136    143    144
f    136    144    145
f    136    145    146
f    136    146    147
f    136    147    148
f    136    148    137
f    133    137    148
f    133    148    149
f    133    149    150
f    133    150    151
f    133    151    152
f    133    152    153
f    133    153    154
f    133    154    155
f    133    155     71
f    133     71     70
f    133     70     69
f    155    154    156
f    155    156    157
f    155    157    158
f    155    158    159
f    155    159    160
f    155    160    161
f    155    161    162
f    155    162    163
f    155    163    164
f     78     72     71
f     78     71    155
f     78    155    164
f     78    164    165
f    165    164    163
f    165    163    166
f    165    166    167
f     81     80     76
f     81     76     75
f     81     75    168
f    169    168     75
f    169     75     79
f    169     79    170
f    171     82     81
f    171     81    168
f    171    168    169
f     84     83     82
f     84     82    171
f     84    171    172
f     42     41     84
f     42     84    172
f     42    172    173
f     42    173    174
f     42    174     85
f     87     86    175
f     87    175     88
f     90     89    176
f     90    176     93
f     94    177    178
f     94    178     95
f     95    178    179
f     95    179    180
f     95    180     98
f     95     98     96
f    181    182    183
f    181    183    184
f     99     98    180
f     99    180    185
f     99    185    182
f     99    182    181
f    186    187    100
f    186    100     92
f    186     92     97
f    186     97     99
f    186     99    181
f    186    181    184
f    186    184    188
f    186    188    189
f    190    107    103
f    190    103    102
f    190    102    101
f    190    101    100
f    190    100    187
f    190    187    191
f    192    193    105
f    192    105    107
f    192    107    190
f    194    112    108
f    194    108    106
f    194    106    105
f    194    105    193
f    195    196    197
f    195    197    109
f    195    109    112
f    195    112    194
f    197    198    199
f    197    199    200
f    197    200    110
f    197    110    109
f    200    201    202
f    200    202    203
f    200    203    204
f    200    204    205
f    200    205    113
f    200    113    111
f    200    111    110
f    205    206    207
f    205    207    114
f    205    114    113
f    114    207    208
f    114    208    209
f    114    209    210
f    114    210    115
f    115    210    211
f    115    211    117
f    115    117    116
f    121    212    124
f    121    124    122
f    125    124    212
f    125    212    213
f    125    213    126
f    127    214    130
f    127    130    129
f    127    129    128
f    215    216    131
f    215    131    130
f    215    130    214
f    217    218    138
f    217    138    136
f    217    136    135
f    139    138    218
f    139    218    219
f    143    220    221
f    143    221    222
f    143    222    223
f    143    223    144
f    144    223    224
f    144    224    145
f    153    225    156
f    153    156    154
f    156    225    226
f    156    226    227
f    156    227    228
f    156    228    229
f    156    229    230
f    156    230    157
f    161    231    232
f    161    232    162
f    163    162    232
f    163    232    233
f    163    233    234
f    163    234    235
f    163    235    166
f    167    166    235
f    167    235    236
f    167    236    237
f    167    237    238
f    170     79     78
f    170     78    165
f    170    165    167
f    170    167    238
f    170    238    239
f    170    239    240
f    170    240    241
f    240    239    242
f    240    242    243
f    240    243    244
f    240    244    245
f    246    241    240
f    246    240    245
f    246    245    247
f    246    247    248
f    173    172    171
f    173    171    169
f    173    169    170
f    173    170    241
f    173    241    246
f    249    174    173
f    249    173    246
f    249    246    248
f    249    248    250
f    175     86     85
f    175     85    174
f    175    174    249
f    175    249    251
f    252    176     89
f    252     89     88
f    252     88    175
f    252    175    251
f    252    251    253
f     93    176    252
f     93    252    254
f     93    254    177
f     93    177     94
f    255    179    178
f    255    178    177
f    255    177    254
f    180    179    255
f    180    255    256
f    180    256    185
f    185    256    257
f    185    257    183
f    185    183    182
f    258    259    260
f    258    260    261
f    189    188    262
f    189    262    263
f    189    263    259
f    189    259    258
f    264    265    186
f    264    186    189
f    264    189    258
f    264    258    261
f    264    261    266
f    264    266    267
f    264    267    268
f    269    191    187
f    269    187    186
f    269    186    265
f    269    265    270
f    271    272    192
f    271    192    190
f    271    190    191
f    271    191    269
f    273    274    195
f    273    195    194
f    273    194    193
f    273    193    192
f    273    192    272
f    275    276    196
f    275    196    195
f    275    195    274
f    277    198    197
f    277    197    196
f    277    196    276
f    277    276    278
f    279    280    199
f    279    199    198
f    279    198    277
f    279    277    281
f    282    283    284
f    282    284    201
f    282    201    200
f    282    200    199
f    282    199    280
f    285    202    201
f    285    201    284
f    285    284    286
f    204    287    206
f    204    206    205
f    288    289    290
f    288    290    208
f    288    208    207
f    288    207    206
f    288    206    287
f    208    290    291
f    208    291    292
f    208    292    209
f    209    292    293
f    209    293    294
f    209    294    211
f    209    211    210
f    211    294    118
f    211    118    117
f    120    295    213
f    120    213    212
f    120    212    121
f    126    213    295
f    126    295    296
f    126    296    215
f    126    215    214
f    126    214    127
f    131    216    134
f    131    134    132
f    297    219    218
f    297    218    217
f    141    298    142
f    142    298    299
f    142    299    220
f    142    220    143
f    221    300    301
f    221    301    302
f    221    302    303
f    221    303    222
f    222    303    304
f    222    304    224
f    222    224    223
f    150    305    151
f    152    226    225
f    152    225    153
f    157    230    306
f    157    306    307
f    157    307    158
f    160    308    309
f    160    309    231
f    160    231    161
f    232    231    309
f    232    309    310
f    232    310    233
f    236    311    312
f    236    312    313
f    236    313    237
f    238    237    313
f    238    313    314
f    238    314    315
f    238    315    242
f    238    242    239
f    242    315    316
f    242    316    317
f    242    317    318
f    242    318    319
f    242    319    320
f    242    320    243
f    244    243    320
f    244    320    321
f    244    321    322
f    244    322    323
f    244    323    324
f    244    324    325
f    326    325    324
f    326    324    327
f    326    327    328
f    326    328    329
f    326    329    330
f    326    330    331
f    247    245    244
f    247    244    325
f    247    325    326
f    247    326    332
f    333    332    326
f    333    326    331
f    333    331    334
f    333    334    335
f    333    335    336
f    333    336    337
f    333    337    338
f    333    338    339
f    333    339    340
f    250    248    247
f    250    247    332
f    250    332    333
f    250    333    341
f    342    341    333
f    342    333    340
f    342    340    343
f    342    343    344
f    253    251    249
f    253    249    250
f    253    250    341
f    253    341    342
f    253    342    345
f    346    347    348
f    346    348    257
f    346    257    256
f    346    256    255
f    346    255    254
f    346    254    252
f    346    252    253
f    346    253    345
f    346    345    349
f    346    349    350
f    184    183    257
f    184    257    348
f    184    348    262
f    184    262    188
f    351    352    347
f    351    347    346
f    262    348    347
f    262    347    352
f    262    352    263
f    263    352    351
f    263    351    260
f    263    260    259
f    353    354    355
f    353    355    356
f    353    356    357
f    268    267    358
f    268    358    354
f    268    354    353
f    359    360    264
f    359    264    268
f    359    268    353
f    359    353    357
f    359    357    361
f    362    270    265
f    362    265    264
f    362    264    360
f    363    364    271
f    363    271    269
f    363    269    270
f    363    270    362
f    363    362    365
f    366    367    368
f    366    368    273
f    366    273    272
f    366    272    271
f    366    271    364
f    368    369    275
f    368    275    274
f    368    274    273
f    370    278    276
f    370    276    275
f    370    275    369
f    370    369    371
f    372    281    277
f    372    277    278
f    372    278    370
f    373    374    282
f    373    282    280
f    373    280    279
f    375    283    282
f    375    282    374
f    375    374    376
f    377    286    284
f    377    284    283
f    377    283    375
f    377    375    378
f    379    380    381
f    379    381    382
f    379    382    285
f    379    285    286
f    379    286    377
f    383    384    385
f    383    385    203
f    383    203    202
f    383    202    285
f    383    285    382
f    203    385    386
f    203    386    387
f    203    387    288
f    203    288    287
f    203    287    204
f    387    388    389
f    387    389    390
f    387    390    289
f    387    289    288
f    390    391    291
f    390    291    290
f    390    290    289
f    389    392    393
f    389    393    394
f    389    394    391
f    389    391    390
f    291    391    394
f    291    394    293
f    291    293    292
f    118    294    293
f    118    293    394
f    118    394    393
f    118    393    395
f    118    395    119
f    119    395    396
f    119    396    397
f    119    397    296
f    119    296    295
f    119    295    120
f    397    398    399
f    397    399    297
f    397    297    217
f    397    217    135
f    397    135    134
f    397    134    216
f    397    216    215
f    397    215    296
f    399    400    401
f    399    401    140
f    399    140    139
f    399    139    219
f    399    219    297
f    401    402    403
f    401    403    299
f    401    299    298
f    401    298    141
f    401    141    140
f    403    404    300
f    403    300    221
f    403    221    220
f    403    220    299
f    405    406    407
f    405    407    301
f    405    301    300
f    405    300    404
f    301    407    408
f    301    408    302
f    304    303    302
f    304    302    408
f    304    408    409
f    148    147    410
f    148    410    149
f    149    410    411
f    149    411    305
f    149    305    150
f    412    228    227
f    229    413    306
f    229    306    230
f    159    414    308
f    159    308    160
f    233    310    415
f    233    415    234
f    235    234    415
f    235    415    416
f    235    416    311
f    235    311    236
f    314    417    316
f    314    316    315
f    316    417    418
f    316    418    317
f    322    419    420
f    322    420    323
f    324    323    420
f    324    420    421
f    324    421    327
f    329    422    423
f    329    423    424
f    329    424    330
f    331    330    424
f    331    424    334
f    337    425    426
f    337    426    338
f    339    338    426
f    339    426    427
f    339    427    428
f    339    428    429
f    429    428    430
f    429    430    431
f    429    431    432
f    429    432    433
f    343    340    339
f    343    339    429
f    343    429    433
f    343    433    434
f    343    434    435
f    343    435    436
f    343    436    437
f    438    344    343
f    438    343    437
f    438    437    439
f    438    439    440
f    349    345    342
f    349    342    344
f    349    344    438
f    349    438    441
f    442    350    349
f    442    349    441
f    442    441    443
f    442    443    444
f    261    260    351
f    261    351    346
f    261    346    350
f    261    350    442
f    261    442    445
f    261    445    446
f    261    446    266
f    447    448    446
f    447    446    445
f    447    445    449
f    266    446    448
f    266    448    358
f    266    358    267
f    355    354    358
f    355    358    448
f    355    448    447
f    450    451    452
f    450    452    453
f    361    357    356
f    361    356    454
f    361    454    452
f    361    452    451
f    455    456    359
f    455    359    361
f    455    361    451
f    455    451    450
f    457    365    362
f    457    362    360
f    457    360    359
f    457    359    456
f    458    459    363
f    458    363    365
f    458    365    457
f    460    461    366
f    460    366    364
f    460    364    363
f    460    363    459
f    462    463    367
f    462    367    366
f    462    366    461
f    464    371    369
f    464    369    368
f    464    368    367
f    464    367    463
f    465    466    372
f    465    372    370
f    465    370    371
f    465    371    464
f    467    468    373
f    467    373    279
f    467    279    281
f    467    281    372
f    467    372    466
f    469    376    374
f    469    374    373
f    469    373    468
f    470    378    375
f    470    375    376
f    470    376    469
f    471    472    473
f    471    473    379
f    471    379    377
f    471    377    378
f    471    378    470
f    474    380    379
f    474    379    473
f    475    476    381
f    475    381    380
f    475    380    474
f    475    474    477
f    478    479    480
f    478    480    383
f    478    383    382
f    478    382    381
f    478    381    476
f    478    476    481
f    480    482    483
f    480    483    384
f    480    384    383
f    483    484    485
f    483    485    486
f    483    486    386
f    483    386    385
f    483    385    384
f    386    486    487
f    386    487    488
f    386    488    388
f    386    388    387
f    487    489    490
f    487    490    491
f    487    491    492
f    487    492    488
f    488    492    493
f    488    493    392
f    488    392    389
f    488    389    388
f    494    495    493
f    494    493    492
f    494    492    491
f    393    392    493
f    393    493    495
f    393    495    396
f    393    396    395
f    396    495    494
f    396    494    496
f    396    496    497
f    396    497    498
f    396    498    398
f    396    398    397
f    498    499    500
f    498    500    501
f    498    501    400
f    498    400    399
f    498    399    398
f    501    502    503
f    501    503    504
f    501    504    505
f    501    505    402
f    501    402    401
f    501    401    400
f    505    506    507
f    505    507    405
f    505    405    404
f    505    404    403
f    505    403    402
f    504    508    509
f    504    509    510
f    504    510    506
f    504    506    505
f    507    511    512
f    507    512    406
f    507    406    405
f    510    513    511
f    510    511    507
f    510    507    506
f    514    512    511
f    514    511    513
f    514    513    515
f    409    408    407
f    409    407    406
f    409    406    512
f    409    512    514
f    145    224    304
f    145    304    409
f    145    409    514
f    145    514    515
f    145    515    516
f    145    516    517
f    145    517    146
f    146    517    518
f    146    518    519
f    146    519    411
f    146    411    410
f    146    410    147
f    151    305    411
f    151    411    519
f    151    519    520
f    151    520    521
f    151    521    412
f    151    412    227
f    151    227    226
f    151    226    152
f    521    522    413
f    521    413    229
f    521    229    228
f    521    228    412
f    306    413    522
f    306    522    523
f    306    523    524
f    306    524    307
f    158    307    524
f    158    524    525
f    158    525    414
f    158    414    159
f    415    310    309
f    415    309    308
f    415    308    414
f    415    414    525
f    415    525    526
f    415    526    416
f    416    526    527
f    416    527    528
f    416    528    312
f    416    312    311
f    313    312    528
f    313    528    529
f    313    529    418
f    313    418    417
f    313    417    314
f    318    530    531
f    318    531    319
f    320    319    531
f    320    531    532
f    320    532    321
f    420    419    533
f    420    533    534
f    420    534    421
f    327    421    534
f    327    534    535
f    327    535    328
f    423    422    536
f    423    536    537
f    334    424    423
f    334    423    537
f    334    537    335
f    426    425    538
f    426    538    539
f    426    539    540
f    426    540    427
f    427    540    430
f    427    430    428
f    433    432    541
f    433    541    542
f    433    542    434
f    434    542    543
f    434    543    544
f    434    544    435
f    435    544    545
f    435    545    546
f    435    546    436
f    437    436    546
f    437    546    547
f    437    547    548
f    437    548    549
f    437    549    439
f    440    439    549
f    440    549    550
f    440    550    551
f    443    441    438
f    443    438    440
f    443    440    551
f    443    551    552
f    443    552    553
f    554    444    443
f    554    443    553
f    554    553    555
f    554    555    556
f    449    445    442
f    449    442    444
f    449    444    554
f    449    554    557
f    449    557    558
f    559    558    557
f    559    557    560
f    559    560    561
f    454    356    355
f    454    355    447
f    454    447    449
f    454    449    558
f    454    558    559
f    453    452    454
f    453    454    559
f    453    559    561
f    453    561    562
f    563    455    450
f    563    450    453
f    563    453    562
f    563    562    564
f    563    564    565
f    565    566    567
f    565    567    568
f    565    568    569
f    565    569    563
f    563    569    570
f    563    570    458
f    563    458    457
f    563    457    456
f    563    456    455
f    568    571    572
f    568    572    573
f    568    573    574
f    568    574    570
f    568    570    569
f    570    574    575
f    570    575    460
f    570    460    459
f    570    459    458
f    573    576    577
f    573    577    578
f    573    578    575
f    573    575    574
f    575    578    579
f    575    579    462
f    575    462    461
f    575    461    460
f    577    580    581
f    577    581    582
f    577    582    579
f    577    579    578
f    579    582    583
f    579    583    465
f    579    465    464
f    579    464    463
f    579    463    462
f    583    584    585
f    583    585    586
f    583    586    467
f    583    467    466
f    583    466    465
f    586    587    471
f    586    471    470
f    586    470    469
f    586    469    468
f    586    468    467
f    588    472    471
f    588    471    587
f    589    477    474
f    589    474    473
f    589    473    472
f    589    472    588
f    590    591    475
f    590    475    477
f    590    477    589
f    481    476    475
f    481    475    591
f    592    593    479
f    592    479    478
f    594    595    596
f    594    596    482
f    594    482    480
f    594    480    479
f    594    479    593
f    597    484    483
f    597    483    482
f    597    482    596
f    598    599    485
f    598    485    484
f    598    484    597
f    598    597    600
f    601    489    487
f    601    487    486
f    601    486    485
f    601    485    599
f    602    490    489
f    602    489    601
f    603    496    494
f    603    494    491
f    603    491    490
f    603    490    602
f    603    602    604
f    605    606    497
f    605    497    496
f    605    496    603
f    607    499    498
f    607    498    497
f    607    497    606
f    607    606    608
f    609    610    500
f    609    500    499
f    609    499    607
f    611    612    613
f    611    613    503
f    611    503    502
f    611    502    614
f    615    616    613
f    615    613    612
f    503    613    616
f    503    616    617
f    503    617    508
f    503    508    504
f    618    619    620
f    618    620    621
f    618    621    617
f    618    617    616
f    618    616    615
f    617    621    509
f    617    509    508
f    515    513    510
f    515    510    509
f    515    509    621
f    515    621    620
f    515    620    622
f    515    622    516
f    620    619    623
f    620    623    624
f    620    624    622
f    516    622    624
f    516    624    625
f    516    625    626
f    516    626    627
f    516    627    628
f    516    628    518
f    516    518    517
f    628    627    629
f    628    629    630
f    628    630    631
f    628    631    632
f    519    518    628
f    519    628    632
f    519    632    633
f    519    633    634
f    519    634    635
f    519    635    636
f    519    636    520
f    637    636    635
f    637    635    638
f    637    638    639
f    637    639    640
f    520    636    637
f    520    637    641
f    520    641    523
f    520    523    522
f    520    522    521
f    642    641    637
f    642    637    640
f    642    640    643
f    642    643    644
f    642    644    645
f    527    526    525
f    527    525    524
f    527    524    523
f    527    523    641
f    527    641    642
f    646    529    528
f    646    528    527
f    646    527    642
f    646    642    645
f    646    645    647
f    317    418    529
f    317    529    646
f    317    646    648
f    317    648    530
f    317    530    318
f    531    530    648
f    531    648    649
f    531    649    650
f    531    650    532
f    321    532    650
f    321    650    651
f    321    651    533
f    321    533    419
f    321    419    322
f    534    533    651
f    534    651    652
f    534    652    653
f    534    653    535
f    328    535    653
f    328    653    654
f    328    654    536
f    328    536    422
f    328    422    329
f    335    537    536
f    335    536    654
f    335    654    655
f    335    655    656
f    335    656    336
f    336    656    538
f    336    538    425
f    336    425    337
f    430    540    539
f    430    539    657
f    430    657    658
f    430    658    431
f    431    658    659
f    431    659    660
f    431    660    541
f    431    541    432
f    541    660    661
f    541    661    543
f    541    543    542
f    543    661    662
f    543    662    663
f    543    663    664
f    543    664    545
f    543    545    544
f    546    545    664
f    546    664    665
f    546    665    666
f    546    666    547
f    548    547    666
f    548    666    667
f    548    667    668
f    550    549    548
f    550    548    668
f    550    668    669
f    550    669    670
f    552    551    550
f    552    550    670
f    552    670    671
f    552    671    672
f    555    553    552
f    555    552    672
f    555    672    673
f    555    673    674
f    675    556    555
f    675    555    674
f    675    674    676
f    675    676    677
f    560    557    554
f    560    554    556
f    560    556    675
f    560    675    678
f    564    678    675
f    564    675    677
f    564    677    679
f    564    679    566
f    564    566    565
f    562    561    560
f    562    560    678
f    562    678    564
f    567    680    681
f    567    681    682
f    567    682    571
f    567    571    568
f    681    683    684
f    681    684    685
f    681    685    682
f    682    685    686
f    682    686    687
f    682    687    572
f    682    572    571
f    686    688    689
f    686    689    690
f    686    690    691
f    686    691    687
f    572    687    691
f    572    691    692
f    572    692    693
f    572    693    576
f    572    576    573
f    692    694    695
f    692    695    693
f    693    695    696
f    693    696    580
f    693    580    577
f    693    577    576
f    696    697    698
f    696    698    699
f    696    699    581
f    696    581    580
f    581    699    700
f    581    700    584
f    581    584    583
f    581    583    582
f    700    701    702
f    700    702    585
f    700    585    584
f    585    702    703
f    585    703    704
f    585    704    590
f    585    590    589
f    585    589    588
f    585    588    587
f    585    587    586
f    703    705    706
f    703    706    704
f    704    706    592
f    704    592    478
f    704    478    481
f    704    481    591
f    704    591    590
f    707    708    594
f    707    594    593
f    707    593    592
f    707    592    706
f    707    706    705
f    709    595    594
f    709    594    708
f    710    600    597
f    710    597    596
f    710    596    595
f    710    595    709
f    711    712    713
f    711    713    714
f    711    714    598
f    711    598    600
f    711    600    710
f    714    604    602
f    714    602    601
f    714    601    599
f    714    599    598
f    713    715    605
f    713    605    603
f    713    603    604
f    713    604    714
f    716    608    606
f    716    606    605
f    716    605    715
f    717    718    609
f    717    609    607
f    717    607    608
f    717    608    716
f    719    720    721
f    719    721    722
f    719    722    610
f    719    610    609
f    719    609    718
f    721    723    724
f    721    724    611
f    721    611    614
f    721    614    722
f    724    725    726
f    724    726    618
f    724    618    615
f    724    615    612
f    724    612    611
f    727    728    726
f    727    726    725
f    726    728    623
f    726    623    619
f    726    619    618
f    729    625    624
f    729    624    623
f    729    623    728
f    729    728    727
f    626    625    729
f    626    729    730
f    731    631    630
f    731    630    732
f    633    632    631
f    633    631    731
f    633    731    733
f    638    635    634
f    638    634    734
f    638    734    735
f    736    639    638
f    736    638    735
f    736    735    737
f    738    643    640
f    738    640    639
f    738    639    736
f    644    643    738
f    644    738    739
f    644    739    740
f    647    645    644
f    647    644    740
f    647    740    741
f    647    741    742
f    743    649    648
f    743    648    646
f    743    646    647
f    743    647    742
f    743    742    744
f    652    651    650
f    652    650    649
f    652    649    743
f    652    743    745
f    652    745    746
f    747    746    745
f    747    745    748
f    747    748    749
f    747    749    750
f    654    653    652
f    654    652    746
f    654    746    747
f    654    747    751
f    654    751    655
f    655    751    752
f    655    752    657
f    655    657    539
f    655    539    538
f    655    538    656
f    753    754    659
f    753    659    658
f    753    658    657
f    753    657    752
f    753    752    755
f    753    755    756
f    662    661    660
f    662    660    659
f    662    659    754
f    662    754    757
f    758    663    662
f    758    662    757
f    758    757    759
f    758    759    760
f    761    665    664
f    761    664    663
f    761    663    758
f    666    665    761
f    666    761    762
f    666    762    667
f    668    667    762
f    668    762    763
f    668    763    764
f    668    764    669
f    670    669    764
f    670    764    765
f    670    765    766
f    670    766    671
f    672    671    766
f    672    766    767
f    672    767    673
f    674    673    767
f    674    767    768
f    674    768    769
f    674    769    770
f    674    770    676
f    677    676    770
f    677    770    771
f    677    771    772
f    677    772    679
f    772    771    773
f    772    773    683
f    772    683    681
f    772    681    680
f    566    679    772
f    566    772    680
f    566    680    567
f    684    774    775
f    684    775    776
f    684    776    777
f    684    777    688
f    684    688    686
f    684    686    685
f    776    778    779
f    776    779    780
f    776    780    777
f    777    780    781
f    777    781    689
f    777    689    688
f    689    781    782
f    689    782    783
f    689    783    784
f    689    784    785
f    689    785    786
f    689    786    690
f    691    690    786
f    691    786    787
f    691    787    694
f    691    694    692
f    786    785    788
f    786    788    789
f    786    789    790
f    786    790    787
f    787    790    697
f    787    697    696
f    787    696    695
f    787    695    694
f    789    791    792
f    789    792    793
f    789    793    794
f    789    794    698
f    789    698    697
f    789    697    790
f    698    794    795
f    698    795    701
f    698    701    700
f    698    700    699
f    793    796    797
f    793    797    798
f    793    798    795
f    793    795    794
f    795    798    799
f    795    799    707
f    795    707    705
f    795    705    703
f    795    703    702
f    795    702    701
f    799    800    711
f    799    711    710
f    799    710    709
f    799    709    708
f    799    708    707
f    797    801    802
f    797    802    803
f    797    803    800
f    797    800    799
f    797    799    798
f    803    804    712
f    803    712    711
f    803    711    800
f    802    805    806
f    802    806    807
f    802    807    804
f    802    804    803
f    807    808    717
f    807    717    716
f    807    716    715
f    807    715    713
f    807    713    712
f    807    712    804
f    806    809    810
f    806    810    811
f    806    811    808
f    806    808    807
f    811    812    719
f    811    719    718
f    811    718    717
f    811    717    808
f    813    814    815
f    813    815    720
f    813    720    719
f    813    719    812
f    815    816    817
f    815    817    723
f    815    723    721
f    815    721    720
f    818    819    817
f    818    817    816
f    818    816    820
f    817    819    730
f    817    730    729
f    817    729    727
f    817    727    725
f    817    725    724
f    817    724    723
f    821    629    627
f    821    627    626
f    821    626    730
f    821    730    819
f    821    819    818
f    732    630    629
f    732    629    821
f    732    821    822
f    823    733    731
f    823    731    732
f    823    732    822
f    823    822    824
f    825    734    634
f    825    634    633
f    825    633    733
f    825    733    823
f    737    735    734
f    737    734    825
f    737    825    826
f    827    739    738
f    827    738    736
f    827    736    737
f    827    737    826
f    827    826    828
f    741    740    739
f    741    739    827
f    741    827    829
f    744    742    741
f    744    741    829
f    744    829    830
f    744    830    831
f    744    831    832
f    748    745    743
f    748    743    744
f    748    744    832
f    748    832    833
f    834    749    748
f    834    748    833
f    834    833    835
f    834    835    836
f    837    838    750
f    837    750    749
f    837    749    834
f    755    752    751
f    755    751    747
f    755    747    750
f    755    750    838
f    755    838    839
f    840    756    755
f    840    755    839
f    840    839    841
f    840    841    842
f    757    754    753
f    757    753    843
f    757    843    759
f    760    759    843
f    760    843    844
f    760    844    845
f    763    762    761
f    763    761    758
f    763    758    760
f    763    760    845
f    763    845    846
f    765    764    763
f    765    763    846
f    765    846    847
f    765    847    848
f    767    766    765
f    767    765    848
f    767    848    849
f    767    849    768
f    768    849    850
f    768    850    851
f    768    851    852
f    768    852    769
f    770    769    852
f    770    852    853
f    770    853    854
f    770    854    773
f    770    773    771
f    853    855    775
f    853    775    774
f    853    774    854
f    773    854    774
f    773    774    684
f    773    684    683
f    779    856    857
f    779    857    782
f    779    782    781
f    779    781    780
f    782    857    858
f    782    858    859
f    782    859    783
f    783    859    860
f    783    860    861
f    783    861    862
f    783    862    863
f    783    863    784
f    862    864    865
f    862    865    866
f    862    866    867
f    862    867    863
f    784    863    867
f    784    867    868
f    784    868    788
f    784    788    785
f    867    866    869
f    867    869    870
f    867    870    871
f    867    871    872
f    867    872    868
f    788    868    872
f    788    872    873
f    788    873    791
f    788    791    789
f    873    874    875
f    873    875    876
f    873    876    792
f    873    792    791
f    792    876    877
f    792    877    878
f    792    878    796
f    792    796    793
f    878    879    801
f    878    801    797
f    878    797    796
f    877    880    881
f    877    881    882
f    877    882    883
f    877    883    879
f    877    879    878
f    883    884    805
f    883    805    802
f    883    802    801
f    883    801    879
f    882    885    886
f    882    886    884
f    882    884    883
f    886    887    888
f    886    888    809
f    886    809    806
f    886    806    805
f    886    805    884
f    889    890    810
f    889    810    809
f    889    809    888
f    889    888    891
f    810    890    892
f    810    892    813
f    810    813    812
f    810    812    811
f    893    894    814
f    893    814    813
f    893    813    892
f    893    892    895
f    896    820    816
f    896    816    815
f    896    815    814
f    896    814    894
f    824    822    821
f    824    821    818
f    824    818    820
f    824    820    896
f    824    896    897
f    898    897    896
f    898    896    894
f    898    894    893
f    898    893    899
f    828    826    825
f    828    825    823
f    828    823    824
f    828    824    897
f    828    897    898
f    828    898    900
f    901    900    898
f    901    898    899
f    901    899    902
f    901    902    903
f    830    829    827
f    830    827    828
f    830    828    900
f    830    900    901
f    904    831    830
f    904    830    901
f    904    901    903
f    904    903    905
f    904    905    906
f    833    832    831
f    833    831    904
f    833    904    907
f    833    907    908
f    833    908    835
f    909    908    907
f    909    907    910
f    836    835    908
f    836    908    909
f    839    838    837
f    839    837    911
f    839    911    841
f    842    841    911
f    842    911    912
f    842    912    913
f    844    843    753
f    844    753    756
f    844    756    840
f    846    845    844
f    846    844    840
f    846    840    842
f    846    842    913
f    846    913    914
f    846    914    847
f    848    847    914
f    848    914    915
f    848    915    850
f    848    850    849
f    850    915    916
f    850    916    917
f    850    917    918
f    850    918    851
f    852    851    918
f    852    918    919
f    852    919    855
f    852    855    853
f    920    856    779
f    920    779    778
f    775    855    919
f    775    919    920
f    775    920    778
f    775    778    776
f    861    921    922
f    861    922    864
f    861    864    862
f    923    924    925
f    923    925    865
f    923    865    864
f    923    864    922
f    865    925    926
f    865    926    927
f    865    927    928
f    865    928    929
f    865    929    869
f    865    869    866
f    928    930    931
f    928    931    932
f    928    932    933
f    928    933    929
f    869    929    933
f    869    933    934
f    869    934    935
f    869    935    936
f    869    936    870
f    870    936    937
f    870    937    938
f    870    938    939
f    870    939    871
f    872    871    939
f    872    939    940
f    872    940    874
f    872    874    873
f    875    941    880
f    875    880    877
f    875    877    876
f    942    943    881
f    942    881    880
f    942    880    941
f    942    941    944
f    881    943    945
f    881    945    885
f    881    885    882
f    946    887    886
f    946    886    885
f    946    885    945
f    947    891    888
f    947    888    887
f    947    887    946
f    948    949    950
f    948    950    951
f    948    951    952
f    948    952    889
f    948    889    891
f    948    891    947
f    952    895    892
f    952    892    890
f    952    890    889
f    951    953    902
f    951    902    899
f    951    899    893
f    951    893    895
f    951    895    952
f    954    953    951
f    954    951    950
f    954    950    955
f    954    955    956
f    903    902    953
f    903    953    954
f    903    954    957
f    903    957    905
f    958    957    954
f    958    954    956
f    958    956    959
f    958    959    960
f    958    960    961
f    906    905    957
f    906    957    958
f    906    958    962
f    963    962    958
f    963    958    961
f    963    961    964
f    963    964    965
f    910    907    904
f    910    904    906
f    910    906    962
f    910    962    963
f    910    963    966
f    912    911    837
f    912    837    834
f    912    834    836
f    912    836    909
f    912    909    910
f    912    910    966
f    912    966    967
f    967    966    963
f    967    963    965
f    967    965    968
f    967    968    969
f    914    913    912
f    914    912    967
f    914    967    969
f    914    969    916
f    914    916    915
f    916    969    968
f    916    968    970
f    916    970    923
f    916    923    922
f    916    922    921
f    916    921    971
f    916    971    917
f    918    917    971
f    918    971    972
f    918    972    858
f    918    858    857
f    918    857    856
f    918    856    920
f    918    920    919
f    971    921    861
f    971    861    860
f    971    860    972
f    972    860    859
f    972    859    858
f    973    930    928
f    973    928    927
f    974    975    932
f    974    932    931
f    933    932    975
f    933    975    976
f    933    976    977
f    933    977    934
f    934    977    978
f    934    978    979
f    934    979    935
f    935    979    937
f    935    937    936
f    940    944    941
f    940    941    875
f    940    875    874
f    939    938    980
f    939    980    942
f    939    942    944
f    939    944    940
f    980    981    982
f    980    982    948
f    980    948    947
f    980    947    946
f    980    946    945
f    980    945    943
f    980    943    942
f    983    984    949
f    983    949    948
f    983    948    982
f    983    982    985
f    955    950    949
f    955    949    984
f    986    959    956
f    986    956    955
f    986    955    984
f    986    984    983
f    986    983    987
f    988    989    986
f    988    986    987
f    988    987    990
f    988    990    991
f    960    959    986
f    960    986    989
f    960    989    992
f    993    992    989
f    993    989    988
f    964    961    960
f    964    960    992
f    964    992    993
f    968    965    964
f    968    964    993
f    968    993    988
f    968    988    991
f    968    991    994
f    968    994    995
f    968    995    996
f    968    996    970
f    995    997    998
f    995    998    999
f    995    999    996
f    970    996    999
f    970    999   1000
f    970   1000   1001
f    970   1001   1002
f    970   1002   1003
f    970   1003   1004
f    970   1004    973
f    970    973    927
f    970    927    926
f    970    926    924
f    970    924    923
f   1004   1005    974
f   1004    974    931
f   1004    931    930
f   1004    930    973
f    926    925    924
f   1006   1007    976
f   1006    976    975
f   1006    975    974
f   1006    974   1005
f   1008   1007   1006
f   1008   1006   1009
f   1008   1009   1010
f    978    977    976
f    978    976   1007
f    978   1007   1008
f   1001   1011   1012
f   1001   1012   1013
f   1001   1013    981
f   1001    981    980
f   1001    980    938
f   1001    938    937
f   1001    937    979
f   1001    979    978
f   1001    978   1008
f   1001   1008   1010
f   1001   1010   1002
f    985    982    981
f    985    981   1013
f    985   1013   1014
f    985   1014    998
f    985    998    997
f    994    990    987
f    994    987    983
f    994    983    985
f    994    985    997
f    994    997    995
f    991    990    994
f    999    998   1014
f    999   1014   1015
f    999   1015   1016
f    999   1016   1000
f   1000   1016   1011
f   1000   1011   1001
f   1003   1009   1006
f   1003   1006   1005
f   1003   1005   1004
f   1002   1010   1009
f   1002   1009   1003
f   1014   1013   1012
f   1014   1012   1015
f   1015   1012   1011
f   1015   1011   1016
f    722    614    502
f    722    502    501
f    722    501    500
f    722    500    610
