v     3.463848     1.374306    38.701376
v     8.239108     1.374306    38.231057
v     8.071123     2.641460    38.122812
v     0.938993     9.773658    38.122812
v     0.938993     3.899229    38.701376
v    -0.092488     3.899229    38.599776
v     0.230741    12.598037    37.774851
v    -2.816295     9.551070    37.774851
v    -3.190289     6.730459    38.015868
v     0.675437    -1.892851    38.104931
v     3.463848    -4.681263    38.104931
v     3.681572    -5.549691    37.997987
v     8.040910    -1.190353    37.997987
v     8.365577     1.258798    38.207216
v    15.728105     1.258798    35.973801
v    17.685631     2.941738    35.168538
v    18.268511     3.985620    34.860587
v    17.671929    11.834497    34.055325
v    13.512023    21.877328    34.055325
v    13.429400    21.843895    34.084579
v     8.176080    22.134650    34.900529
v     0.230741    19.917609    36.571411
v    -0.868428    25.881033    34.900529
v    -0.868428    22.212477    36.013399
v    -1.492483    27.351044    34.376224
v    -4.661603    26.038331    34.376224
v    -5.669243    23.552047    35.003773
v    -6.031111    23.190179    35.003773
v    -6.128943    21.422493    35.278359
v   -10.597211    10.635099    35.278359
v   -10.784516     8.171491    35.531091
v    -7.390068     6.730459    36.741863
v    -1.133287    -8.374756    36.741863
v    -0.895284   -12.675449    36.073893
v     2.795879   -11.645475    36.850108
v     3.681572    -9.796194    37.299805
v    -4.625224   -21.909044    32.804202
v    -3.217077   -20.849748    33.302472
v     2.786767   -13.866490    36.175219
v     2.795879   -13.845115    36.182824
v     8.992783   -11.278263    36.182824
v    10.827472   -11.176732    35.897892
v    11.458172   -11.431451    35.674551
v    11.892455   -11.255450    35.564935
v    15.425155    -2.726819    35.564935
v    27.671736    12.766092    28.576882
v    27.565820    14.280155    28.416637
v    25.123382    23.395639    28.416637
v    24.073746    24.015446    28.888875
v    21.951522    23.909256    30.038467
v    20.892020    24.170689    30.450141
v    15.625683    23.990920    32.761657
v    15.805452    29.257257    30.450141
v    15.565257    30.230642    30.071968
v    10.896461    35.003642    28.843179
v    -1.181038    30.723090    32.860928
v    -1.492483    29.735523    33.344195
v    10.093185    36.363832    28.231182
v     3.730967    38.068627    28.231182
v     2.776970    38.135355    28.332097
v     0.027609    35.190947    30.299694
v    -1.181038    33.101676    31.589525
v    -3.982398    32.351016    31.589525
v    -4.828424    30.918342    32.234133
v    -4.828218    30.917794    32.234544
v    -4.878299    30.907107    32.217759
v   -10.258088    25.527249    32.217759
v   -10.750604    23.351313    32.932315
v   -13.983438    20.189045    32.100059
v   -15.740505    19.151466    31.309458
v   -18.795077     7.751801    31.309458
v   -12.115179     7.751801    34.879907
v   -19.673028     7.243939    30.767409
v   -25.408177     1.888608    26.934911
v   -27.712294    -2.798960    25.031986
v   -27.025690   -12.612969    23.993380
v   -23.713796   -24.973139    23.993380
v   -23.122215   -35.654137    22.334624
v   -22.996979   -35.776632    22.366892
v   -18.257344   -35.614812    24.447188
v   -18.199933   -35.568020    24.480415
v    -5.227355   -22.595511    32.420547
v   -22.902094   -36.195843    22.229256
v   -19.948642   -39.149294    22.229256
v   -19.513743   -38.824490    22.551663
v   -14.482325   -34.250442    25.717151
v   -17.448451   -39.377842    22.551663
v    11.422273   -16.927159    33.302472
v    11.645340   -16.914759    33.267806
v    12.245485   -17.362949    32.822905
v    16.859542   -12.748892    32.822905
v    15.844982   -11.390414    33.830065
v    16.203288    -4.922211    34.834622
v    17.464825    -0.214022    34.834622
v    30.660607    12.766092    26.124030
v    30.762001    12.845700    26.027774
v    31.014870    13.128028    25.774220
v    30.692532    17.437765    25.335142
v    29.986951    20.985127    25.335142
v    29.838491    23.081933    25.033151
v    29.550887    23.210800    25.218059
v    25.262662    29.628511    25.218059
v    24.575990    29.932351    25.577460
v    23.935151    30.573191    25.577460
v    22.810154    30.845585    26.017292
v     9.965278    39.428269    26.017292
v     9.621428    40.195646    25.523954
v     9.600875    40.290943    25.449073
v     9.494685    40.424674    25.356722
v     5.363758    41.246379    25.356722
v     3.799546    39.845699    26.761581
v     2.776970    38.542919    27.997632
v     0.021444    37.994842    27.997632
v    -1.708083    35.817742    29.501967
v    -3.922726    33.780881    30.556537
v    -5.153365    33.501225    30.153357
v    -8.567133    31.220196    30.153357
v   -10.697578    30.704387    29.320417
v   -11.706245    31.015900    28.416089
v   -16.256109    29.002607    26.034557
v   -22.582359    19.534640    26.034557
v   -22.705334    18.993620    26.211791
v   -22.612914    18.864547    26.344563
v   -22.818923    15.956038    26.763499
v   -25.282325     3.571547    26.763499
v   -32.068960    -7.664242    20.662372
v   -33.999014   -11.736388    18.413611
v   -34.060604   -11.894302    18.337291
v   -33.764368   -15.856079    17.933701
v   -31.786769   -25.798063    17.933701
v   -31.310215   -32.527356    16.964495
v   -28.995685   -35.043990    18.162865
v   -28.097661   -35.446416    18.740196
v   -25.332200   -39.585221    18.740196
v   -23.577599   -40.361641    19.658568
v   -23.225802   -40.009844    20.094701
v   -20.362920   -39.766840    21.696936
v   -23.524572   -40.481601    19.595813
v   -20.393818   -42.573475    19.595813
v   -20.268308   -42.033756    20.059213
v   -17.448451   -41.015566    21.355142
v   -20.297493   -43.020227    19.244907
v   -19.875063   -43.551999    18.877421
v   -17.144268   -44.095212    18.877421
v   -17.144268   -42.228187    20.409640
v   -16.170335   -45.335990    17.700151
v   -13.326978   -47.882083    15.146522
v   -12.238771   -48.397892    14.545556
v    -6.665647   -47.981080    13.977747
v    -3.149320   -47.281664    13.977747
v     6.136890   -46.624109    12.640302
v     8.358795   -44.580603    13.698297
v    11.924928   -36.621836    18.814872
v    12.700663   -18.041537    32.238038
v    18.730472   -32.074576    18.814872
v    21.994204   -24.698826    22.675665
v    20.447187   -19.689331    27.166747
v    19.365077   -18.607221    28.508303
v    18.989027   -14.177524    30.987394
v    23.974886   -14.409703    27.166747
v    23.979956   -14.387506    27.174009
v    22.454726   -14.032831    28.483640
v    25.499500   -13.180297    26.124030
v    32.721172    13.128028    23.695020
v    32.579699    14.858651    23.533406
v    31.687361    20.492748    23.533406
v    31.447714    23.294861    23.176197
v    30.430140    23.395913    24.297700
v    30.951225    29.257120    20.225828
v    32.964861    26.136985    19.733792
v    32.949583    26.198095    19.715363
v    31.282880    29.469089    19.715363
v    31.783823    31.234788    17.587247
v    23.872807    39.145804    17.587247
v    23.360492    39.374010    17.853955
v    22.002562    40.592522    17.568476
v    19.756062    41.193763    18.394154
v    12.557615    44.861496    18.394154
v    11.962814    45.010231    18.573444
v     9.378150    43.630515    21.703924
v     9.258464    42.802233    22.736296
v     5.433912    41.556864    24.991908
v     7.681919    43.899210    21.703924
v     6.678321    43.223362    22.721087
v     5.433912    42.122275    24.302975
v     3.258319    41.777671    24.302975
v     1.849076    40.480783    25.611236
v     0.813689    39.698951    26.258789
v     0.090638    38.691448    27.229845
v    -9.361502    33.875356    27.229845
v   -10.425937    33.590493    26.838586
v   -11.607386    32.530374    27.087002
v   -17.935143    29.711545    23.792441
v   -18.810902    28.835786    23.792441
v   -23.223678    26.748296    21.023075
v   -24.279275    26.695338    19.828952
v   -25.289313    24.713148    19.828952
v   -26.002430    18.666075    22.577902
v   -28.528312    15.350207    20.479588
v   -28.650945    13.916369    20.662372
v   -37.265623   -16.653805    13.513458
v   -37.001518   -19.885337    13.211604
v   -36.371572   -23.862666    13.211604
v   -35.966132   -28.603054    12.607280
v   -33.647559   -31.673589    14.527469
v   -32.642180   -32.395064    15.496470
v   -29.924813   -37.728267    15.496470
v   -29.274930   -38.185089    15.980696
v   -28.515364   -39.031526    16.158684
v   -27.667214   -39.432787    16.691004
v   -24.582635   -42.517297    16.691004
v   -23.355970   -43.063799    17.329651
v   -23.124407   -43.271520    17.281009
v   -22.717118   -43.850975    16.849261
v   -19.692211   -45.392237    16.849261
v   -19.305542   -45.931065    16.329890
v   -18.911543   -46.228603    16.083460
v   -17.902259   -47.157388    15.146522
v   -11.938904   -48.663162    14.164368
v    -8.507940   -50.973581    10.687023
v    -3.980274   -50.603561    10.264044
v    -0.368787   -50.031574    10.264044
v     4.338169   -49.628942     9.664037
v     5.960066   -48.404264    10.678254
v     5.960957   -48.404058    10.677980
v    10.840763   -45.917706    10.677980
v    11.579365   -44.866905    11.460908
v    14.911881   -41.876663    12.161556
v    18.599482   -34.081361    17.053763
v    22.752606   -29.928237    17.053763
v    25.100911   -24.656624    19.798397
v    24.872911   -24.510904    20.149303
v    28.110540   -22.541046    17.555938
v    33.273565   -12.407988    17.555938
v    35.485331   -10.820756    15.424123
v    35.870561   -10.310565    15.105074
v    36.376505    -4.395920    15.859023
v    36.702405    -2.338027    15.859023
v    37.177108     3.470496    16.401619
v    35.793008     8.566244    19.071578
v    35.646877    10.230960    18.934901
v    34.200364    21.218745    18.934901
v    33.739773    26.001130    18.415392
v    34.668422    29.237800    14.252334
v    33.703806    31.566649    14.252334
v    33.183201    31.332072    15.385621
v    32.175903    31.543835    16.752183
v    33.934409    33.994152    10.866176
v    31.515676    37.146281    10.866176
v    30.909434    38.316632    10.194370
v    30.875590    38.557649     9.846478
v    30.602990    38.933219     9.577372
v    23.524093    44.365007     9.577372
v    22.934293    44.645622     9.855521
v    21.185516    44.479555    12.294876
v    18.913941    45.150744    13.033616
v    16.603658    46.107755    13.033616
v    14.962852    46.551630    13.466049
v    11.911637    45.676213    17.390488
v    11.892797    45.409505    17.894034
v     7.789411    44.363911    20.860913
v    10.094282    45.915517    17.390488
v     8.757453    45.336268    18.803362
v     7.789411    44.812032    20.022560
v     3.647249    43.995740    20.529532
v     4.008774    44.314310    20.022560
v     3.641151    44.082199    20.366342
v     2.836916    43.864612    20.154373
v    -6.424630    40.028345    20.154373
v    -9.248119    39.193966    19.236206
v   -11.735225    39.430188    15.766946
v   -16.294063    37.261240    13.616770
v   -26.722329    29.259381    13.616770
v   -26.200491    28.737543    15.108636
v   -26.257423    28.254413    15.616224
v   -31.169908    28.634436     7.197963
v   -31.330768    28.424796     7.197963
v   -27.602815    27.971605    13.790853
v   -35.261167    26.258452     1.975746
v   -36.571689    25.649333     0.034456
v   -38.796677    23.284654    -2.250409
v   -40.557855    19.032670    -2.250409
v   -40.573817    18.973820    -2.234858
v   -40.667607    17.309584    -1.305181
v   -40.868546    15.222848    -1.078483
v   -42.171394     5.326354    -1.078483
v   -42.951514    -3.561747    -0.348718
v   -42.159610    -8.824453     2.429074
v   -41.742318   -11.169607     3.787415
v   -39.366061   -16.653805     9.583812
v   -39.338314   -16.969772     9.557915
v   -38.289157   -24.938678     9.557915
v   -38.111101   -26.788302     9.356977
v   -37.313922   -28.203574    10.359615
v   -37.147170   -28.395950    10.598098
v   -34.828597   -33.993531    10.598098
v   -33.802734   -35.083794    11.651502
v   -32.803041   -36.428844    12.129083
v   -31.603163   -37.375442    13.219414
v   -29.413457   -40.229143    13.219414
v   -28.277019   -41.054068    14.033788
v   -27.515877   -41.815210    14.033788
v   -26.625114   -42.276623    14.545144
v   -23.167637   -44.929659    14.545144
v   -22.415127   -45.287691    14.900025
v   -21.419956   -46.027321    14.546720
v   -20.614556   -46.785106    13.768519
v   -17.760238   -47.967378    13.768519
v   -16.753215   -48.840054    12.520616
v   -15.469892   -49.562899    11.611355
v   -13.914106   -50.545465    10.156347
v    -8.507940   -51.257211    10.156347
v    -7.648350   -51.722666     9.073826
v    -6.046662   -52.416600     7.381021
v    -4.008295   -52.237722     7.213652
v     0.238756   -51.678614     7.213652
v     2.485804   -51.462192     6.969484
v     4.184501   -50.505386     8.172993
v     4.890288   -50.314450     7.986989
v     9.151794   -48.549230     7.986989
v     9.314984   -48.501068     7.933962
v    10.333997   -47.743694     8.295762
v    10.501571   -47.531314     8.488754
v    15.442968   -43.739647     8.488754
v    16.971487   -41.633934     9.997679
v    21.961182   -36.644238     9.997679
v    22.365937   -36.350469     9.707609
v    33.895290   -21.325136     9.707609
v    35.369070   -20.162459     8.368451
v    35.838156   -18.574816     8.884740
v    37.153952   -15.398297     8.884740
v    37.678736   -13.458652     9.395890
v    37.705181   -12.682643     9.937048
v    36.969319   -10.117847    13.235856
v    37.439843    -5.232012    13.766669
v    37.733818    -2.998597    13.766669
v    38.112197     1.312304    14.120590
v    39.165327     1.312304    10.649000
v    39.587415     3.422813     8.473545
v    39.232261     7.297308     8.205329
v    37.495199    22.713763     8.205329
v    36.862581    28.878399     7.655334
v    35.125792    29.446618    12.762455
v    36.894575    29.974553     6.275549
v    35.407710    34.223728     6.275549
v    34.908685    34.076980     8.103250
v    34.384449    34.305323     9.280246
v    35.228283    35.313922     4.712638
v    33.783277    37.613654     4.712638
v    33.666468    37.530757     5.234819
v    33.272126    38.940686     2.579727
v    29.734219    42.478593     2.579727
v    29.226494    42.674188     3.395746
v    27.954818    43.378742     4.020211
v    25.310277    45.040444     4.020211
v    24.978484    45.206031     4.152777
v    22.513507    45.611609     7.686711
v    21.695707    45.868931     7.909779
v    20.190961    46.395496     7.909779
v    18.838580    46.778876     8.208138
v    14.925857    46.664808    13.133366
v    14.507948    46.707695    13.170635
v    10.136004    46.060347    16.928527
v    12.414978    46.943505    13.170635
v    12.057563    46.976252    13.195367
v    10.136004    46.591913    15.176050
v     4.547055    45.959706    15.184340
v     9.513731    46.534845    15.132957
v     4.547534    45.975326    15.132957
v     2.562467    46.033217    12.634136
v    -2.747511    44.527923    11.462826
v    -5.800713    43.459515    11.462826
v   -10.643935    41.935586    10.141823
v   -15.501749    41.136284     3.177474
v   -20.788434    38.497977     1.064499
v   -26.302159    35.033443     1.064499
v   -29.589116    33.212320    -0.549520
v   -31.245611    28.710139     6.889807
v   -29.801701    33.130382    -0.891246
v   -35.954554    26.977530    -0.891246
v   -36.351499    26.638612    -1.206254
v   -36.658627    26.432467    -1.755358
v   -38.281073    24.633746    -3.276889
v   -39.253910    23.085496    -3.276889
v   -40.425905    21.582600    -4.782252
v   -40.439401    21.559101    -4.792529
v   -40.824083    20.930114    -5.339167
v   -41.913592    17.816487    -5.339167
v   -40.823124    18.173216    -2.132573
v   -42.055955    17.528267    -5.659861
v   -42.506201    16.308041    -6.549870
v   -43.034821    11.157211    -6.090376
v   -43.358598     8.283436    -6.090376
v   -43.889137     2.496494    -5.689800
v   -43.805555     0.707981    -4.749984
v   -40.334513   -23.664262     3.787415
v   -40.330951   -23.673510     3.795637
v   -39.684699   -25.424686     5.072999
v   -39.184853   -26.436984     6.199503
v   -37.394832   -31.552601     6.199503
v   -37.137099   -31.974003     6.565688
v   -37.081058   -32.071698     6.608232
v   -35.970037   -33.496357     8.035220
v   -34.586210   -35.698737     8.035220
v   -32.434596   -38.084106    10.053035
v   -32.083278   -38.504413    10.119352
v   -30.555856   -39.808768    11.331699
v   -28.164252   -42.200372    11.331699
v   -27.067207   -43.034682    12.018645
v   -25.477988   -44.363016    11.767968
v   -25.320005   -44.450571    11.845521
v   -20.241521   -47.641546    11.845521
v   -20.127041   -47.730882    11.730836
v   -18.319962   -48.766543    10.944071
v   -16.319001   -49.990399     9.205091
v   -13.808327   -50.868967     9.205091
v   -11.668496   -51.925592     6.823900
v   -10.909752   -52.205591     6.270479
v    -9.418639   -52.777920     4.937556
v    -6.046662   -53.157875     4.937556
v    -5.459672   -53.302156     4.243827
v    -5.088829   -53.376352     3.861543
v    -0.108451   -52.815190     3.861543
v     0.476759   -52.755107     3.809339
v     2.109070   -52.152770     5.000036
v     2.288976   -52.063913     5.200153
v     7.659859   -50.184556     5.200153
v     8.261511   -49.995264     5.036072
v     8.798147   -49.687655     5.269690
v    10.322076   -48.927198     4.660640
v    13.232366   -47.098538     4.660640
v    14.456703   -46.420156     4.059399
v    15.444817   -46.039516     2.471208
v    21.299584   -41.587005    -1.194812
v    28.963828   -33.922761    -1.194812
v    29.358238   -33.586036    -1.507833
v    32.264966   -30.108417    -2.056458
v    34.261474   -26.504946    -0.286991
v    35.632764   -20.344763     7.439186
v    35.263702   -24.909904    -0.286991
v    36.363077   -22.706908     0.593495
v    36.838191   -19.819705     4.732780
v    36.965619   -19.414676     4.843218
v    37.611597   -17.568615     4.843218
v    37.781090   -16.970594     4.975167
v    38.303887    -6.848566    10.457447
v    38.911636    -1.454595    10.457447
v    40.191465     3.422813     2.340423
v    40.191465    10.016868    -4.253632
v    39.232261    19.756201    -4.253632
v    39.136827    20.664296    -4.314605
v    38.383221    27.352689    -4.314605
v    37.974766    29.220673    -2.557538
v    37.058039    30.083895     4.715105
v    36.394043    34.431654    -2.557538
v    36.354170    34.555246    -2.531299
v    36.177210    34.566139    -0.602683
v    35.371331    35.424907     3.306135
v    36.227428    34.831203    -2.764917
v    34.339644    38.362876    -2.764917
v    34.210024    38.318276    -1.035048
v    33.378111    39.037970     1.474940
v    33.987367    38.887249    -3.576619
v    32.357180    40.873618    -3.576619
v    32.168573    41.062225    -3.224754
v    32.134935    41.028586    -2.587477
v    29.762925    42.509902     2.253142
v    29.950641    42.882458    -3.224754
v    28.783922    43.666345    -1.418565
v    28.777824    43.648670    -1.182618
v    27.540197    44.331163    -1.418565
v    27.229643    44.473800    -1.155693
v    24.640869    45.560500     2.191620
v    24.643335    45.520491     2.627410
v    24.030379    45.745682     2.191620
v    21.633432    46.269781     4.446204
v    18.762329    46.859786     7.565929
v    17.966247    46.943505     7.619366
v    15.701523    47.166504     7.619366
v    12.057563    47.166504    11.263395
v     5.644100    46.534845    11.263395
v     4.976131    46.464691    11.218521
v     2.730452    46.211616    11.218521
v    -4.859390    44.552107     4.079541
v    -6.272676    44.185032     3.394513
v    -9.548123    43.191436     3.394513
v   -15.281970    41.342498     2.177096
v   -18.729787    39.895163    -2.280965
v   -23.996535    37.475744    -6.740121
v   -25.990029    36.410213    -6.740121
v   -28.039496    35.243631    -7.541342
v   -29.835682    33.167446    -1.277093
v   -28.417601    34.989597    -8.126688
v   -33.192107    31.071256    -8.126688
v   -33.383386    30.902516    -8.249183
v   -34.617519    29.668383    -8.249183
v   -34.686714    29.589940    -8.198966
v   -39.281588    23.991057    -8.198966
v   -39.707650    23.419960    -7.754886
v   -39.690796    23.414137    -7.530312
v   -39.798562    23.260127    -7.817367
v   -41.335028    20.385599    -7.817367
v   -41.603860    19.800458    -8.312829
v   -41.616466    19.764422    -8.312829
v   -41.852413    19.032739    -8.468140
v   -42.747971    16.080383    -8.468140
v   -42.839295    15.662886    -8.860906
v   -43.271522    11.826482    -8.860906
v   -43.358598    10.998268    -8.805276
v   -43.889137     5.611902    -8.805276
v   -42.955967    -7.917591    -4.749984
v   -42.159610   -15.494622    -4.241094
v   -41.703679   -19.541145    -4.241094
v   -40.923354   -23.109813    -0.884464
v   -39.828021   -26.720683    -0.884464
v   -39.464714   -27.847393    -0.645228
v   -38.983160   -28.994381     0.837869
v   -38.204274   -30.690064     2.273489
v   -37.689629   -31.652762     2.273489
v   -37.576862   -31.850960     2.350973
v   -36.565523   -33.356117     4.681055
v   -35.239998   -35.133121     6.062553
v   -34.197281   -36.403701     6.062553
v   -31.451551   -39.516026     8.054951
v   -30.763577   -40.203932     8.054951
v   -29.315762   -41.481294     8.981818
v   -24.679097   -45.286458     8.981818
v   -24.362788   -45.522405     8.735868
v   -22.123070   -46.929730     8.735868
v   -18.733692   -48.858962     7.410823
v   -15.924796   -50.360351     7.410823
v   -13.152279   -51.634015     5.063476
v   -11.451595   -52.347885     2.864385
v   -11.089727   -52.464626     2.787585
v    -9.163441   -53.048944     2.787585
v    -8.005285   -53.302156     1.698213
v    -6.374892   -53.637237    -0.073309
v    -5.088829   -53.763911    -0.073309
v    -3.913340   -53.763911    -1.248867
v    -1.252973   -53.501862    -1.248867
v    -0.642004   -53.376284    -0.585008
v     0.030213   -53.229330     0.047336
v     5.456315   -51.583317     0.047336
v     6.158059   -51.357030     0.196345
v     6.529793   -51.226930     0.196345
v     7.350881   -50.849784     0.891512
v    12.834120   -47.918941     0.891512
v    14.616947   -46.904108     0.194495
v    14.792057   -46.794081     0.194495
v    20.206170   -42.755437    -4.014670
v    22.681355   -40.724057    -4.014670
v    25.335077   -38.382945    -5.713504
v    27.774089   -35.943933    -5.713504
v    28.155962   -35.511089    -5.436451
v    31.456209   -31.489777    -5.436451
v    32.889911   -29.567739    -3.942118
v    33.103319   -29.228068    -3.942118
v    34.552092   -26.682797    -2.947084
v    35.200879   -25.469080    -2.947084
v    36.061155   -23.596300    -1.361496
v    36.492354   -22.569203    -0.033437
v    36.841959   -21.485038     0.196756
v    37.613104   -18.942850     0.196756
v    38.112608   -16.658532     2.345424
v    38.911636    -9.566618     2.345424
v    38.919446    -9.492628     2.340423
v    39.663255    10.016868    -9.616910
v    39.605365    10.306184    -9.915133
v    39.136827    15.417552    -9.561280
v    38.532846    20.777611    -9.561280
v    37.801985    27.899944    -8.925922
v    37.535962    28.620734    -9.451665
v    37.325911    29.046179    -9.925067
v    34.831612    36.174540    -9.925067
v    34.909850    36.235240    -9.155566
v    33.862611    38.844293    -5.240856
v    34.660338    36.362805   -10.274877
v    32.887445    39.184375   -10.274877
v    32.785023    39.450261    -9.847514
v    32.968081    39.618178    -7.939862
v    32.250647    40.767017    -5.595393
v    31.367969    40.867315    -9.847514
v    30.984041    41.439439    -8.824733
v    31.053236    41.514799    -8.038927
v    29.927691    42.815798    -4.113598
v    29.907412    42.115903    -8.824733
v    28.562704    43.338801    -6.326460
v    28.577434    43.357778    -6.139566
v    27.738122    43.627295    -6.326460
v    25.473261    44.818952    -3.239415
v    24.580306    45.161706    -2.441209
v    18.319688    46.269781     1.132461
v    21.343499    45.526383    -2.441209
v    15.701523    46.793469     3.831262
v    12.115111    46.464691     4.079541
v    -7.094107    43.869750     2.660226
v   -16.878861    40.258949    -4.476973
v   -22.697455    37.385722   -10.952095
v   -24.921964    36.607316   -10.952095
v   -25.984549    35.957433   -11.875537
v   -28.414997    34.981924    -8.228836
v   -26.689445    35.316388   -13.185167
v   -26.853731    35.188275   -13.349727
v   -29.883296    33.284666   -13.349727
v   -30.537221    32.694798   -13.902874
v   -30.607512    32.636085   -13.913973
v   -30.640739    32.597171   -13.944871
v   -35.185053    28.052857   -13.944871
v   -36.130829    27.245197   -13.194142
v   -36.799552    26.445141   -13.067947
v   -38.059376    25.048435   -11.886498
v   -40.176119    21.679678   -11.886498
v   -40.705287    21.001158   -11.206814
v   -41.063250    20.376556   -10.934831
v   -41.105315    20.242962   -10.971278
v   -42.267034    16.922915   -10.971278
v   -42.457011    16.252685   -11.119122
v   -42.587042    15.900409   -10.862142
v   -42.973779    12.131624   -11.198387
v   -43.271522     9.489001   -11.198387
v   -43.595367     5.956369   -11.442898
v   -43.664288     5.611902   -11.087881
v   -42.955967    -2.114617   -10.552958
v   -42.403573    -7.017511   -10.552958
v   -41.343249   -17.349589    -9.631297
v   -41.415047   -19.812854    -6.530482
v   -40.666785   -22.452531    -5.948218
v   -40.190232   -23.814366    -5.948218
v   -39.533498   -25.901513    -5.378971
v   -39.159915   -28.172197    -2.123598
v   -38.785715   -28.921898    -1.823937
v   -37.781021   -30.520914    -1.823937
v   -37.777390   -30.527422    -1.820785
v   -37.112983   -32.252221     0.951527
v   -35.306041   -34.628273     2.439282
v   -32.385680   -37.548634     2.439282
v   -29.380572   -41.067701     5.232490
v   -25.177162   -44.581082     5.895595
v   -19.479009   -47.738213     3.097523
v   -15.859027   -50.012733     3.097523
v   -11.760299   -52.058226     1.459389
v    -8.338996   -52.621239    -3.445560
v    -6.505129   -53.262900    -3.445560
v    -6.565829   -53.353607    -2.579598
v    -6.431687   -53.496107    -1.449463
v    -4.752446   -53.211792    -5.651845
v    -3.816468   -53.317228    -5.651845
v    -3.816468   -53.344495    -5.410006
v    -3.913340   -53.496107    -3.967809
v    -1.189670   -53.344495    -2.783209
v    -2.514373   -52.997151    -7.190778
v    -0.666599   -52.788950    -7.190778
v    -0.653993   -52.784155    -7.202013
v    -0.367075   -52.633159    -7.593135
v     7.565796   -49.857285    -7.593135
v     8.203004   -49.656826    -7.419326
v     9.241199   -49.061751    -7.871353
v     9.831958   -48.601023    -8.463139
v    20.894418   -41.650034    -8.463139
v    21.409200   -41.364828    -8.210338
v    23.322811   -39.765333    -8.512261
v    24.247349   -39.062287    -7.933354
v    27.278079   -36.031556    -7.933354
v    28.223718   -35.223965    -7.182762
v    30.704933   -32.255441    -6.714430
v    31.180390   -31.728396    -6.268569
v    33.345158   -28.283183    -6.268569
v    33.628377   -27.919944    -5.904783
v    34.769816   -25.928369    -5.037725
v    35.168268   -24.662105    -5.383082
v    36.727343   -20.206579    -5.383082
v    36.893479   -19.620410    -5.512360
v    36.837164   -17.687410    -7.945617
v    38.113567    -5.248865    -9.055200
v    38.919446     1.903063    -9.055200
v    38.627732    10.306184   -13.137964
v    38.015393    17.283002   -12.565086
v    36.428092    29.339880   -12.565086
v    34.920058    31.727715   -14.798364
v    34.640127    32.224684   -15.150435
v    34.448985    36.300666   -11.049036
v    33.747515    33.254659   -16.426839
v    32.423977    36.450017   -16.426839
v    32.441584    36.635199   -16.168626
v    32.920603    36.966375   -14.480479
v    32.489678    38.902184   -12.052566
v    31.424695    39.294059   -13.812373
v    30.994865    38.520516   -16.168626
v    30.952526    38.821890   -15.733590
v    31.024119    40.382609   -12.013584
v    30.195632    40.567037   -13.052670
v    29.766761    39.731767   -15.733590
v    29.707021    39.860291   -15.543270
v    29.751689    41.586324   -10.764241
v    28.274827    41.655587   -12.250284
v    27.813140    40.644727   -15.543270
v    27.749220    43.262070    -7.526407
v    21.343499    42.313554   -13.032459
v    27.394888    40.524766   -16.081276
v    21.067953    41.357707   -16.081276
v    20.741505    41.216234   -16.426291
v    14.516511    40.669870   -15.915209
v   -15.519904    36.715492   -15.915209
v   -23.157361    35.980041   -15.085488
v   -24.121840    35.436828   -15.768803
v   -25.034251    34.646158   -16.899418
v   -27.542390    33.607209   -16.899418
v   -27.884527    33.285351   -17.229977
v   -28.150002    32.714049   -18.076209
v   -31.560687    30.096980   -18.076209
v   -31.659546    29.960783   -18.173767
v   -31.751007    29.869322   -18.173767
v   -33.295762    28.748025   -17.066787
v   -35.441759    25.951255   -17.066787
v   -37.222188    24.546738   -15.449000
v   -37.996758    23.504501   -15.078911
v   -39.392642    22.020924   -13.645484
v   -41.120182    17.850399   -13.645484
v   -41.223083    17.731603   -13.498325
v   -41.965523    16.413477   -12.564401
v   -42.321773    12.714161   -12.966347
v   -42.669254    10.074827   -12.966347
v   -43.030711     5.956369   -13.304443
v   -42.676173     5.138226   -14.169240
v   -41.904891    -3.649782   -13.447696
v   -41.667780    -5.451174   -13.447696
v   -40.729540   -15.194207   -12.389154
v   -40.736733   -15.267992   -12.337155
v   -41.334754   -17.352330    -9.656235
v   -40.316838   -21.114812    -8.664626
v   -39.747522   -22.489321    -8.664626
v   -38.948905   -25.191753    -7.785784
v   -39.036872   -26.117866    -6.494034
v   -38.518665   -27.207033    -5.980349
v   -35.260140   -31.453673    -5.980349
v   -34.398083   -32.079440    -6.598101
v   -33.446141   -32.213171    -7.971925
v   -27.312608   -35.390443   -11.492773
v   -10.312005   -48.435504   -11.492773
v    -9.110483   -49.958542   -10.108810
v    -9.081435   -50.021023   -10.016185
v    -9.100412   -50.048496    -9.919449
v    -8.194235   -52.128928    -5.248460
v    -4.673523   -51.846806   -10.016185
v    -4.873503   -52.284651    -8.589950
v    -4.771150   -52.597397    -7.670345
v    -2.514373   -52.263207    -9.610265
v    -3.251674   -51.438899   -11.844913
v    -2.376874   -51.554064   -11.844913
v    -2.376874   -51.786243   -11.131590
v    -0.350358   -52.086247    -9.389732
v    -0.585278   -50.583967   -14.101141
v     0.173878   -50.484011   -14.101141
v     0.652897   -50.181473   -14.549195
v     1.780086   -49.028524   -16.428620
v     2.357623   -48.528061   -17.144272
v     9.286073   -45.658191   -17.144272
v    10.769924   -45.219661   -16.661758
v    11.283541   -45.268440   -15.945353
v    17.125702   -42.489003   -13.189963
v    17.612052   -42.115762   -13.189963
v    23.599179   -39.014330    -9.753176
v    24.790014   -37.823495    -9.753176
v    27.238686   -36.046012    -7.998438
v    30.932864   -31.231701    -7.998438
v    31.258422   -30.547358    -8.321187
v    32.747822   -28.543314    -7.609646
v    34.117878   -23.907060    -9.117338
v    35.342283   -20.951074    -9.117338
v    36.165837   -17.907052    -9.919586
v    35.446760   -15.400832   -13.143034
v    35.400653   -14.929280   -13.475511
v    36.391097    -4.643788   -14.592972
v    37.159639     1.193714   -14.592972
v    37.789653     8.371882   -15.182361
v    37.033786     8.371882   -16.596469
v    36.002168     9.903964   -18.149172
v    31.984350    20.206583   -23.128316
v    31.527871    21.169760   -23.660157
v    29.988459    30.889294   -23.660157
v    29.882680    32.125482   -23.502585
v    30.456380    33.200193   -22.200970
v    31.445111    33.658386   -20.343810
v    31.554315    36.058279   -18.319966
v    29.452302    35.170737   -22.200970
v    29.592815    35.665993   -21.604045
v    30.398694    36.301146   -19.887741
v    30.227626    37.753208   -18.362168
v    28.529477    36.729331   -21.604045
v    29.412155    37.849327   -19.218881
v    29.255200    38.596151   -18.205624
v    28.092454    36.605329   -22.130747
v    26.865925    37.230274   -22.130747
v    27.461137    38.514488   -19.718591
v    27.312471    39.362226   -18.276462
v    24.812485    36.134188   -24.617922
v    20.538716    36.811063   -24.617922
v    20.741505    37.687918   -23.027402
v    18.958198    35.746697   -26.219815
v    -4.268631    33.848569   -24.050114
v   -10.304401    32.892585   -24.050114
v   -24.639293    31.666536   -22.222687
v   -25.257867    31.996684   -21.473534
v   -25.432703    32.373967   -20.764939
v   -28.050457    32.493037   -18.557284
v   -28.398007    30.396710   -21.473534
v   -28.485905    30.421647   -21.367550
v   -28.751037    30.303536   -21.229503
v   -31.061388    27.993185   -21.229503
v   -31.583226    27.746345   -20.902095
v   -32.003670    27.725244   -20.426433
v   -34.137266    26.225431   -18.836666
v   -36.113633    22.346619   -18.836666
v   -37.886183    21.074600   -17.128172
v   -40.198795    18.011945   -15.212916
v   -40.221061    17.751265   -15.246143
v   -41.518291     9.561004   -15.246143
v   -41.850837     5.491805   -15.626235
v   -42.088977     5.138226   -15.267861
v   -41.331397    -4.131267   -14.401967
v   -40.946784    -6.559661   -14.401967
v   -40.280253   -14.352566   -13.408509
v   -39.621876   -19.728450   -10.992995
v   -36.584980   -25.688653   -10.992995
v   -36.303131   -25.886783   -11.202977
v   -33.872408   -28.595655   -11.772567
v   -28.135341   -31.309665   -15.373023
v   -23.619253   -35.825685   -15.373023
v   -17.219766   -38.676509   -18.704922
v   -12.487050   -42.923149   -17.709888
v   -11.037111   -44.985837   -16.172942
v    -3.004491   -49.078673   -16.172942
v    -3.289491   -49.693615   -15.017869
v    -3.174464   -50.349321   -13.902395
v    -1.897581   -48.487846   -17.513607
v    -0.363581   -48.730781   -17.513607
v    -0.585278   -49.689573   -15.774421
v    -0.095777   -48.550463   -17.784974
v     1.553662   -47.091002   -19.881712
v     2.639746   -46.918974   -19.881712
v     4.027203   -45.642091   -21.169762
v     4.782796   -45.453279   -20.942105
v     7.619233   -44.007999   -20.942105
v     8.164296   -43.862142   -20.741783
v    10.892625   -44.636164   -17.453456
v    16.168553   -42.285872   -14.706561
v    17.113439   -41.340986   -14.706561
v    24.804264   -37.702781    -9.879987
v    31.216974   -30.556059    -8.377365
v    33.412571   -22.352165   -11.392818
v    33.995109   -21.208875   -11.392818
v    35.016108   -14.208833   -14.348119
v    35.787185    -5.193236   -15.497437
v    36.072390    -3.392802   -15.497437
v    28.077998    25.022401   -27.120374
v    27.997294    25.085704   -27.196900
v    26.832972    30.939238   -27.196900
v    27.500941    31.872202   -26.237148
v    28.278389    32.284836   -25.270819
v    28.479670    34.549149   -23.697769
v    26.365668    33.571310   -26.237148
v    27.413181    34.618823   -24.633679
v    27.358441    35.456833   -23.898297
v    25.702289    33.366466   -26.831880
v    24.273931    34.320874   -26.831880
v    24.753978    35.225270   -25.707637
v    24.724313    35.523972   -25.378379
v    21.416941    32.275313   -29.770807
v    18.767467    32.802358   -29.770807
v    18.958198    33.646328   -28.779130
v    14.722109    29.179841   -33.404080
v    13.297245    28.044499   -34.512498
v     9.908072    26.378618   -35.888309
v     9.738648    26.365944   -35.871044
v    -1.655878    24.099439   -35.871044
v    -9.901221    23.515531   -34.683498
v   -12.633729    24.120266   -33.392433
v   -21.140094    26.560374   -28.746451
v   -21.195724    26.587093   -28.703906
v   -24.676631    29.079337   -25.123249
v   -24.861675    29.427983   -24.689926
v   -27.954612    29.702912   -22.541189
v   -26.730824    27.706815   -25.123249
v   -27.945912    28.082042   -24.033946
v   -28.053403    28.189534   -23.869317
v   -30.033058    24.958344   -24.033946
v   -30.372318    24.806322   -23.815811
v   -31.303981    24.605588   -23.083991
v   -33.866448    22.569892   -21.313359
v   -35.839594    12.650105   -21.313359
v   -37.492116     9.993232   -20.049561
v   -37.653525     9.866557   -19.896373
v   -41.570907     5.491805   -15.967344
v   -40.721456    -5.867645   -14.810079
v   -39.657227   -11.217838   -14.810079
v   -39.429295   -14.437107   -14.346406
v   -35.650508   -18.545768   -16.302905
v   -31.920705   -20.216993   -18.700743
v   -27.587743   -23.749625   -20.510836
v   -22.280917   -31.691881   -20.510836
v   -20.799464   -32.347450   -21.286229
v   -17.411798   -35.735115   -21.286229
v   -15.695152   -36.150763   -21.957418
v    -6.372974   -42.379593   -21.957418
v    -2.396673   -43.283304   -23.260335
v    -2.010073   -43.769996   -22.924021
v    -1.686502   -47.027288   -19.334046
v     1.825577   -44.532920   -22.924021
v     1.825577   -44.768867   -22.658751
v     1.553662   -45.972171   -21.244986
v     4.003499   -45.478079   -21.374195
v     2.411951   -43.785822   -23.632890
v     4.051250   -43.459785   -23.632890
v     4.179980   -43.702240   -23.331448
v     4.078997   -43.331124   -23.733942
v     7.451727   -41.077498   -23.733942
v     8.291244   -41.917016   -22.448838
v     6.987574   -39.574533   -25.081390
v     8.186767   -34.621628   -27.017747
v    15.550596   -23.600890   -27.017747
v    32.835035   -15.856079   -15.905754
v    34.283055   -14.281658   -15.156053
v    35.080302    -3.022507   -16.777677
v    35.077150    -2.465524   -16.889073
v    24.637923    25.208816   -29.933792
v    26.695610    30.907312   -27.314805
v    25.128589    25.085704   -29.551165
v    23.991603    25.208816   -30.405960
v    22.758086    29.812391   -30.405960
v    24.525156    30.997882   -28.882854
v    24.635662    32.299839   -28.154254
v    21.357886    32.021622   -29.988668
v    22.563108    29.802662   -30.511602
v    20.887910    31.477861   -30.511602
v    20.647783    31.319603   -30.680684
v    16.908389    28.526944   -33.453064
v    14.830628    27.633647   -34.512498
v     8.389761    24.752610   -36.974872
v     7.758171    24.194873   -37.329478
v     6.857474    23.691875   -37.595227
v     0.671258    23.259099   -36.940617
v    -1.116433    22.780080   -36.940617
v    -6.403255    22.487270   -36.119529
v    -8.289669    22.822693   -35.505203
v   -26.020653    26.996644   -26.003667
v   -22.807687    24.892781   -28.746451
v   -25.722636    25.038638   -27.167440
v   -25.862464    25.132496   -27.046932
v   -28.468229    19.533270   -26.239272
v   -26.964716    20.403000   -27.167440
v   -36.600394    -2.752305   -18.700743
v   -20.428552   -27.977287   -23.732024
v   -17.490721   -27.830265   -25.323366
v   -10.744438   -29.495119   -27.944682
v    -4.996889   -35.242668   -27.944682
v    -3.225024   -35.643655   -28.526535
v    -3.082387   -35.789512   -28.488992
v    -2.246158   -37.205607   -27.851783
v    -2.053920   -41.809250   -24.525982
v     1.559211   -38.225236   -27.851783
v     2.148874   -39.244591   -27.222522
v     2.148874   -40.291624   -26.457543
v     2.411951   -41.340370   -25.639812
v     3.726446   -41.815005   -25.035694
v     3.539551   -38.871967   -27.222522
v     3.831129   -39.306592   -26.847911
v     3.395133   -35.985449   -28.786050
v     3.584562   -35.217730   -29.084341
v     7.873335   -30.929026   -29.084341
v     9.474475   -23.854581   -31.407366
v     8.405039   -22.422592   -32.469060
v     9.697063     0.905152   -36.091851
v    14.628867    19.310751   -36.091851
v    16.863789    21.085493   -34.806404
v    19.532994    28.616486   -32.301143
v    11.576625    18.348122   -37.585430
v     9.865939    22.478158   -37.585430
v    10.157858    23.200866   -37.329478
v    13.532233    26.575241   -35.264186
v     5.575384    22.200625   -38.208731
v     1.411436    21.884111   -37.781505
v    -0.318912    21.167363   -37.781505
v    -2.796496    21.030275   -37.396754
v   -21.617606    24.426915   -29.449292
v   -20.191372    20.403000   -30.787902
v   -10.551309    17.362610   -35.505203
v   -10.279121    17.128581   -35.617148
v    -8.738681    -3.136713   -33.538085
v    -5.038474   -12.069756   -33.538085
v    -4.086670   -29.267803   -30.866962
v    -3.987399   -29.367005   -30.866962
v    -3.086634   -31.589801   -30.305868
v     1.221527   -33.374272   -30.305868
v     1.221527   -34.264076   -29.920775
v     1.559211   -35.334745   -29.396813
v     2.303089   -30.826604   -31.214580
v     3.418906   -30.364438   -31.214580
v     6.661537   -22.363126   -33.234313
v     5.959655   -20.625721   -33.849530
v     7.281343     3.253457   -37.558369
v     8.134631     5.313543   -37.558369
v     8.954075    16.093332   -38.664320
v     8.235272    16.093332   -38.882318
v     8.060298    17.412965   -38.769619
v     9.321904    21.934123   -37.818842
v     5.254485    20.218778   -38.769619
v     5.575384    20.888665   -38.606704
v     5.174260    20.131017   -38.786130
v     3.968216    19.971115   -38.683092
v     0.208132    16.210963   -38.683092
v    -1.707809    17.128581   -38.217226
v     0.830680    15.641990   -38.800449
v     1.430893    11.114598   -38.413643
v     5.320940     7.224551   -38.413643
v     5.685754     5.769748   -38.234491
v     5.685754   -20.549264   -33.907147
v     2.303089   -27.611720   -32.189815
v     6.384278     6.468273   -38.234491
v     7.581005    15.495379   -39.005704
v     5.320940    15.495379   -39.228292
v     5.174260    15.641990   -39.228292
f      1      2      3
f      1      3      4
f      1      4      5
f      6      5      4
f      6      4      7
f      6      7      8
f      6      8      9
f     10     11      1
f     10      1      5
f     10      5      6
f     12     13     14
f     12     14      2
f     12      2      1
f     12      1     11
f     14     15     16
f     14     16     17
f     14     17     18
f     14     18     19
f     14     19     20
f     14     20      3
f     14      3      2
f      4      3     20
f      4     20     21
f      4     21     22
f      4     22      7
f     21     23     24
f     21     24     22
f     24     23     25
f     24     25     26
f     24     26     27
f      7     22     24
f      7     24     27
f      7     27     28
f      7     28     29
f      7     29      8
f      9      8     29
f      9     29     30
f      9     30     31
f      9     31     32
f     33     10      6
f     33      6      9
f     33      9     32
f     33     34     35
f     33     35     36
f     33     36     12
f     33     12     11
f     33     11     10
f     37     38     39
f     37     39     40
f     37     40     35
f     37     35     34
f     35     40     41
f     35     41     36
f     36     41     42
f     36     42     13
f     36     13     12
f     42     43     44
f     42     44     45
f     42     45     15
f     42     15     14
f     42     14     13
f     17     46     47
f     17     47     48
f     17     48     49
f     17     49     50
f     17     50     18
f     18     50     51
f     18     51     52
f     18     52     19
f     52     51     53
f     20     19     52
f     20     52     53
f     20     53     54
f     20     54     55
f     20     55     56
f     20     56     57
f     20     57     25
f     20     25     23
f     20     23     21
f     55     58     59
f     55     59     60
f     55     60     61
f     55     61     62
f     55     62     56
f     56     62     63
f     56     63     64
f     56     64     65
f     56     65     57
f     57     65     26
f     57     26     25
f     27     26     65
f     27     65     64
f     27     64     66
f     27     66     67
f     27     67     68
f     27     68     28
f     29     28     68
f     29     68     69
f     29     69     30
f     31     30     69
f     31     69     70
f     31     70     71
f     31     71     72
f     72     71     73
f     72     73     74
f     72     74     75
f     72     75     76
f     72     76     77
f     32     31     72
f     32     72     77
f     32     77     78
f     32     78     79
f     32     79     80
f     32     80     81
f     32     81     82
f     32     82     37
f     32     37     34
f     32     34     33
f     79     83     84
f     79     84     85
f     79     85     80
f     81     86     82
f     80     85     87
f     80     87     86
f     80     86     81
f     88     39     38
f     89     43     42
f     89     42     41
f     89     41     40
f     89     40     39
f     89     39     88
f     90     91     92
f     90     92     44
f     90     44     43
f     90     43     89
f     92     93     45
f     92     45     44
f     45     93     94
f     45     94     16
f     45     16     15
f     95     96     97
f     95     97     98
f     95     98     99
f     95     99     47
f     95     47     46
f     47     99    100
f     47    100    101
f     47    101     48
f     48    101    102
f     48    102    103
f     48    103     49
f     53     51     50
f     53     50     49
f     53     49    103
f     53    103    104
f     53    104    105
f     53    105     54
f     54    105    106
f     54    106     58
f     54     58     55
f    106    107     59
f    106     59     58
f     59    107    108
f     59    108    109
f     59    109    110
f     59    110    111
f     59    111    112
f     59    112     60
f     60    112    113
f     60    113    114
f     60    114     61
f     61    114    115
f     61    115     63
f     61     63     62
f     64     63    115
f     64    115    116
f     64    116    117
f     64    117     66
f     67     66    117
f     67    117    118
f     69     68     67
f     69     67    118
f     69    118    119
f     69    119    120
f     69    120    121
f     69    121    122
f     69    122    123
f     69    123     70
f     70    123    124
f     70    124     73
f     70     73     71
f     73    124    125
f     73    125     74
f     75    126    127
f     75    127    128
f     75    128    129
f     75    129    130
f     75    130     76
f     77     76    130
f     77    130    131
f     77    131    132
f     77    132    133
f     77    133     78
f     78    133    134
f     78    134    135
f     78    135    136
f     78    136     83
f     78     83     79
f    136    137     84
f    136     84     83
f    135    138    139
f    135    139    140
f    135    140    137
f    135    137    136
f     84    137    140
f     84    140    141
f     84    141     87
f     84     87     85
f    141    140    139
f    141    139    142
f    141    142    143
f    141    143    144
f    141    144    145
f    145    144    146
f    145    146    147
f    145    147    148
f    145    148    149
f    145    149    150
f     82     86     87
f     82     87    141
f     82    141    145
f     82    145    150
f     82    150    151
f     82    151    152
f     82    152    153
f     82    153    154
f     82    154     90
f     82     90     89
f     82     89     88
f     82     88     38
f     82     38     37
f    153    155    156
f    153    156    157
f    153    157    158
f    153    158    154
f    154    158    159
f    154    159     91
f    154     91     90
f    157    160    161
f    157    161    162
f    157    162    159
f    157    159    158
f    159    162     94
f    159     94     93
f    159     93     92
f    159     92     91
f     16     94    162
f     16    162    161
f     16    161    163
f     16    163     95
f     16     95     46
f     16     46     17
f     97    164    165
f     97    165    166
f     97    166     98
f     98    166    167
f     98    167    168
f     98    168    100
f     98    100     99
f    169    168    167
f    169    167    170
f    169    170    171
f    169    171    172
f    100    168    169
f    100    169    102
f    100    102    101
f    103    102    169
f    103    169    172
f    103    172    173
f    103    173    174
f    103    174    175
f    103    175    104
f    104    175    176
f    104    176    177
f    104    177    108
f    104    108    107
f    104    107    106
f    104    106    105
f    177    178    179
f    177    179    180
f    177    180    181
f    177    181    109
f    177    109    108
f    109    181    182
f    109    182    110
f    180    183    184
f    180    184    185
f    180    185    182
f    180    182    181
f    110    182    185
f    110    185    186
f    110    186    187
f    110    187    111
f    113    112    111
f    113    111    187
f    113    187    188
f    113    188    189
f    116    115    114
f    116    114    113
f    116    113    189
f    116    189    190
f    118    117    116
f    118    116    190
f    118    190    191
f    118    191    192
f    118    192    119
f    119    192    193
f    119    193    194
f    119    194    120
f    120    194    195
f    120    195    121
f    121    195    196
f    121    196    197
f    121    197    198
f    121    198    122
f    122    198    199
f    122    199    200
f    122    200    125
f    122    125    124
f    122    124    123
f     74    125    200
f     74    200    126
f     74    126     75
f    128    201    202
f    128    202    203
f    128    203    129
f    130    129    203
f    130    203    204
f    130    204    205
f    130    205    206
f    130    206    131
f    131    206    207
f    131    207    208
f    131    208    132
f    132    208    209
f    132    209    210
f    132    210    134
f    132    134    133
f    134    210    211
f    134    211    212
f    134    212    138
f    134    138    135
f    212    213    142
f    212    142    139
f    212    139    138
f    142    213    214
f    142    214    215
f    142    215    143
f    143    215    216
f    143    216    217
f    143    217    146
f    143    146    144
f    146    217    218
f    146    218    147
f    148    219    220
f    148    220    221
f    148    221    222
f    148    222    149
f    150    149    222
f    150    222    223
f    150    223    224
f    150    224    151
f    151    224    225
f    151    225    226
f    151    226    227
f    151    227    152
f    152    227    228
f    152    228    229
f    152    229    155
f    152    155    153
f    229    230    231
f    229    231    232
f    229    232    156
f    229    156    155
f    156    232    160
f    156    160    157
f    231    233    234
f    231    234    163
f    231    163    161
f    231    161    160
f    231    160    232
f    163    234    235
f    163    235    236
f    163    236    237
f    163    237     96
f    163     96     95
f    237    238    239
f    237    239    240
f    237    240    164
f    237    164     97
f    237     97     96
f    240    241    242
f    240    242    165
f    240    165    164
f    165    242    243
f    165    243    170
f    165    170    167
f    165    167    166
f    170    243    244
f    170    244    245
f    170    245    246
f    170    246    171
f    172    171    246
f    172    246    247
f    172    247    173
f    246    245    248
f    246    248    249
f    246    249    247
f    173    247    249
f    173    249    250
f    173    250    174
f    174    250    251
f    174    251    252
f    174    252    253
f    174    253    254
f    174    254    255
f    174    255    176
f    174    176    175
f    176    255    256
f    176    256    178
f    176    178    177
f    256    257    258
f    256    258    259
f    256    259    260
f    256    260    179
f    256    179    178
f    179    260    261
f    179    261    183
f    179    183    180
f    261    260    259
f    261    259    262
f    261    262    263
f    261    263    264
f    265    184    183
f    265    183    261
f    265    261    264
f    265    264    266
f    265    266    267
f    186    185    184
f    186    184    265
f    188    187    186
f    188    186    265
f    188    265    267
f    188    267    268
f    188    268    269
f    190    189    188
f    190    188    269
f    190    269    270
f    190    270    191
f    191    270    271
f    191    271    272
f    191    272    273
f    191    273    274
f    191    274    193
f    191    193    192
f    193    274    275
f    193    275    196
f    193    196    195
f    193    195    194
f    273    276    277
f    273    277    278
f    273    278    275
f    273    275    274
f    196    275    278
f    196    278    197
f    279    280    281
f    279    281    282
f    279    282    283
f    200    199    284
f    200    284    285
f    200    285    127
f    200    127    126
f    127    285    286
f    127    286    287
f    127    287    288
f    127    288    289
f    127    289    290
f    127    290    201
f    127    201    128
f    290    291    292
f    290    292    202
f    290    202    201
f    203    202    292
f    203    292    293
f    203    293    294
f    203    294    295
f    203    295    204
f    204    295    296
f    204    296    297
f    204    297    205
f    205    297    298
f    205    298    299
f    205    299    207
f    205    207    206
f    207    299    300
f    207    300    301
f    207    301    209
f    207    209    208
f    209    301    302
f    209    302    303
f    209    303    211
f    209    211    210
f    211    303    304
f    211    304    305
f    211    305    214
f    211    214    213
f    211    213    212
f    305    306    216
f    305    216    215
f    305    215    214
f    216    306    307
f    216    307    308
f    216    308    218
f    216    218    217
f    147    218    308
f    147    308    309
f    147    309    310
f    147    310    219
f    147    219    148
f    310    311    312
f    310    312    220
f    310    220    219
f    220    312    313
f    220    313    314
f    220    314    315
f    220    315    316
f    220    316    221
f    222    221    316
f    222    316    317
f    222    317    318
f    222    318    223
f    223    318    319
f    223    319    320
f    223    320    225
f    223    225    224
f    225    320    321
f    225    321    322
f    225    322    323
f    225    323    226
f    226    323    324
f    226    324    325
f    226    325    228
f    226    228    227
f    228    325    326
f    228    326    230
f    228    230    229
f    326    327    328
f    326    328    233
f    326    233    231
f    326    231    230
f    328    329    330
f    328    330    235
f    328    235    234
f    328    234    233
f    235    330    331
f    235    331    332
f    235    332    333
f    235    333    334
f    235    334    236
f    236    334    335
f    236    335    238
f    236    238    237
f    335    336    337
f    335    337    239
f    335    239    238
f    239    337    338
f    239    338    339
f    239    339    340
f    239    340    341
f    239    341    241
f    239    241    240
f    341    342    343
f    341    343    244
f    341    244    243
f    341    243    242
f    341    242    241
f    344    345    346
f    344    346    343
f    344    343    342
f    244    343    346
f    244    346    347
f    244    347    248
f    244    248    245
f    347    346    345
f    347    345    348
f    347    348    349
f    347    349    350
f    249    248    347
f    249    347    350
f    249    350    251
f    249    251    250
f    251    350    349
f    251    349    351
f    251    351    352
f    251    352    353
f    251    353    252
f    252    353    354
f    252    354    253
f    253    354    355
f    253    355    356
f    253    356    357
f    253    357    254
f    254    357    358
f    254    358    257
f    254    257    256
f    254    256    255
f    358    359    360
f    358    360    361
f    358    361    258
f    358    258    257
f    258    361    362
f    258    362    363
f    258    363    262
f    258    262    259
f    363    362    364
f    363    364    365
f    363    365    366
f    367    263    262
f    367    262    363
f    367    363    366
f    367    366    368
f    367    368    369
f    264    263    367
f    264    367    266
f    267    266    367
f    267    367    369
f    267    369    370
f    267    370    371
f    267    371    372
f    267    372    268
f    269    268    372
f    269    372    373
f    269    373    271
f    269    271    270
f    271    373    374
f    271    374    375
f    271    375    376
f    271    376    272
f    272    376    377
f    272    377    378
f    272    378    276
f    272    276    273
f    377    379    380
f    377    380    378
f    277    276    378
f    277    378    380
f    277    380    381
f    277    381    280
f    277    280    279
f    381    382    383
f    381    383    384
f    381    384    281
f    381    281    280
f    281    384    385
f    281    385    386
f    281    386    282
f    283    282    386
f    283    386    387
f    283    387    388
f    283    388    389
f    284    389    388
f    284    388    390
f    284    390    391
f    284    391    392
f    284    392    286
f    284    286    285
f    286    392    393
f    286    393    394
f    286    394    395
f    286    395    287
f    289    396    397
f    289    397    291
f    289    291    290
f    292    291    397
f    292    397    398
f    292    398    399
f    292    399    293
f    293    399    400
f    293    400    401
f    293    401    294
f    294    401    402
f    294    402    403
f    294    403    296
f    294    296    295
f    296    403    404
f    296    404    405
f    296    405    298
f    296    298    297
f    298    405    406
f    298    406    407
f    298    407    300
f    298    300    299
f    300    407    408
f    300    408    409
f    300    409    302
f    300    302    301
f    302    409    410
f    302    410    411
f    302    411    304
f    302    304    303
f    304    411    412
f    304    412    307
f    304    307    306
f    304    306    305
f    308    307    412
f    308    412    413
f    308    413    414
f    308    414    309
f    309    414    415
f    309    415    416
f    309    416    311
f    309    311    310
f    416    417    418
f    416    418    313
f    416    313    312
f    416    312    311
f    313    418    419
f    313    419    420
f    313    420    314
f    314    420    421
f    314    421    422
f    314    422    423
f    314    423    315
f    316    315    423
f    316    423    424
f    316    424    425
f    316    425    426
f    316    426    317
f    317    426    427
f    317    427    319
f    317    319    318
f    319    427    428
f    319    428    429
f    319    429    321
f    319    321    320
f    321    429    430
f    321    430    431
f    321    431    322
f    322    431    432
f    322    432    324
f    322    324    323
f    324    432    433
f    324    433    434
f    324    434    435
f    324    435    327
f    324    327    326
f    324    326    325
f    435    436    437
f    435    437    438
f    435    438    439
f    435    439    329
f    435    329    328
f    435    328    327
f    438    440    441
f    438    441    442
f    438    442    439
f    439    442    443
f    439    443    331
f    439    331    330
f    439    330    329
f    331    443    444
f    331    444    445
f    331    445    332
f    333    446    336
f    333    336    335
f    333    335    334
f    447    338    337
f    447    337    336
f    447    336    446
f    339    448    449
f    339    449    450
f    339    450    340
f    340    450    451
f    340    451    452
f    340    452    453
f    340    453    454
f    340    454    344
f    340    344    342
f    340    342    341
f    453    455    456
f    453    456    457
f    453    457    454
f    454    457    458
f    454    458    348
f    454    348    345
f    454    345    344
f    458    457    456
f    458    456    459
f    458    459    460
f    458    460    461
f    349    348    458
f    349    458    461
f    349    461    462
f    349    462    351
f    461    460    463
f    461    463    464
f    461    464    465
f    461    465    466
f    461    466    462
f    351    462    466
f    351    466    467
f    351    467    352
f    466    465    468
f    466    468    469
f    466    469    470
f    466    470    467
f    352    467    470
f    352    470    355
f    352    355    354
f    352    354    353
f    355    470    469
f    355    469    471
f    355    471    472
f    355    472    473
f    355    473    474
f    355    474    356
f    356    474    359
f    356    359    358
f    356    358    357
f    473    475    476
f    473    476    477
f    473    477    360
f    473    360    359
f    473    359    474
f    360    477    478
f    360    478    364
f    360    364    362
f    360    362    361
f    364    478    479
f    364    479    480
f    364    480    365
f    366    365    480
f    366    480    481
f    366    481    368
f    369    368    481
f    369    481    482
f    369    482    483
f    369    483    370
f    370    483    484
f    370    484    485
f    370    485    486
f    370    486    371
f    372    371    486
f    372    486    487
f    372    487    374
f    372    374    373
f    374    487    488
f    374    488    489
f    374    489    490
f    374    490    375
f    375    490    491
f    375    491    492
f    375    492    379
f    375    379    377
f    375    377    376
f    491    493    494
f    491    494    492
f    380    379    492
f    380    492    494
f    380    494    495
f    380    495    496
f    380    496    497
f    380    497    382
f    380    382    381
f    497    498    499
f    497    499    500
f    497    500    383
f    497    383    382
f    383    500    385
f    383    385    384
f    386    385    500
f    386    500    499
f    386    499    501
f    386    501    502
f    386    502    387
f    388    387    502
f    388    502    503
f    388    503    504
f    388    504    390
f    390    504    505
f    390    505    506
f    390    506    391
f    391    506    507
f    391    507    508
f    391    508    509
f    391    509    393
f    391    393    392
f    393    509    510
f    393    510    394
f    287    395    511
f    287    511    512
f    287    512    288
f    288    512    513
f    288    513    514
f    288    514    396
f    288    396    289
f    514    515    516
f    514    516    517
f    514    517    398
f    514    398    397
f    514    397    396
f    398    517    518
f    398    518    400
f    398    400    399
f    400    518    519
f    400    519    520
f    400    520    521
f    400    521    402
f    400    402    401
f    402    521    522
f    402    522    404
f    402    404    403
f    404    522    523
f    404    523    524
f    404    524    406
f    404    406    405
f    406    524    525
f    406    525    526
f    406    526    408
f    406    408    407
f    408    526    527
f    408    527    410
f    408    410    409
f    410    527    528
f    410    528    529
f    410    529    413
f    410    413    412
f    410    412    411
f    413    529    530
f    413    530    531
f    413    531    415
f    413    415    414
f    415    531    532
f    415    532    417
f    415    417    416
f    532    533    534
f    532    534    535
f    532    535    419
f    532    419    418
f    532    418    417
f    419    535    536
f    419    536    421
f    419    421    420
f    421    536    537
f    421    537    538
f    421    538    422
f    422    538    539
f    422    539    540
f    422    540    541
f    423    422    541
f    423    541    542
f    423    542    424
f    424    542    543
f    424    543    544
f    424    544    425
f    425    544    545
f    425    545    546
f    425    546    428
f    425    428    427
f    425    427    426
f    428    546    547
f    428    547    430
f    428    430    429
f    430    547    548
f    430    548    549
f    430    549    433
f    430    433    432
f    430    432    431
f    433    549    550
f    433    550    551
f    433    551    434
f    434    551    552
f    434    552    553
f    434    553    554
f    434    554    436
f    434    436    435
f    554    555    556
f    554    556    437
f    554    437    436
f    437    556    557
f    437    557    558
f    437    558    440
f    437    440    438
f    558    559    560
f    558    560    561
f    558    561    441
f    558    441    440
f    441    561    562
f    441    562    444
f    441    444    443
f    441    443    442
f    444    562    563
f    444    563    564
f    444    564    445
f    332    445    564
f    332    564    565
f    332    565    447
f    332    447    446
f    332    446    333
f    565    566    448
f    565    448    339
f    565    339    338
f    565    338    447
f    449    567    568
f    449    568    569
f    449    569    451
f    449    451    450
f    451    569    570
f    451    570    571
f    451    571    452
f    452    571    572
f    452    572    455
f    452    455    453
f    572    573    574
f    572    574    575
f    572    575    459
f    572    459    456
f    572    456    455
f    459    575    576
f    459    576    463
f    459    463    460
f    574    577    578
f    574    578    579
f    574    579    580
f    574    580    576
f    574    576    575
f    463    576    580
f    463    580    581
f    463    581    464
f    580    579    582
f    580    582    583
f    580    583    584
f    580    584    581
f    464    581    584
f    464    584    585
f    464    585    468
f    464    468    465
f    585    584    583
f    585    583    586
f    585    586    587
f    585    587    588
f    469    468    585
f    469    585    588
f    469    588    471
f    471    588    587
f    471    587    589
f    471    589    590
f    471    590    472
f    472    590    591
f    472    591    475
f    472    475    473
f    592    476    475
f    592    475    591
f    592    591    593
f    479    478    477
f    479    477    476
f    479    476    592
f    479    592    594
f    481    480    479
f    481    479    594
f    481    594    595
f    481    595    482
f    482    595    484
f    482    484    483
f    486    485    596
f    486    596    597
f    486    597    488
f    486    488    487
f    488    597    598
f    488    598    599
f    488    599    489
f    489    599    600
f    489    600    601
f    489    601    493
f    489    493    491
f    489    491    490
f    600    602    603
f    600    603    604
f    600    604    601
f    494    493    601
f    494    601    604
f    494    604    605
f    494    605    606
f    494    606    495
f    495    606    607
f    495    607    608
f    495    608    609
f    495    609    496
f    496    609    610
f    496    610    611
f    496    611    498
f    496    498    497
f    499    498    611
f    499    611    612
f    499    612    613
f    499    613    501
f    502    501    613
f    502    613    614
f    502    614    503
f    503    614    615
f    503    615    616
f    503    616    505
f    503    505    504
f    505    616    617
f    505    617    618
f    505    618    507
f    505    507    506
f    507    618    619
f    507    619    620
f    507    620    508
f    508    620    621
f    508    621    622
f    508    622    510
f    508    510    509
f    394    510    622
f    394    622    623
f    394    623    511
f    394    511    395
f    511    623    624
f    511    624    625
f    511    625    626
f    511    626    513
f    511    513    512
f    513    626    627
f    513    627    515
f    513    515    514
f    627    628    629
f    627    629    630
f    627    630    516
f    627    516    515
f    516    630    631
f    516    631    519
f    516    519    518
f    516    518    517
f    519    631    632
f    519    632    633
f    519    633    634
f    519    634    520
f    520    634    635
f    520    635    523
f    520    523    522
f    520    522    521
f    523    635    636
f    523    636    637
f    523    637    525
f    523    525    524
f    525    637    638
f    525    638    528
f    525    528    527
f    525    527    526
f    528    638    639
f    528    639    640
f    528    640    530
f    528    530    529
f    530    640    641
f    530    641    533
f    530    533    532
f    530    532    531
f    641    642    643
f    641    643    644
f    641    644    534
f    641    534    533
f    534    644    645
f    534    645    537
f    534    537    536
f    534    536    535
f    643    646    647
f    643    647    648
f    643    648    649
f    643    649    645
f    643    645    644
f    537    645    649
f    537    649    539
f    537    539    538
f    539    649    648
f    539    648    650
f    539    650    540
f    650    648    647
f    650    647    651
f    650    651    652
f    541    540    650
f    541    650    652
f    541    652    653
f    541    653    543
f    541    543    542
f    543    653    654
f    543    654    655
f    543    655    656
f    543    656    545
f    543    545    544
f    545    656    657
f    545    657    548
f    545    548    547
f    545    547    546
f    548    657    658
f    548    658    659
f    548    659    660
f    548    660    550
f    548    550    549
f    550    660    661
f    550    661    662
f    550    662    552
f    550    552    551
f    552    662    663
f    552    663    664
f    552    664    553
f    553    664    665
f    553    665    666
f    553    666    555
f    553    555    554
f    666    667    668
f    666    668    557
f    666    557    556
f    666    556    555
f    557    668    669
f    557    669    559
f    557    559    558
f    669    670    671
f    669    671    560
f    669    560    559
f    560    671    672
f    560    672    563
f    560    563    562
f    560    562    561
f    564    563    672
f    564    672    673
f    564    673    674
f    564    674    675
f    564    675    566
f    564    566    565
f    675    567    449
f    675    449    448
f    675    448    566
f    676    677    570
f    676    570    569
f    676    569    568
f    570    677    678
f    570    678    573
f    570    573    572
f    570    572    571
f    679    680    681
f    679    681    577
f    679    577    574
f    679    574    573
f    679    573    678
f    682    683    684
f    682    684    685
f    682    685    681
f    682    681    680
f    681    685    686
f    681    686    578
f    681    578    577
f    687    686    685
f    687    685    684
f    687    684    688
f    687    688    689
f    578    686    687
f    578    687    690
f    578    690    582
f    578    582    579
f    691    690    687
f    691    687    689
f    691    689    692
f    691    692    693
f    583    582    690
f    583    690    691
f    583    691    694
f    583    694    586
f    695    694    691
f    695    691    693
f    695    693    696
f    587    586    694
f    587    694    695
f    587    695    697
f    587    697    589
f    698    697    695
f    698    695    696
f    698    696    699
f    698    699    700
f    593    591    590
f    593    590    589
f    593    589    697
f    593    697    698
f    484    595    594
f    484    594    592
f    484    592    593
f    484    593    698
f    484    698    700
f    484    700    701
f    484    701    702
f    484    702    596
f    484    596    485
f    596    702    703
f    596    703    704
f    596    704    598
f    596    598    597
f    598    704    705
f    598    705    602
f    598    602    600
f    598    600    599
f    705    706    707
f    705    707    603
f    705    603    602
f    604    603    707
f    604    707    708
f    604    708    605
f    605    708    709
f    605    709    710
f    605    710    607
f    605    607    606
f    607    710    711
f    607    711    712
f    607    712    713
f    607    713    608
f    608    713    714
f    608    714    715
f    608    715    610
f    608    610    609
f    610    715    716
f    610    716    717
f    610    717    612
f    610    612    611
f    613    612    717
f    613    717    718
f    613    718    719
f    613    719    615
f    613    615    614
f    615    719    720
f    615    720    617
f    615    617    616
f    617    720    721
f    617    721    722
f    617    722    619
f    617    619    618
f    619    722    723
f    619    723    621
f    619    621    620
f    622    621    723
f    622    723    724
f    622    724    725
f    622    725    624
f    622    624    623
f    624    725    726
f    624    726    727
f    624    727    728
f    624    728    729
f    624    729    625
f    625    729    730
f    625    730    628
f    625    628    627
f    625    627    626
f    730    731    732
f    730    732    733
f    730    733    629
f    730    629    628
f    629    733    734
f    629    734    632
f    629    632    631
f    629    631    630
f    632    734    735
f    632    735    633
f    633    735    736
f    633    736    636
f    633    636    635
f    633    635    634
f    636    736    737
f    636    737    738
f    636    738    739
f    636    739    740
f    636    740    741
f    636    741    742
f    636    742    639
f    636    639    638
f    636    638    637
f    639    742    743
f    639    743    642
f    639    642    641
f    639    641    640
f    741    744    745
f    741    745    743
f    741    743    742
f    743    745    746
f    743    746    646
f    743    646    643
f    743    643    642
f    747    746    745
f    747    745    744
f    747    744    748
f    747    748    749
f    747    749    750
f    647    646    746
f    647    746    747
f    647    747    651
f    652    651    747
f    652    747    750
f    652    750    751
f    652    751    654
f    652    654    653
f    750    749    752
f    750    752    753
f    750    753    751
f    654    751    753
f    654    753    754
f    654    754    655
f    655    754    755
f    655    755    756
f    655    756    757
f    655    757    758
f    655    758    759
f    655    759    658
f    655    658    657
f    655    657    656
f    658    759    760
f    658    760    659
f    659    760    761
f    659    761    762
f    659    762    661
f    659    661    660
f    661    762    763
f    661    763    764
f    661    764    663
f    661    663    662
f    663    764    765
f    663    765    665
f    663    665    664
f    665    765    766
f    665    766    767
f    665    767    667
f    665    667    666
f    767    768    769
f    767    769    670
f    767    670    669
f    767    669    668
f    767    668    667
f    672    671    670
f    672    670    769
f    672    769    770
f    672    770    673
f    673    770    771
f    673    771    772
f    673    772    773
f    673    773    774
f    673    774    674
f    674    774    775
f    674    775    676
f    674    676    568
f    674    568    567
f    674    567    675
f    775    776    777
f    775    777    778
f    775    778    679
f    775    679    678
f    775    678    677
f    775    677    676
f    778    779    780
f    778    780    781
f    778    781    782
f    778    782    783
f    778    783    682
f    778    682    680
f    778    680    679
f    783    784    683
f    783    683    682
f    782    785    786
f    782    786    787
f    782    787    784
f    782    784    783
f    688    684    683
f    688    683    784
f    688    784    787
f    688    787    788
f    788    787    786
f    788    786    789
f    788    789    790
f    692    689    688
f    692    688    788
f    692    788    790
f    692    790    791
f    791    790    789
f    791    789    792
f    791    792    793
f    791    793    794
f    696    693    692
f    696    692    791
f    696    791    794
f    696    794    795
f    696    795    699
f    795    794    793
f    795    793    796
f    795    796    797
f    795    797    798
f    700    699    795
f    700    795    798
f    700    798    701
f    701    798    797
f    701    797    799
f    701    799    800
f    701    800    703
f    701    703    702
f    703    800    801
f    703    801    802
f    703    802    803
f    703    803    804
f    703    804    706
f    703    706    705
f    703    705    704
f    707    706    804
f    707    804    805
f    707    805    709
f    707    709    708
f    803    806    807
f    803    807    805
f    803    805    804
f    709    805    807
f    709    807    808
f    709    808    711
f    709    711    710
f    711    808    809
f    711    809    810
f    711    810    811
f    711    811    712
f    712    811    812
f    712    812    714
f    712    714    713
f    714    812    813
f    714    813    814
f    714    814    716
f    714    716    715
f    717    716    814
f    717    814    815
f    717    815    718
f    718    815    816
f    718    816    817
f    718    817    721
f    718    721    720
f    718    720    719
f    723    722    721
f    723    721    817
f    723    817    818
f    723    818    819
f    723    819    724
f    724    819    820
f    724    820    726
f    724    726    725
f    726    820    821
f    726    821    822
f    726    822    727
f    728    823    731
f    728    731    730
f    728    730    729
f    824    732    731
f    824    731    823
f    825    826    737
f    825    737    736
f    825    736    735
f    825    735    734
f    825    734    733
f    825    733    732
f    825    732    824
f    737    826    827
f    737    827    828
f    737    828    738
f    738    828    829
f    738    829    830
f    738    830    831
f    738    831    739
f    739    831    832
f    739    832    833
f    739    833    740
f    740    833    834
f    740    834    748
f    740    748    744
f    740    744    741
f    832    835    836
f    832    836    837
f    832    837    834
f    832    834    833
f    834    837    752
f    834    752    749
f    834    749    748
f    753    752    837
f    753    837    836
f    753    836    838
f    753    838    755
f    753    755    754
f    755    838    839
f    755    839    840
f    755    840    756
f    756    840    841
f    756    841    842
f    756    842    757
f    757    842    843
f    757    843    844
f    757    844    845
f    757    845    758
f    758    845    846
f    758    846    761
f    758    761    760
f    758    760    759
f    761    846    847
f    761    847    848
f    761    848    763
f    761    763    762
f    763    848    849
f    763    849    766
f    763    766    765
f    763    765    764
f    766    849    850
f    766    850    851
f    766    851    768
f    766    768    767
f    851    771    770
f    851    770    769
f    851    769    768
f    772    852    853
f    772    853    854
f    772    854    773
f    773    854    776
f    773    776    775
f    773    775    774
f    855    780    779
f    856    857    858
f    856    858    859
f    856    859    781
f    856    781    780
f    856    780    855
f    781    859    860
f    781    860    785
f    781    785    782
f    858    861    862
f    858    862    860
f    858    860    859
f    789    786    785
f    789    785    860
f    789    860    862
f    789    862    863
f    789    863    792
f    863    862    861
f    863    861    864
f    863    864    865
f    863    865    866
f    793    792    863
f    793    863    866
f    793    866    867
f    793    867    796
f    867    866    865
f    867    865    868
f    867    868    869
f    867    869    870
f    797    796    867
f    797    867    870
f    797    870    799
f    799    870    869
f    799    869    871
f    799    871    872
f    799    872    873
f    799    873    874
f    799    874    801
f    799    801    800
f    801    874    875
f    801    875    876
f    801    876    877
f    801    877    878
f    801    878    879
f    801    879    880
f    801    880    881
f    801    881    802
f    802    881    882
f    802    882    806
f    802    806    803
f    880    883    884
f    880    884    885
f    880    885    882
f    880    882    881
f    807    806    882
f    807    882    885
f    807    885    809
f    807    809    808
f    809    885    884
f    809    884    886
f    809    886    887
f    809    887    888
f    809    888    810
f    810    888    889
f    810    889    813
f    810    813    812
f    810    812    811
f    814    813    889
f    814    889    890
f    814    890    891
f    814    891    892
f    814    892    816
f    814    816    815
f    817    816    892
f    817    892    893
f    817    893    818
f    818    893    894
f    818    894    821
f    818    821    820
f    818    820    819
f    821    894    895
f    821    895    896
f    821    896    822
f    727    822    896
f    727    896    897
f    727    897    825
f    727    825    824
f    727    824    823
f    727    823    728
f    897    898    899
f    897    899    900
f    897    900    827
f    897    827    826
f    897    826    825
f    900    901    902
f    900    902    829
f    900    829    828
f    900    828    827
f    829    902    903
f    829    903    904
f    829    904    830
f    830    904    905
f    830    905    906
f    830    906    907
f    830    907    835
f    830    835    832
f    830    832    831
f    906    908    909
f    906    909    910
f    906    910    907
f    836    835    907
f    836    907    910
f    836    910    839
f    836    839    838
f    839    910    909
f    839    909    911
f    839    911    841
f    839    841    840
f    909    908    912
f    909    912    913
f    909    913    914
f    909    914    911
f    841    911    914
f    841    914    843
f    841    843    842
f    843    914    913
f    843    913    915
f    843    915    916
f    843    916    917
f    843    917    844
f    844    917    847
f    844    847    846
f    844    846    845
f    847    917    916
f    847    916    918
f    847    918    919
f    847    919    920
f    847    920    921
f    847    921    850
f    847    850    849
f    847    849    848
f    850    921    922
f    850    922    852
f    850    852    772
f    850    772    771
f    850    771    851
f    922    923    853
f    922    853    852
f    853    923    924
f    853    924    777
f    853    777    776
f    853    776    854
f    925    926    857
f    925    857    856
f    925    856    927
f    928    929    930
f    928    930    926
f    928    926    925
f    930    931    864
f    930    864    861
f    930    861    858
f    930    858    857
f    930    857    926
f    932    931    930
f    932    930    929
f    932    929    933
f    932    933    934
f    865    864    931
f    865    931    932
f    865    932    868
f    871    935    936
f    871    936    937
f    871    937    872
f    869    868    932
f    869    932    934
f    869    934    935
f    869    935    871
f    873    938    939
f    873    939    940
f    873    940    941
f    873    941    875
f    873    875    874
f    875    941    942
f    875    942    943
f    875    943    944
f    875    944    876
f    879    945    883
f    879    883    880
f    878    946    947
f    878    947    948
f    878    948    945
f    878    945    879
f    884    883    945
f    884    945    948
f    884    948    886
f    949    887    886
f    949    886    948
f    949    948    947
f    949    947    950
f    889    888    887
f    889    887    949
f    889    949    890
f    892    891    951
f    892    951    895
f    892    895    894
f    892    894    893
f    896    895    951
f    896    951    898
f    896    898    897
f    899    952    901
f    899    901    900
f    953    954    955
f    953    955    903
f    953    903    902
f    953    902    901
f    953    901    952
f    903    955    956
f    903    956    957
f    903    957    958
f    903    958    959
f    903    959    905
f    903    905    904
f    958    960    961
f    958    961    962
f    958    962    959
f    905    959    962
f    905    962    963
f    905    963    912
f    905    912    908
f    905    908    906
f    913    912    963
f    913    963    964
f    913    964    915
f    962    961    965
f    962    965    966
f    962    966    964
f    962    964    963
f    915    964    966
f    915    966    918
f    915    918    916
f    918    966    965
f    918    965    967
f    918    967    968
f    918    968    969
f    918    969    919
f    919    969    970
f    919    970    920
f    920    970    971
f    920    971    972
f    920    972    973
f    920    973    974
f    920    974    928
f    920    928    925
f    920    925    927
f    920    927    924
f    920    924    923
f    920    923    922
f    920    922    921
f    777    924    927
f    777    927    856
f    777    856    855
f    777    855    779
f    777    779    778
f    974    975    933
f    974    933    929
f    974    929    928
f    973    976    977
f    973    977    978
f    973    978    979
f    973    979    937
f    973    937    936
f    973    936    975
f    973    975    974
f    934    933    975
f    934    975    936
f    934    936    935
f    979    978    939
f    979    939    938
f    872    937    979
f    872    979    938
f    872    938    873
f    940    980    981
f    940    981    942
f    940    942    941
f    943    942    981
f    943    981    982
f    943    982    983
f    877    984    946
f    877    946    878
f    985    984    877
f    985    877    876
f    985    876    944
f    985    944    986
f    950    947    946
f    950    946    984
f    950    984    985
f    951    891    890
f    951    890    949
f    951    949    950
f    951    950    985
f    951    985    986
f    951    986    987
f    951    987    988
f    951    988    953
f    951    953    952
f    951    952    899
f    951    899    898
f    988    989    990
f    988    990    954
f    988    954    953
f    990    991    992
f    990    992    956
f    990    956    955
f    990    955    954
f    956    992    993
f    956    993    994
f    956    994    957
f    957    994    995
f    957    995    960
f    957    960    958
f    965    961    960
f    965    960    995
f    965    995    967
f    967    995    994
f    967    994    993
f    967    993    996
f    967    996    997
f    967    997    968
f    968    997    998
f    968    998    971
f    968    971    970
f    968    970    969
f    971    998    999
f    971    999   1000
f    971   1000   1001
f    971   1001    972
f    972   1001   1002
f    972   1002    976
f    972    976    973
f   1002   1003   1004
f   1002   1004   1005
f   1002   1005    977
f   1002    977    976
f   1005   1004   1006
f   1005   1006   1007
f    939    978    977
f    939    977   1005
f    939   1005   1007
f    939   1007    980
f    939    980    940
f    981    980   1007
f    981   1007   1006
f    981   1006   1008
f    981   1008   1009
f    981   1009    982
f    983    982   1009
f    983   1009   1010
f    983   1010   1011
f    986    944    943
f    986    943    983
f    986    983   1011
f    986   1011    987
f    987   1011   1010
f    987   1010   1012
f    987   1012   1013
f    987   1013    989
f    987    989    988
f   1013   1014   1015
f   1013   1015   1016
f   1013   1016   1017
f   1013   1017    991
f   1013    991    990
f   1013    990    989
f   1017    996    993
f   1017    993    992
f   1017    992    991
f   1016    999    998
f   1016    998    997
f   1016    997    996
f   1016    996   1017
f   1015   1018   1000
f   1015   1000    999
f   1015    999   1016
f   1000   1018   1019
f   1000   1019   1003
f   1000   1003   1002
f   1000   1002   1001
f   1008   1006   1004
f   1008   1004   1003
f   1008   1003   1019
f   1008   1019   1020
f   1008   1020   1021
f   1010   1009   1008
f   1010   1008   1021
f   1010   1021   1012
f   1012   1021   1020
f   1012   1020   1014
f   1012   1014   1013
f   1020   1019   1018
f   1020   1018   1015
f   1020   1015   1014
f    197    278    277
f    197    277    279
f    197    279    283
f    197    283    389
f    197    389    284
f    197    284    199
f    197    199    198
