v    -0.114966    16.280342    84.081233
v    -0.114966    -1.355414    85.731375
v     8.034896    -9.117188    85.731375
v    26.552440    -9.117188    84.081233
v    -1.728374    22.408300    83.364068
v   -25.082741     0.165989    83.364068
v   -18.712441    -1.355414    84.074090
v    -2.462375   -16.831683    84.074090
v     8.034896   -18.157171    84.885471
v    14.401455   -24.791242    83.697396
v    17.614836   -24.385467    83.448931
v    32.224453   -10.471757    83.448931
v    60.173810    33.561172    72.413573
v    47.544432    -9.543541    81.024992
v    71.071075    -9.543541    74.567959
v    74.688361    -8.080981    73.400631
v    73.879871     2.047419    72.413573
v    59.985888    36.795131    71.936370
v    57.621813    39.046624    71.936370
v    44.746520    39.725354    73.745694
v    -1.248960    27.501921    82.497076
v    -1.728374    26.548706    82.717311
v    45.509773   -10.471757    81.472774
v    18.740838    49.984364    73.745694
v    -1.248960    51.431448    75.601104
v    -3.001652    53.372912    74.842444
v   -26.871826    51.644880    72.626665
v   -54.762001    40.642515    72.626665
v   -66.704146    40.012934    70.948632
v   -58.304968    11.346072    76.675746
v   -33.795349     0.165989    82.068002
v   -70.323303    41.405257    69.788958
v   -79.951031    19.268897    69.788958
v   -76.556360    16.489182    71.052542
v   -63.835827    11.346072    75.157745
v   -54.772715    -9.492522    75.157745
v   -38.468909   -15.785102    78.881151
v   -31.485354   -22.436010    78.881151
v   -24.864377   -22.785154    79.811747
v     8.397475   -35.906531    79.811577
v    14.401455   -36.341217    80.368881
v    15.340895   -37.382016    79.962255
v    27.483717   -36.502949    78.835063
v    41.864426   -30.829916    78.835063
v    51.328382   -30.330945    77.505154
v    60.496084   -33.858096    74.567959
v    82.878358    26.227112    64.771866
v    75.465048    -8.314310    73.056760
v    90.677546    -8.314310    65.699911
v    89.999496     0.916486    64.771866
v    82.520371    32.382451    63.863718
v    77.436273    37.118765    65.048052
v    76.525915    37.332877    65.368114
v    60.819888    52.290787    65.368114
v    58.117382    52.873431    66.170992
v    54.751283    56.150756    65.369475
v    39.406985    56.960096    67.525391
v    19.703916    61.988242    67.525391
v    -3.001652    63.501142    69.699504
v    -3.441781    63.949944    69.414474
v   -33.744329    61.930930    66.512993
v   -47.184238    58.501227    66.512993
v   -73.510494    57.112475    62.813906
v   -73.040263    43.992968    68.284391
v   -76.666563    59.357335    60.696765
v   -78.558027    58.949688    60.134869
v   -92.889758    45.300429    60.134869
v   -92.418507    44.699419    60.558162
v   -92.193511    44.615577    60.678398
v   -83.114413    20.219051    68.388471
v   -98.120622    24.432755    60.558162
v   -98.263646    22.484999    60.753907
v   -96.348373    20.781796    61.911880
v   -95.326961    20.219051    62.482449
v   -87.152780    -8.834199    62.482449
v   -85.959263    -8.777228    63.067473
v   -79.496277   -10.296249    65.339543
v   -38.101058   -49.720243    65.339543
v   -32.315952   -45.605516    69.220260
v   -21.955073   -46.151936    70.676018
v     8.612097   -53.952484    70.676018
v    13.215081   -54.259111    71.116656
v    15.340895   -52.090781    72.493334
v    22.171222   -51.635686    71.839263
v    50.726861   -44.348565    71.839263
v    62.880057   -43.707589    70.131639
v    62.598769   -35.860613    73.403523
v    85.999564   -36.621485    64.110823
v    73.232093   -51.070560    63.187539
v    87.578959   -37.406845    63.187539
v    87.360936   -37.128959    63.383284
v    93.981742   -13.596874    63.383284
v    94.143304   -11.396401    63.604539
v    97.811099    21.519709    55.776440
v   103.756917   -11.396401    56.466224
v   103.197232    -4.268800    55.776440
v    93.024955    31.661204    57.054139
v    92.240275    31.996063    57.510594
v    97.393419    27.137471    55.007745
v    78.957166    50.929076    57.510594
v    78.677579    51.046931    57.642905
v    77.050736    52.596224    57.642905
v    73.818137    53.341620    58.786423
v    57.029306    64.025453    58.786423
v    54.380881    64.598742    59.571444
v    52.505573    66.241402    58.763464
v    35.421848    67.393593    60.989787
v    10.947262    72.030079    60.989617
v    -3.441781    73.054722    62.315955
v    -4.334623    73.816104    61.590457
v   -31.449810    71.885014    59.091180
v   -51.593177    68.069092    59.091180
v   -76.357894    66.398882    55.864023
v   -80.340480    69.114482    52.157623
v   -81.242846    68.919248    51.889941
v   -94.840915    60.265993    51.889941
v   -95.364376    60.145246    51.704910
v   -94.110825    46.080518    59.182675
v   -96.940369    60.608844    50.426530
v  -106.503303    46.978462    50.426530
v  -105.488184    45.628145    51.746066
v  -105.597876    44.154020    51.947763
v  -109.624849    24.873054    51.947763
v  -109.812261    22.484999    52.178881
v  -110.337932    21.925995    51.701849
v  -109.845083    15.649570    51.094376
v  -105.742261    -3.994655    51.094376
v  -105.425260    -8.258189    50.511053
v   -87.374715    -8.975864    62.309492
v  -105.774234    -8.722296    50.057489
v  -102.778366   -21.275996    46.149732
v   -90.083683   -39.370248    46.149732
v   -88.163137   -46.924712    43.343997
v   -81.191486   -53.564395    43.343997
v   -74.574761   -55.090050    45.684433
v   -39.909531   -52.287716    63.237198
v   -47.553109   -72.285507    45.684433
v   -45.756201   -72.674616    46.217248
v   -39.211584   -68.211937    52.308131
v   -33.894837   -68.570434    53.000976
v     7.217733   -76.358908    53.000976
v     7.601400   -76.386288    53.036350
v    13.215081   -71.598784    57.598008
v    21.476846   -71.010359    56.836456
v    58.251564   -64.043810    56.836456
v    73.011348   -63.048419    54.913019
v    73.518653   -51.477356    62.854381
v    95.641408   -53.265761    51.652530
v    78.266702   -66.631861    50.021945
v    79.998985   -66.256868    49.508348
v    97.552940   -55.086308    49.508348
v    94.629520   -41.911701    57.689162
v   103.749434   -41.549122    51.728039
v    98.338471   -55.317257    48.871284
v   105.947016   -44.472372    48.871284
v   103.885486   -39.718031    51.978545
v   107.419780   -22.796208    51.978545
v   107.963648   -15.870475    52.648771
v   109.501548    14.169323    45.445662
v   113.729877   -15.870475    46.291736
v   112.911864    -6.336793    45.445662
v   105.796168    26.342417    46.628805
v   108.742037    22.627003    44.421360
v   105.347876    28.050721    46.139698
v    94.568637    48.198680    46.139698
v    94.095175    49.883685    45.551272
v    93.827323    50.004431    45.703481
v    77.193590    65.846000    45.703481
v    77.182196    65.850762    45.708753
v    76.160955    65.574916    46.822509
v    75.953816    65.627637    46.891386
v    52.692134    76.915711    46.891386
v    51.358823    77.233053    47.254815
v    47.885753    79.730799    45.289712
v    38.296799    80.511909    46.395646
v     8.397475    85.022037    46.395646
v    -4.334623    86.012836    47.471818
v    -5.595316    86.821496    46.315545
v   -20.566831    85.656209    45.050261
v   -57.762971    80.045590    45.050261
v   -79.384034    78.284395    42.556425
v   -81.335191    79.276215    40.418366
v   -98.321128    71.033668    40.418366
v   -97.845456    70.325006    41.454403
v   -98.415344    62.013412    48.383708
v  -100.390141    71.592672    38.162112
v  -109.589305    62.831595    38.162112
v  -109.324344    61.942155    39.180292
v  -108.419427    61.391314    40.440304
v  -107.102272    47.281178    49.752732
v  -116.529324    48.475036    39.180292
v  -116.689185    47.865862    39.354779
v  -115.895321    46.449219    40.984683
v  -116.125589    43.885657    41.295222
v  -118.862788    27.426582    41.295222
v  -119.243394    22.990262    41.688923
v  -118.490855    21.925995    42.713565
v  -117.937973    15.482736    42.141806
v  -115.308426    -0.329071    42.141806
v  -114.787346    -6.132544    41.438927
v  -113.298426    -8.010234    42.554554
v  -110.223478   -19.726872    39.200189
v  -103.761172   -31.805920    39.200189
v  -100.742856   -42.547235    35.449573
v   -97.144788   -46.366218    36.212315
v   -94.219497   -52.620364    33.119000
v   -80.350684   -65.828814    33.119000
v   -78.816356   -68.917707    31.277364
v   -72.412383   -74.390404    30.059188
v   -71.688415   -75.371169    29.364812
v   -46.695811   -87.499196    29.364812
v   -44.146364   -88.105988    30.059868
v   -40.958833   -90.398466    28.256327
v   -38.656661   -90.585878    28.521969
v    -7.120800   -95.342940    28.521799
v     0.323292   -95.922182    29.151040
v     7.601400   -91.254574    35.825076
v     8.601553   -91.176684    35.740554
v    61.011211   -83.271206    35.740554
v    74.155887   -82.200476    34.224423
v    76.568261   -80.465641    35.589366
v    76.864684   -80.072110    35.949564
v    99.881982   -67.940343    37.010941
v    99.830112   -68.927911    35.949564
v    99.926539   -67.850718    37.064341
v   100.635881   -57.505315    45.689365
v   107.218423   -57.095968    40.462753
v   107.916880   -60.240983    37.064341
v   108.078953   -59.894220    37.235767
v   107.251586   -57.116206    40.416665
v   106.044633   -44.521691    48.761592
v   112.018852   -43.956394    42.804210
v   112.129394   -47.998503    40.416665
v   112.816798   -45.379840    41.166313
v   112.567312   -37.850885    43.543653
v   114.526122   -26.072343    43.543653
v   115.220498   -17.978773    44.261838
v   117.124378     9.408179    34.630879
v   119.839468   -17.978773    36.443603
v   120.261059   -17.051918    35.513007
v   119.218900    -5.743775    34.630879
v   115.531037    21.493179    33.971706
v   115.979159    20.735709    33.461851
v   114.073579    26.624045    32.687034
v   106.150074    44.841934    32.687034
v   105.236994    47.785081    31.777696
v    94.233949    49.987765    45.284100
v   104.628501    49.066862    31.156788
v    92.597071    63.999943    31.156788
v    92.498434    64.013208    31.285357
v   105.242266    47.838312    31.707289
v    92.196568    64.162185    31.442157
v    75.644637    76.258069    31.442157
v    74.946350    76.574390    31.740111
v    74.817950    76.562826    31.902354
v    70.778903    77.699541    33.090769
v    49.208520    86.208751    33.090769
v    46.567578    86.889182    33.720520
v    42.193332    89.235911    30.916486
v    30.268364    90.329430    32.088575
v     4.852977    93.516111    32.088575
v    -5.595316    94.389565    32.864752
v   -38.432855    97.231864    20.495234
v   -58.103781    94.765579    20.495234
v   -16.854309    99.035575    22.098098
v   -75.908242    93.132614    18.745093
v   -79.656818    91.121763    21.147944
v   -81.699981    80.025863    39.080804
v   -79.855624    91.070574    21.100495
v   -99.361077    83.375806    21.100495
v  -100.065487    82.744524    21.716301
v  -100.619899    81.608659    23.314744
v  -100.251368    80.829760    24.925431
v  -101.890116    73.405056    34.494997
v  -110.148139    74.645511    23.314744
v  -110.377387    73.092136    25.444640
v  -109.776717    72.520037    26.998355
v  -110.857651    63.783620    35.718276
v  -117.285604    64.517791    25.444640
v  -117.087988    62.536362    28.070276
v  -117.186115    62.220211    28.168063
v  -122.501162    49.999500    28.168063
v  -122.930916    48.486940    28.546798
v  -122.453713    46.903123    30.481969
v  -122.898094    42.509150    30.935533
v  -124.817279    28.624861    30.935533
v  -125.149076    25.026112    31.216141
v  -124.222901    22.990262    33.260154
v  -123.968824    20.234527    33.045362
v  -121.481281     2.239423    33.045362
v  -120.874318    -3.764217    32.425644
v  -119.987259    -5.264022    33.435151
v  -118.377422   -10.930763    32.016297
v  -110.651872   -28.693727    32.016297
v  -107.185774   -39.864967    28.565165
v  -105.897871   -41.515279    29.121788
v  -103.179039   -46.957704    26.683224
v   -93.421551   -59.068384    26.683224
v   -90.797276   -63.893302    24.051976
v   -86.417418   -68.064490    24.051976
v   -84.737515   -70.268705    22.551491
v   -70.521598   -80.657474    22.551491
v   -69.780284   -81.552357    21.778885
v   -60.812409   -87.900039    18.897982
v   -60.162760   -88.082859    19.089135
v   -41.884838   -95.293281    19.089135
v   -39.966503   -95.787491    19.546610
v   -31.884667  -100.122962    14.366086
v   -28.208028  -100.460201    14.727474
v    -6.307208  -103.206243    14.727474
v     0.323292  -103.760485    15.219983
v     5.200590  -105.773206    10.555776
v    24.439211  -104.165070     9.126718
v    49.285559  -101.049817     9.126718
v    60.931110   -99.981637     7.982010
v    69.928747   -95.155018    13.749599
v    72.100649   -93.362532    16.184592
v    92.143338   -85.455863    16.184592
v    95.342433   -82.589074    18.981314
v    95.968443   -81.306443    20.786385
v    98.243064   -78.560401    23.156923
v   100.255615   -69.442188    34.909276
v   105.066759   -73.573751    23.156923
v   106.333914   -71.911194    24.288707
v   106.806695   -68.706826    28.682000
v   106.887816   -68.558019    28.763121
v   112.019192   -59.105458    32.399114
v   111.650831   -62.646214    28.763121
v   112.252351   -61.442153    29.302568
v   112.574625   -57.315352    32.952166
v   116.764860   -44.720497    35.089205
v   116.132558   -49.134878    32.952166
v   117.084923   -45.782554    33.791607
v   117.519269   -37.259909    35.859260
v   119.149003   -25.470142    35.859260
v   121.213934     7.087640    24.153165
v   123.127848   -17.051918    26.962301
v   123.584132   -14.879335    24.834786
v   122.586360    -4.512844    24.153165
v   119.873991    19.521954    23.099271
v   117.806509    27.224885    20.808494
v   113.461685    39.050195    20.808494
v   119.895079    20.208167    22.278877
v   111.402536    45.282913    19.193555
v   111.379917    45.413523    19.015497
v   109.784026    48.459049    17.859224
v   102.020041    60.227218    17.859224
v   101.482806    61.150501    17.428449
v    92.799959    64.193307    30.409692
v   100.677037    62.670204    15.560113
v    89.330460    73.476483    15.560113
v    89.253421    73.372914    15.999391
v   101.064275    62.185348    15.848544
v    88.947303    74.020352    14.636319
v    71.916299    84.212016    14.636319
v    71.417668    84.290246    15.283077
v    67.783546    85.379173    16.179830
v    49.996091    91.306964    16.179830
v    40.611386    93.840595    18.052928
v    39.670756    94.171202    17.432190
v    21.849628    95.913009    18.870601
v    -1.064270    98.371811    18.870601
v   -16.854309    99.750359    19.859530
v   -47.639673   100.273309     7.876399
v   -54.658772    99.520091     7.876399
v   -25.473891   101.392338    11.820720
v   -31.665623   101.668014     8.876893
v   -70.970230    97.925900     6.559755
v   -74.713704    96.610276     9.030291
v   -77.171146    95.946852     8.539824
v   -93.212881    90.600854     8.539824
v   -93.448762    90.463441     8.725195
v   -95.961815    89.091696     9.715314
v   -97.150910    88.208547    10.792847
v  -106.883228    82.384496    10.792847
v  -107.305670    82.021577    11.116311
v  -107.883722    81.201353    12.509144
v  -107.810254    81.102715    12.927845
v  -110.262763    74.754693    22.892982
v  -115.364378    74.076813    12.509144
v  -115.749575    73.124449    13.963371
v  -115.464546    72.931765    15.116073
v  -117.411792    64.600783    25.042436
v  -121.552368    64.329359    13.963371
v  -121.821411    62.771562    16.084934
v  -121.881274    62.590443    16.131872
v  -126.661976    49.578588    16.131872
v  -126.860101    48.912953    16.271325
v  -126.810102    47.278117    18.226394
v  -127.181525    43.831066    18.518566
v  -128.949862    28.883530    18.518396
v  -129.228769    25.986980    18.709039
v  -129.026902    25.026112    19.650010
v  -128.582011    20.403912    19.345933
v  -126.577113     3.457940    19.345933
v  -125.969980    -2.176319    18.868560
v  -125.990218    -2.836512    18.078948
v  -123.724100   -10.449818    16.483567
v  -117.577435   -27.179637    16.483567
v  -115.394479   -33.786669    14.771691
v  -113.250638   -37.349023    16.244965
v  -111.896239   -39.934014    15.263519
v  -100.938941   -56.542066    15.263519
v  -100.219055   -57.779290    14.686318
v   -96.654660   -61.840786    15.294981
v   -96.305006   -62.278704    15.034612
v   -82.887546   -75.057229    15.034612
v   -82.706597   -75.258926    14.882403
v   -76.741731   -80.007145    14.031057
v   -76.522007   -80.123130    14.128675
v   -59.833174   -90.041329    14.330882
v   -60.392348   -89.775518    14.128675
v   -50.562922   -94.905703    11.188588
v   -51.358147   -94.667442    10.992333
v   -32.697748  -100.859174    11.188588
v   -31.522768  -101.176515    11.423108
v   -22.585334  -104.317619     5.525079
v   -17.625384  -104.802304     5.925412
v     0.333496  -106.729483     5.925412
v     5.200590  -107.154305     6.230169
v    11.360010  -108.327755     0.485878
v    27.182191  -106.946316    -0.505262
v    36.824545  -105.911639    -0.505262
v    54.500267  -104.184117    -1.931938
v    60.172280  -102.190614     1.811366
v    63.000803  -101.427021     1.246920
v    80.926350   -95.453313     1.246920
v    82.394183   -94.598225     2.400982
v    86.315715   -92.457615     3.945854
v    90.291668   -89.504604     7.549024
v   100.946250   -81.400999    12.622408
v    97.106009   -85.426782     7.549024
v    99.648823   -83.242465     9.495080
v   102.872918   -79.252396    14.242618
v   109.424678   -70.828049    19.668037
v   107.225055   -75.107398    14.242618
v   108.175039   -73.917793    14.950259
v   109.949159   -69.926534    20.088608
v   113.959976   -63.847215    20.088608
v   114.408097   -62.992127    20.413432
v   114.863021   -60.359178    23.999426
v   115.705354   -57.809392    24.660129
v   120.048478   -44.859100    25.906877
v   119.127235   -48.495944    24.660129
v   120.063614   -45.350419    25.319302
v   120.914280   -36.824372    26.587818
v   122.579728   -22.747229    26.587818
v   124.729691   -14.879335    14.312175
v   124.729691   -13.520515    13.021380
v   122.586360     7.204815    13.021380
v   121.212574    19.026554    12.821894
v   122.241298    10.331633    12.821894
v   120.545238    21.932967    10.224829
v   115.868787    36.615032    10.224829
v   114.469831    40.746935     9.391510
v   113.573077    43.187710     9.391510
v   111.551513    47.378966     6.020308
v   106.283745    56.764691     6.020308
v   104.964890    58.971457     5.200764
v   104.007253    60.328917     3.204370
v   102.195889    62.641633     1.496405
v    95.920315    69.924333     1.496405
v    95.562327    70.310721     1.261375
v    89.085056    74.163207    13.221207
v    93.212027    72.526159    -2.478528
v    84.109460    79.640665    -2.478528
v    93.416956    72.354053    -2.359822
v    83.922898    79.773146    -2.609648
v    72.010005    84.326980    13.562528
v    82.938731    80.403067    -3.988366
v    71.820722    86.062665    -3.988366
v    68.649177    87.330671    -0.277884
v    64.604348    88.572827     0.499143
v    59.413109    90.072631     0.499143
v    39.147975    94.699934    13.447734
v    24.830871    96.284091    13.044169
v     5.375417    98.371811    13.044169
v   -14.759956   100.387423    11.820720
v   -42.420203   101.645905    -0.640633
v   -57.053119   100.273309    -0.640633
v   -41.064784   101.668014     0.372955
v   -61.071928    99.871105    -0.884847
v   -69.437093    98.973331    -0.884847
v   -70.063443    98.842891    -0.351863
v   -84.112355    94.784286    -0.351863
v   -85.250771    94.434632    -0.133159
v   -90.701869    92.617997    -0.133159
v   -91.199310    92.400313     0.247957
v  -102.757278    86.493950     0.490130
v  -102.072596    86.865203     0.247957
v  -103.553523    86.017598     0.490130
v  -103.636515    85.958585     0.548462
v  -112.187390    79.275195     0.548462
v  -112.302184    79.166013     0.742166
v  -112.227016    79.094416     2.029730
v  -115.461655    74.161676    11.593003
v  -118.616023    71.838926     0.742166
v  -118.802755    71.574305     1.131275
v  -118.659050    71.527197     2.864579
v  -121.659169    64.408440    13.011687
v  -124.124604    61.913924     2.148945
v  -124.116610    61.914434     2.228366
v  -123.706073    62.837548     1.131275
v  -123.838894    62.562212     1.352700
v  -128.582181    47.368592     3.910310
v  -128.129638    49.339817     2.148945
v  -128.949862    44.196366     3.971193
v  -128.844592    45.150772     3.910310
v  -130.697452    25.986980     5.216751
v  -130.697452    27.298183     3.971193
v  -128.582011     5.593788     5.276443
v  -128.685071     6.527786     5.216751
v  -127.773862    -1.237049     5.276443
v  -121.407303   -21.677179     3.829359
v  -127.402099    -2.856579     3.829359
v  -117.904131   -31.239603     3.758442
v  -121.288427   -22.028364     3.758442
v  -108.356503   -48.333191     3.291273
v  -117.624033   -31.820375     3.291273
v  -104.308952   -54.409449     3.522051
v  -108.248001   -48.514651     3.223927
v  -104.625103   -54.006054     3.223927
v   -92.695883   -67.886262     3.522051
v   -92.462724   -68.137958     3.675110
v   -88.477077   -71.826842     4.227652
v   -89.431143   -71.025154     3.675110
v   -73.634811   -83.427496     4.227652
v   -73.573928   -83.470692     4.184795
v   -67.717224   -86.975565     4.184795
v   -49.647972   -96.195647     3.950105
v   -67.053630   -87.335253     3.950105
v   -41.253896   -99.257840     2.004390
v   -47.107879   -97.307023     2.004390
v   -22.036364  -104.872881     1.340115
v   -37.795791  -100.319897     1.340115
v    -9.962759  -106.729483    -3.390247
v   -16.477955  -106.030345    -3.390247
v    11.360010  -108.754618    -3.632420
v    -5.977452  -107.128285    -3.632420
v    15.809935  -108.754618    -7.658542
v    35.088520  -106.946316    -7.658542
v    53.797558  -104.894820    -7.288650
v    37.050732  -106.749890    -7.777758
v    53.222907  -105.014546    -7.777758
v    69.495421  -100.359692    -7.288650
v    70.731455   -99.980107    -7.051239
v    76.626423   -98.015514    -7.051239
v    79.433349   -96.787474    -4.901106
v    88.734722   -92.052690    -4.901106
v    90.634860   -91.022435    -4.229008
v    91.472941   -90.486220    -3.055218
v    94.397211   -88.408704    -0.998280
v   103.013392   -81.241308     3.282770
v   100.377382   -83.734803    -0.998280
v   100.529080   -83.607255    -0.910357
v   103.662020   -80.540810     3.708783
v   110.518197   -71.987213     8.553939
v   108.111095   -75.377972     3.708783
v   108.262283   -75.184948     3.851297
v   110.556632   -71.922758     8.577918
v   116.286637   -61.085527    12.169524
v   114.550442   -64.806552     8.577918
v   115.664198   -62.497578    10.435030
v   116.908225   -59.249503    12.539926
v   121.180092   -45.837995    12.539926
v   121.610526   -43.963197    14.215238
v   122.579728   -35.668950    14.312175
v   122.411873   -37.189502    14.215238
v   123.072066   -13.520515    -2.206253
v   122.241298    -4.889878    -1.638576
v   119.684879    16.717239    -1.638576
v   118.970775    23.345018    -1.077021
v   117.179139    27.969090    -4.281218
v   116.942578    28.763634    -4.114724
v   109.241858    49.722974    -4.114724
v   108.166876    51.396755    -5.496674
v   106.847851    53.588725    -6.403291
v   104.045857    57.010435    -9.659358
v    98.109223    66.008753    -9.659358
v    96.381701    67.832871   -11.125150
v    93.332093    69.899503   -15.450077
v    86.186636    76.704660   -15.450077
v    94.007762    69.350023   -14.964881
v    85.799737    76.984928   -15.669291
v    82.869175    80.210893    -6.422508
v    83.266957    77.913993   -19.352392
v    74.453331    83.188394   -19.352392
v    74.602308    83.371044   -17.645108
v    71.834838    85.844302    -6.249212
v    72.827678    83.443152   -21.461030
v    67.292908    85.287678   -21.461030
v    65.695996    86.993262   -12.838726
v   -20.638599   100.387423     6.501933
v   -45.679161   100.367355   -10.024828
v   -51.363249    99.871105    -9.668882
v   -63.294340    98.590685    -9.668882
v   -70.513095    97.885254    -9.086239
v   -70.760370    97.798351    -9.249331
v   -76.979653    96.119128    -8.008026
v   -92.432793    91.071084    -7.261270
v   -89.406993    91.977701    -8.008026
v   -95.617092    89.332848    -8.515670
v   -95.945658    89.088804    -8.813454
v  -106.502112    82.771564    -8.813454
v  -107.231692    82.144874    -9.371948
v  -112.137051    79.227237    -0.314448
v  -107.749710    81.541143    -9.941837
v  -115.216251    74.430209    -9.941837
v  -115.258427    74.467113    -9.543034
v  -107.317235    82.023448    -9.578067
v  -118.496127    71.799641    -0.704918
v  -115.357235    74.081745   -10.473971
v  -121.132817    65.327642   -10.473971
v  -121.202034    65.378831    -9.856974
v  -125.961817    52.273951   -10.243192
v  -121.140640    65.281724   -10.536555
v  -125.817942    52.551497   -10.536555
v  -126.549733    50.756630    -9.191679
v  -128.844592    31.140295    -9.399669
v  -126.814014    48.303440    -9.399669
v  -129.430126    27.298183    -7.670447
v  -129.031833    29.194579    -9.527558
v  -128.685071    19.557497    -7.161442
v  -125.977633    -4.133939    -6.394788
v  -126.952277     4.911487    -7.161442
v  -123.242135   -12.560837    -6.912126
v  -124.997378    -6.663828    -8.147989
v  -115.537504   -33.938026    -5.865375
v  -116.872175   -29.897959    -6.912126
v  -111.712569   -40.293871    -8.494072
v  -100.268714   -57.595279    -8.667709
v  -111.563251   -40.476181    -8.667709
v   -97.213664   -60.996753    -9.834696
v   -99.316690   -58.600535    -9.475518
v   -95.916577   -62.051667   -10.766142
v   -81.609846   -75.677117   -10.766142
v   -79.254104   -77.383380   -12.100814
v   -78.710746   -77.815856   -12.023264
v   -77.882528   -78.252923   -12.391285
v   -55.016078   -91.936706   -12.391115
v   -50.741831   -94.059289   -12.959983
v   -52.034666   -93.353688   -13.469328
v   -24.112179  -102.880908   -13.348242
v   -49.168898   -94.530709   -13.348072
v   -17.914495  -104.577308   -14.341422
v   -18.198164  -104.477650   -14.528494
v     6.532541  -107.128285   -14.950936
v   -10.361561  -105.315561   -14.950936
v    15.809935  -107.938306   -15.532048
v    16.202615  -107.863477   -15.898369
v    28.958352  -106.749890   -15.099403
v    54.053166  -104.174764   -14.106392
v    41.749972  -105.377295   -15.099403
v    61.642323  -101.829565   -15.718440
v    57.690859  -102.896384   -16.507032
v    76.057385   -97.025565   -15.718440
v    78.579962   -96.269625   -15.095831
v    79.781302   -95.613854   -15.569122
v    81.273794   -94.904512   -15.029506
v    93.465764   -87.906161   -13.161340
v    92.181092   -88.377412   -15.029506
v    93.933273   -87.567562   -12.896549
v   101.094887   -80.746929   -12.896549
v   103.349611   -79.305797    -9.249501
v   103.370529   -79.283688    -9.231815
v   111.115296   -68.414994    -5.798539
v   109.220090   -70.417512    -9.231815
v   109.321959   -70.293194    -9.113619
v   111.340462   -68.064660    -5.509259
v   118.259563   -49.920069    -3.740921
v   117.392400   -51.592660    -5.509259
v   119.128255   -47.677930    -2.187376
v   119.539133   -43.865240    -2.510500
v   122.411873   -19.583507    -2.510500
v   122.930742   -14.193122    -2.864916
v   116.681188   -14.193122   -21.504736
v   116.010621    -6.916375   -20.937229
v   111.275157    27.339679   -20.937059
v   111.017508    29.888955   -20.673968
v   109.063290    33.193151   -22.897910
v   108.273677    34.060994   -23.919491
v    97.025908    59.922461   -23.919491
v    95.958749    61.002545   -24.910971
v    94.157419    61.799980   -27.325046
v    93.218490    62.505411   -28.097142
v    84.872882    72.863739   -28.097142
v    84.861488    72.871562   -28.104455
v    83.034138    77.601414   -20.679580
v    81.904395    73.267303   -31.965784
v    73.640929    79.306147   -31.965784
v    73.821369    79.554612   -31.133995
v    72.511357    82.418679   -25.025085
v    67.602426    79.709711   -37.115017
v    59.231649    83.011866   -37.115017
v    70.156295    78.990846   -36.363669
v    56.806860    83.636686   -37.693238
v    30.154080    84.744490   -45.173214
v    15.152803    86.625411   -45.173214
v    19.405282    87.225061   -41.866127
v    53.733443    83.611516   -39.849834
v    50.912402    82.840611   -43.132772
v    -5.543106    88.889998   -45.036141
v   -10.689617    91.013602   -40.114796
v    -2.489416    88.100046   -46.483736
v   -36.857542    96.919624   -23.786330
v   -46.015890    96.154161   -23.106070
v   -70.643875    93.536178   -21.734154
v   -72.088919    93.931070   -20.052550
v   -56.685778    94.816429   -23.106070
v   -77.627771    92.503883   -18.731824
v   -97.487129    84.669491   -18.731824
v   -98.037630    84.514562   -18.569922
v   -99.094245    83.766786   -18.909372
v   -99.300363    83.517810   -19.124164
v  -110.009536    75.691752   -19.124164
v  -115.099926    73.907769   -11.514259
v  -110.114126    74.983941   -20.094386
v  -116.558065    66.985777   -20.094386
v  -116.696498    67.076932   -19.653407
v  -121.071254    65.262167   -10.766823
v  -116.496671    66.370141   -20.910359
v  -121.593694    54.650952   -20.910359
v  -121.903723    53.771034   -20.949984
v  -121.788078    53.966779   -21.081614
v  -124.551297    33.749094   -21.284332
v  -122.231268    50.531633   -21.284332
v  -125.505022    29.194579   -20.046428
v  -124.835306    30.666663   -21.524634
v  -124.638710    19.792868   -19.313107
v  -121.083158    -7.883535   -18.561589
v  -121.819370    -0.602026   -19.313107
v  -117.568422   -15.759252   -20.427714
v  -118.625037   -12.039757   -21.358991
v  -105.773893   -42.877671   -20.427714
v  -101.880762   -47.630482   -22.546385
v  -104.897038   -43.765411   -21.242496
v   -86.156198   -65.472017   -25.358243
v   -98.460582   -50.200166   -25.358243
v   -83.017646   -67.641708   -27.393072
v   -80.786901   -67.940173   -30.306118
v   -76.404492   -70.102211   -32.582100
v   -60.089632   -82.024968   -32.582100
v   -56.464523   -83.667628   -34.128843
v   -26.359080   -95.549400   -34.114387
v   -55.510288   -83.581235   -35.333244
v   -52.999276   -84.287855   -36.072007
v   -28.105139   -94.108267   -36.072177
v   -20.101193   -98.938118   -30.003062
v   -20.588089   -98.645266   -30.415130
v     8.993383  -102.586185   -30.003062
v    16.202615  -104.861827   -25.299230
v    11.118517  -102.763733   -30.160882
v    29.947281  -103.712867   -24.278159
v    58.517036  -100.491323   -23.225626
v    47.808883  -101.473279   -24.278159
v    64.406392   -97.545964   -26.325573
v    63.638718   -97.743750   -26.508563
v    82.087725   -90.570912   -26.325573
v    82.293674   -90.386222   -26.505502
v    82.497242   -90.242176   -26.570977
v    82.539248   -90.223129   -26.553120
v    92.053543   -88.206156   -15.756534
v    94.162861   -82.746725   -24.326797
v    93.387024   -82.295712   -26.553120
v    93.652156   -82.260168   -26.207038
v   100.676527   -80.464110   -14.588527
v   102.359491   -73.263552   -23.168144
v   101.188933   -72.905735   -26.207038
v   101.563927   -72.739751   -25.704495
v   108.515340   -56.756858   -25.704495
v   110.072626   -55.045323   -23.689563
v   110.922272   -53.608782   -22.722743
v   111.059004   -52.255914   -22.862366
v   115.664198   -18.941511   -22.862366
v   115.954670   -15.790034   -23.108281
v   102.654895   -15.790034   -45.620485
v   100.537243   -12.795017   -48.504280
v    99.466003   -11.641975   -49.896603
v    93.183116    26.137998   -49.896603
v    92.360511    35.297707   -48.787268
v    93.088730    36.597005   -47.292225
v    92.974106    37.033562   -47.167228
v    80.855603    59.685220   -47.167228
v    80.453059    61.117509   -46.667236
v    81.201516    63.630391   -43.789904
v    82.548602    64.641429   -41.194539
v    81.525830    72.906935   -32.944849
v    70.805943    73.530904   -43.789904
v    71.244371    74.060827   -42.717983
v    68.196464    73.287881   -45.968608
v    55.999051    79.206829   -45.968608
v    69.076211    73.063565   -45.676096
v    51.378891    80.306640   -47.228281
v    36.590876    80.208172   -51.099984
v    21.094029    82.545888   -51.099984
v    49.169915    79.183530   -49.648988
v     4.109963    83.867634   -52.535334
v   -25.775587    87.315195   -43.326136
v   -41.256617    84.980030   -43.326136
v   -67.825045    82.815951   -40.261732
v   -72.207624    85.043975   -35.459092
v   -77.431686    83.800288   -34.034797
v   -93.909298    75.804335   -34.034797
v   -98.451228    74.646702   -32.524448
v  -100.760713    75.270671   -30.005953
v  -101.044892    75.614032   -29.311237
v  -109.749847    74.637178   -21.036377
v  -109.787261    66.673877   -30.005953
v  -110.654593    67.325057   -28.334553
v  -116.155691    66.223885   -21.581946
v  -115.632060    55.262846   -30.363600
v  -109.694235    66.361638   -30.363600
v  -115.705528    54.982749   -30.443871
v  -117.966374    34.590747   -32.233466
v  -115.012343    53.745695   -31.867146
v  -115.283937    50.720236   -32.233466
v  -118.303103    30.666663   -32.581760
v  -115.553660    22.816456   -35.398719
v  -115.940558    27.325393   -35.798882
v  -109.583523   -13.549766   -35.275762
v  -109.674678   -12.535157   -35.398719
v  -103.801648   -20.842160   -39.608172
v   -84.378847   -53.019166   -42.643665
v  -100.320754   -23.221201   -42.643665
v   -82.475308   -54.293465   -43.926806
v   -81.726681   -54.329178   -44.693120
v   -77.751068   -56.120474   -46.950565
v   -61.288761   -71.798611   -46.950565
v   -58.014837   -73.187703   -48.492885
v   -57.755318   -73.409468   -48.443396
v   -54.765742   -74.171360   -49.437597
v   -35.482735   -83.528855   -49.437597
v   -34.307245   -83.808612   -49.758170
v   -29.344574   -87.377599   -46.950224
v     4.973213   -92.442139   -47.136276
v   -25.943611   -87.654635   -47.342395
v     4.793965   -92.291121   -47.342395
v    11.118517   -96.383399   -41.500997
v    23.017976   -95.457224   -40.495402
v    65.045667   -90.102043   -38.858865
v    51.780585   -91.118522   -40.495402
v    64.936995   -90.046942   -38.977910
v    66.692408   -89.710213   -38.409893
v    84.236499   -82.361697   -36.728118
v    83.548585   -81.530419   -38.409893
v    92.484488   -81.436033   -28.887945
v    93.440255   -73.711163   -36.598019
v    83.549776   -81.508651   -38.433192
v    92.487890   -72.996210   -38.433192
v   100.003749   -72.397240   -28.541352
v    99.329781   -58.290846   -39.843032
v    91.990789   -71.327360   -40.344044
v    99.034888   -58.160746   -40.344044
v    97.182878   -54.856380   -44.146020
v    98.024361   -45.486301   -45.280865
v   102.326499   -19.617180   -45.280865
v    90.024156   -11.641975   -60.305781
v    86.199731    -7.574357   -63.776470
v    85.351106     3.232093   -62.730570
v    80.874991    24.663874   -62.730570
v    80.025175    36.093102   -61.166821
v    80.286055    36.440035   -60.827541
v    79.135735    41.260702   -59.327056
v    67.609909    57.688825   -59.327056
v    67.393416    58.540171   -59.010905
v    67.814327    59.837939   -57.905651
v    69.850007    61.776851   -55.086141
v    49.726368    71.348288   -57.905651
v    49.946092    71.742669   -57.439843
v    49.430114    71.146251   -58.181327
v    40.562577    71.744370   -59.336920
v    21.154572    75.421008   -59.336920
v    10.403053    76.186642   -60.327889
v     4.109963    81.553558   -55.214200
v   -23.798919    79.566006   -52.641795
v   -35.869804    77.279140   -52.641795
v   -66.966727    75.182067   -48.589482
v   -68.511428    76.235280   -47.151922
v   -77.083902    74.379700   -44.610468
v   -97.773859    65.178665   -41.153894
v   -99.018906    66.364529   -39.429433
v   -92.612381    64.498064   -44.610468
v   -94.208443    64.130043   -44.045852
v  -108.708878    65.761988   -31.735346
v  -105.920660    53.566786   -41.153894
v  -107.652263    54.442112   -39.206308
v  -108.342898    30.419559   -43.607764
v  -104.032766    51.055604   -43.607764
v  -108.585751    27.325393   -43.907249
v   -99.389818    17.544946   -52.252176
v   -90.050180   -24.192953   -52.885328
v   -98.427589    16.825571   -53.078182
v   -90.154940   -22.783113   -53.078182
v   -79.895249   -34.708592   -57.642391
v   -63.095704   -57.031684   -58.587102
v   -78.186095   -35.438001   -58.636421
v   -63.129377   -56.898863   -58.636421
v   -58.844925   -61.080084   -58.587102
v   -39.795587   -72.904034   -58.847132
v   -58.109563   -61.249639   -58.847132
v   -38.792203   -73.121207   -59.144576
v   -35.083252   -76.369962   -57.546644
v   -29.612937   -76.738833   -58.259557
v    -5.484773   -81.309674   -58.259557
v     4.127309   -81.994187   -59.145426
v     4.793965   -82.562714   -58.603769
v    20.569888   -81.439264   -57.149712
v    66.099050   -78.908354   -50.640128
v    49.980445   -75.867760   -57.149712
v    61.818170   -75.069304   -55.607051
v    65.272023   -77.424366   -52.392649
v    82.750980   -80.318195   -40.173638
v    83.353690   -71.527017   -47.502936
v    79.823138   -68.164659   -52.392649
v    91.487907   -71.021243   -41.044202
v    90.042013   -55.532049   -51.266818
v    79.793717   -68.073844   -52.470029
v    88.972303   -54.991242   -52.470029
v    84.364218   -48.861924   -58.459894
v    84.920671   -41.379227   -59.483686
v    89.357160   -20.137239   -59.483686
v    75.822525    -7.574357   -71.481612
v    73.549434    -5.552962   -72.855909
v    72.879038     3.574604   -71.938237
v    66.452276    26.417245   -71.938237
v    65.923883    35.503146   -70.597784
v    66.798868    36.618944   -69.811913
v    66.023031    39.884024   -68.793392
v    51.178724    54.021370   -68.793392
v    50.364452    57.163494   -67.633548
v    50.028744    57.490529   -67.553617
v    49.984697    57.492740   -67.559740
v    20.787402    64.943635   -67.559740
v    16.339518    65.240058   -67.985583
v    10.403053    71.294718   -64.141770
v   -13.782082    69.683350   -61.826163
v   -66.864688    63.179719   -56.938151
v   -67.473861    63.613045   -56.529484
v   -32.076500    65.014722   -61.826163
v   -71.344204    62.778705   -55.379674
v   -93.075129    51.414612   -50.806282
v   -87.210772    47.667736   -55.379674
v  -103.739234    50.990639   -43.835821
v   -85.064380    43.446719   -57.583548
v   -91.800830    19.503247   -57.583548
v   -84.983939    44.827988   -57.379640
v   -91.997426    16.825571   -57.852761
v   -80.018887     3.950618   -64.750434
v   -80.193544     6.328299   -64.989375
v   -68.832511   -35.809934   -64.750264
v   -61.822256   -42.231764   -66.434419
v   -68.537959   -35.975407   -64.870159
v   -42.629383   -59.998130   -66.685605
v   -61.107812   -42.399788   -66.685605
v   -39.303249   -61.462051   -67.146481
v   -40.288606   -60.502713   -67.381001
v   -32.828188   -61.803712   -68.056160
v    -6.052791   -68.636419   -68.056160
v     4.127309   -69.314809   -69.030973
v     7.693575   -65.677286   -71.340118
v    18.294587   -64.971005   -70.325169
v    47.868576   -57.424024   -70.325169
v    56.135443   -56.987977   -69.163624
v    59.618888   -59.465656   -66.826759
v    62.333298   -63.318822   -63.671540
v    75.957387   -64.420334   -56.773017
v    72.055922   -47.620958   -66.826759
v    74.605369   -49.249842   -64.838527
v    68.878935   -43.569496   -69.680452
v    69.263282   -36.959744   -70.655606
v    75.218964   -15.791225   -70.655606
v    61.233996    -5.552962   -78.811760
v    58.979273    -3.706735   -79.651032
v    58.319250     4.562853   -78.845093
v    49.182500    25.570321   -78.845093
v    48.854784    31.209681   -78.012964
v    50.440301    34.947713   -76.755503
v    50.496933    35.001624   -76.724211
v    22.821211    45.843107   -76.755503
v    21.860002    47.999363   -76.024903
v    16.339518    54.114736   -73.634977
v     3.062701    53.153528   -72.402515
v   -61.214443    39.483011   -67.597664
v   -66.184937    44.216944   -64.845160
v   -27.022164    41.285361   -72.402515
v   -61.458997    35.276449   -68.218402
v   -72.541122     9.795588   -68.218402
v   -72.817818     6.328299   -68.556322
v   -57.471139    -6.237815   -74.268300
v   -41.299134   -41.755751   -74.551969
v   -56.592072    -6.593251   -74.551969
v   -39.639638   -42.396217   -74.931044
v   -28.539655   -41.353377   -77.160088
v    -2.581251   -51.593850   -77.160088
v   -35.918272   -40.964438   -76.123200
v     7.693575   -52.337715   -78.113813
v    10.389448   -49.351371   -79.280970
v    21.557967   -48.542882   -78.244253
v    44.652644   -39.432151   -78.244253
v    51.374809   -39.077906   -77.299541
v    55.639023   -43.139061   -74.938186
v    51.659669   -34.176628   -78.022828
v    60.587919   -13.648234   -78.022828
v    42.732098    -3.706735   -84.110140
v    42.519687    -3.609798   -84.156908
v    41.911874     0.755434   -83.802662
v    24.483938    17.353453   -83.802662
v    24.483938    24.733090   -82.649961
v    22.821211    28.039327   -81.886198
v    24.178841    16.194459   -83.938204
v    -8.354453   -14.789711   -83.938204
v   -13.364572   -15.986119   -83.379880
v   -28.599688   -15.986119   -81.113422
v   -49.191517    -6.593251   -76.583227
v     4.149418   -32.666279   -83.379880
v    10.389448   -33.454021   -83.862185
v    12.780904   -30.962226   -84.308436
v    12.908963   -30.475500   -84.365408
v    40.648800    -4.056559   -84.365408
v    24.178841    -4.056559   -85.833070
v    12.908963   -14.789711   -85.833070
f      1      2      3
f      1      3      4
f      5      6      7
f      5      7      2
f      5      2      1
f      7      8      9
f      7      9      3
f      7      3      2
f      4      3      9
f      4      9     10
f      4     10     11
f      4     11     12
f     13     14     15
f     13     15     16
f     13     16     17
f     18     19     20
f     18     20     21
f     18     21     22
f     18     22      5
f     18      5      1
f     18      1      4
f     18      4     12
f     18     12     23
f     18     23     14
f     18     14     13
f     20     24     25
f     20     25     21
f     21     25     26
f     21     26     27
f     21     27     28
f     21     28     22
f     22     28     29
f     22     29     30
f     22     30     31
f     22     31      6
f     22      6      5
f     29     32     33
f     29     33     34
f     29     34     35
f     29     35     30
f     30     35     36
f     30     36     37
f     30     37     31
f     31     37     38
f     31     38     39
f     31     39      8
f     31      8      7
f     31      7      6
f      9      8     39
f      9     39     40
f      9     40     41
f      9     41     10
f     10     41     42
f     10     42     43
f     10     43     44
f     10     44     11
f     12     11     44
f     12     44     45
f     12     45     23
f     23     45     46
f     23     46     15
f     23     15     14
f     47     17     16
f     47     16     48
f     47     48     49
f     47     49     50
f     51     52     53
f     51     53     18
f     51     18     13
f     51     13     17
f     51     17     47
f     53     54     55
f     53     55     19
f     53     19     18
f     55     56     57
f     55     57     24
f     55     24     20
f     55     20     19
f     57     58     59
f     57     59     26
f     57     26     25
f     57     25     24
f     26     59     60
f     26     60     61
f     26     61     62
f     26     62     27
f     27     62     63
f     27     63     64
f     27     64     32
f     27     32     29
f     27     29     28
f     63     65     66
f     63     66     67
f     63     67     68
f     63     68     69
f     63     69     64
f     64     69     70
f     64     70     33
f     64     33     32
f     68     71     72
f     68     72     73
f     68     73     74
f     68     74     70
f     68     70     69
f     33     70     74
f     33     74     75
f     33     75     76
f     33     76     34
f     34     76     77
f     34     77     36
f     34     36     35
f     36     77     78
f     36     78     79
f     36     79     38
f     36     38     37
f     38     79     80
f     38     80     40
f     38     40     39
f     40     80     81
f     40     81     82
f     40     82     83
f     40     83     42
f     40     42     41
f     43     42     83
f     43     83     84
f     43     84     85
f     46     45     44
f     46     44     43
f     46     43     85
f     46     85     86
f     46     86     87
f     88     87     86
f     88     86     89
f     88     89     90
f     88     90     91
f     16     15     46
f     16     46     87
f     16     87     88
f     16     88     48
f     49     48     88
f     49     88     91
f     49     91     92
f     49     92     93
f     94     50     49
f     94     49     93
f     94     93     95
f     94     95     96
f     97     98     51
f     97     51     47
f     97     47     50
f     97     50     94
f     97     94     99
f    100    101     52
f    100     52     51
f    100     51     98
f    102    103     54
f    102     54     53
f    102     53     52
f    102     52    101
f    104    105     56
f    104     56     55
f    104     55     54
f    104     54    103
f    106    107     58
f    106     58     57
f    106     57     56
f    106     56    105
f    108    109     60
f    108     60     59
f    108     59     58
f    108     58    107
f     60    109    110
f     60    110    111
f     60    111    112
f     60    112     61
f     61    112    113
f     61    113     65
f     61     65     63
f     61     63     62
f    113    114    115
f    113    115    116
f    113    116     66
f    113     66     65
f     66    116    117
f     66    117    118
f     66    118     67
f    117    119    120
f    117    120    121
f    117    121    118
f     67    118    121
f     67    121    122
f     67    122     71
f     67     71     68
f    122    123    124
f    122    124     72
f    122     72     71
f     72    124    125
f     72    125    126
f     72    126    127
f     72    127     73
f     74     73    127
f     74    127    128
f     74    128    129
f     74    129     75
f    128    130    131
f    128    131    132
f    128    132    129
f     75    129    132
f     75    132    133
f     75    133    134
f     75    134    135
f     75    135    136
f     75    136     78
f     75     78     77
f     75     77     76
f    135    137    138
f    135    138    139
f    135    139    136
f     78    136    139
f     78    139    140
f     78    140     81
f     78     81     80
f     78     80     79
f     82     81    140
f     82    140    141
f     82    141    142
f     82    142    143
f     84     83     82
f     84     82    143
f     84    143    144
f     84    144    145
f     86     85     84
f     86     84    145
f     86    145    146
f     86    146    147
f     86    147     89
f    148    147    146
f    148    146    149
f    148    149    150
f    148    150    151
f     90     89    147
f     90    147    148
f     90    148    152
f    153    152    148
f    153    148    151
f    153    151    154
f    153    154    155
f     92     91     90
f     92     90    152
f     92    152    153
f     92    153    156
f     95     93     92
f     95     92    156
f     95    156    157
f     95    157    158
f    159     96     95
f    159     95    158
f    159    158    160
f    159    160    161
f    162     99     94
f    162     94     96
f    162     96    159
f    162    159    163
f    164    165     97
f    164     97     99
f    164     99    162
f    166    167    100
f    166    100     98
f    166     98     97
f    166     97    165
f    168    169    170
f    168    170    102
f    168    102    101
f    168    101    100
f    168    100    167
f    170    171    104
f    170    104    103
f    170    103    102
f    172    173    106
f    172    106    105
f    172    105    104
f    172    104    171
f    174    175    108
f    174    108    107
f    174    107    106
f    174    106    173
f    176    177    110
f    176    110    109
f    176    109    108
f    176    108    175
f    178    179    180
f    178    180    111
f    178    111    110
f    178    110    177
f    111    180    181
f    111    181    114
f    111    114    113
f    111    113    112
f    181    182    183
f    181    183    184
f    181    184    115
f    181    115    114
f    115    184    185
f    115    185    119
f    115    119    117
f    115    117    116
f    183    186    187
f    183    187    188
f    183    188    189
f    183    189    185
f    183    185    184
f    185    189    190
f    185    190    120
f    185    120    119
f    190    189    188
f    190    188    191
f    190    191    192
f    190    192    193
f    121    120    190
f    121    190    193
f    121    193    194
f    121    194    123
f    121    123    122
f    194    195    196
f    194    196    197
f    194    197    125
f    194    125    124
f    194    124    123
f    125    197    198
f    125    198    199
f    125    199    126
f    127    126    199
f    127    199    200
f    127    200    201
f    127    201    130
f    127    130    128
f    201    202    203
f    201    203    131
f    201    131    130
f    132    131    203
f    132    203    204
f    132    204    205
f    132    205    133
f    133    205    206
f    133    206    207
f    133    207    134
f    134    207    208
f    134    208    209
f    134    209    137
f    134    137    135
f    138    137    209
f    138    209    210
f    138    210    211
f    138    211    212
f    140    139    138
f    140    138    212
f    140    212    213
f    140    213    214
f    140    214    141
f    142    141    214
f    142    214    215
f    142    215    216
f    142    216    217
f    144    143    142
f    144    142    217
f    144    217    218
f    144    218    219
f    146    145    144
f    146    144    219
f    146    219    220
f    146    220    221
f    146    221    222
f    146    222    149
f    223    150    149
f    223    149    222
f    223    222    224
f    151    150    223
f    151    223    225
f    151    225    226
f    151    226    154
f    227    226    225
f    227    225    228
f    227    228    229
f    227    229    230
f    155    154    226
f    155    226    227
f    155    227    231
f    232    231    227
f    232    227    230
f    232    230    233
f    232    233    234
f    157    156    153
f    157    153    155
f    157    155    231
f    157    231    232
f    157    232    235
f    160    158    157
f    160    157    235
f    160    235    236
f    160    236    237
f    238    161    160
f    238    160    237
f    238    237    239
f    238    239    240
f    238    240    241
f    242    163    159
f    242    159    161
f    242    161    238
f    242    238    243
f    244    245    164
f    244    164    162
f    244    162    163
f    244    163    242
f    246    247    166
f    246    166    165
f    246    165    164
f    246    164    245
f    248    249    250
f    248    250    247
f    248    247    246
f    248    246    251
f    250    252    168
f    250    168    167
f    250    167    166
f    250    166    247
f    253    254    255
f    253    255    169
f    253    169    168
f    253    168    252
f    255    256    172
f    255    172    171
f    255    171    170
f    255    170    169
f    257    258    174
f    257    174    173
f    257    173    172
f    257    172    256
f    259    260    176
f    259    176    175
f    259    175    174
f    259    174    258
f    261    262    178
f    261    178    177
f    261    177    176
f    261    176    260
f    263    264    179
f    263    179    178
f    263    178    262
f    263    262    265
f    266    267    268
f    266    268    182
f    266    182    181
f    266    181    180
f    266    180    179
f    266    179    264
f    269    270    271
f    269    271    272
f    269    272    273
f    269    273    268
f    269    268    267
f    268    273    274
f    268    274    186
f    268    186    183
f    268    183    182
f    272    275    276
f    272    276    277
f    272    277    274
f    272    274    273
f    274    277    278
f    274    278    187
f    274    187    186
f    276    279    280
f    276    280    278
f    276    278    277
f    187    278    280
f    187    280    281
f    187    281    191
f    187    191    188
f    191    281    282
f    191    282    283
f    191    283    284
f    191    284    192
f    193    192    284
f    193    284    285
f    193    285    195
f    193    195    194
f    285    286    287
f    285    287    288
f    285    288    196
f    285    196    195
f    196    288    289
f    196    289    290
f    196    290    198
f    196    198    197
f    199    198    290
f    199    290    291
f    199    291    292
f    199    292    200
f    200    292    293
f    200    293    294
f    200    294    202
f    200    202    201
f    203    202    294
f    203    294    295
f    203    295    296
f    203    296    204
f    204    296    297
f    204    297    298
f    204    298    206
f    204    206    205
f    206    298    299
f    206    299    300
f    206    300    208
f    206    208    207
f    208    300    301
f    208    301    302
f    208    302    210
f    208    210    209
f    210    302    303
f    210    303    304
f    210    304    305
f    210    305    211
f    212    211    305
f    212    305    306
f    212    306    307
f    212    307    213
f    214    213    307
f    214    307    308
f    214    308    309
f    214    309    215
f    215    309    310
f    215    310    311
f    215    311    216
f    217    216    311
f    217    311    312
f    217    312    313
f    217    313    314
f    217    314    218
f    219    218    314
f    219    314    315
f    219    315    316
f    219    316    317
f    219    317    220
f    221    220    317
f    221    317    318
f    221    318    319
f    221    319    320
f    224    222    221
f    224    221    320
f    224    320    321
f    224    321    322
f    322    321    323
f    322    323    324
f    322    324    325
f    228    225    223
f    228    223    224
f    228    224    322
f    228    322    325
f    228    325    326
f    327    229    228
f    327    228    326
f    327    326    328
f    327    328    329
f    233    230    229
f    233    229    327
f    233    327    330
f    331    234    233
f    331    233    330
f    331    330    332
f    331    332    333
f    334    236    235
f    334    235    232
f    334    232    234
f    334    234    331
f    237    236    334
f    237    334    335
f    237    335    239
f    336    241    240
f    336    240    337
f    336    337    338
f    336    338    339
f    340    243    238
f    340    238    241
f    340    241    336
f    341    342    244
f    341    244    242
f    341    242    243
f    341    243    340
f    341    340    343
f    344    251    246
f    344    246    245
f    344    245    244
f    344    244    342
f    345    346    347
f    345    347    248
f    345    248    251
f    345    251    344
f    347    348    349
f    347    349    249
f    347    249    248
f    350    351    352
f    350    352    349
f    350    349    348
f    350    348    353
f    349    352    253
f    349    253    252
f    349    252    250
f    349    250    249
f    354    355    356
f    354    356    254
f    354    254    253
f    354    253    352
f    354    352    351
f    356    357    257
f    356    257    256
f    356    256    255
f    356    255    254
f    358    359    259
f    358    259    258
f    358    258    257
f    358    257    357
f    360    361    261
f    360    261    260
f    360    260    259
f    360    259    359
f    362    363    265
f    362    265    262
f    362    262    261
f    362    261    361
f    364    365    263
f    364    263    265
f    364    265    363
f    364    363    366
f    364    366    367
f    368    369    266
f    368    266    264
f    368    264    263
f    368    263    365
f    370    371    372
f    370    372    269
f    370    269    267
f    370    267    266
f    370    266    369
f    372    373    374
f    372    374    270
f    372    270    269
f    375    376    377
f    375    377    378
f    375    378    271
f    375    271    270
f    375    270    374
f    271    378    379
f    271    379    275
f    271    275    272
f    377    380    381
f    377    381    382
f    377    382    379
f    377    379    378
f    379    382    383
f    379    383    279
f    379    279    276
f    379    276    275
f    381    384    385
f    381    385    383
f    381    383    382
f    280    279    383
f    280    383    385
f    280    385    386
f    280    386    282
f    280    282    281
f    282    386    387
f    282    387    388
f    282    388    389
f    282    389    283
f    284    283    389
f    284    389    390
f    284    390    286
f    284    286    285
f    390    391    392
f    390    392    393
f    390    393    287
f    390    287    286
f    287    393    394
f    287    394    395
f    287    395    289
f    287    289    288
f    290    289    395
f    290    395    396
f    290    396    291
f    291    396    397
f    291    397    398
f    291    398    399
f    291    399    293
f    291    293    292
f    293    399    400
f    293    400    401
f    293    401    295
f    293    295    294
f    295    401    402
f    295    402    403
f    295    403    297
f    295    297    296
f    297    403    404
f    297    404    405
f    297    405    299
f    297    299    298
f    299    405    406
f    299    406    407
f    299    407    301
f    299    301    300
f    303    302    301
f    303    301    407
f    303    407    408
f    303    408    409
f    303    409    410
f    411    304    303
f    411    303    410
f    411    410    412
f    413    306    305
f    413    305    304
f    413    304    411
f    413    411    414
f    307    306    413
f    307    413    415
f    307    415    416
f    307    416    308
f    308    416    417
f    308    417    418
f    308    418    310
f    308    310    309
f    311    310    418
f    311    418    419
f    311    419    420
f    311    420    312
f    312    420    421
f    312    421    422
f    312    422    423
f    312    423    313
f    314    313    423
f    314    423    424
f    314    424    425
f    314    425    315
f    316    315    425
f    316    425    426
f    316    426    427
f    316    427    428
f    318    317    316
f    318    316    428
f    318    428    429
f    318    429    430
f    431    319    318
f    431    318    430
f    431    430    432
f    431    432    433
f    323    321    320
f    323    320    319
f    323    319    431
f    323    431    434
f    435    324    323
f    435    323    434
f    435    434    436
f    435    436    437
f    326    325    324
f    326    324    435
f    326    435    438
f    326    438    328
f    329    328    438
f    329    438    439
f    329    439    440
f    329    440    441
f    332    330    327
f    332    327    329
f    332    329    441
f    332    441    442
f    443    333    332
f    443    332    442
f    443    442    444
f    443    444    445
f    446    335    334
f    446    334    331
f    446    331    333
f    446    333    443
f    240    239    335
f    240    335    446
f    240    446    447
f    240    447    337
f    339    338    448
f    339    448    449
f    339    449    450
f    451    343    340
f    451    340    336
f    451    336    339
f    451    339    450
f    451    450    452
f    453    454    341
f    453    341    343
f    453    343    451
f    455    456    345
f    455    345    344
f    455    344    342
f    455    342    341
f    455    341    454
f    457    458    346
f    457    346    345
f    457    345    456
f    459    353    348
f    459    348    347
f    459    347    346
f    459    346    458
f    460    461    462
f    460    462    350
f    460    350    353
f    460    353    459
f    462    463    464
f    462    464    354
f    462    354    351
f    462    351    350
f    465    466    464
f    465    464    463
f    465    463    467
f    464    466    468
f    464    468    469
f    464    469    355
f    464    355    354
f    470    471    472
f    470    472    469
f    470    469    468
f    469    472    473
f    469    473    358
f    469    358    357
f    469    357    356
f    469    356    355
f    473    474    475
f    473    475    360
f    473    360    359
f    473    359    358
f    476    477    362
f    476    362    361
f    476    361    360
f    476    360    475
f    366    363    362
f    366    362    477
f    366    477    478
f    479    480    364
f    479    364    367
f    479    367    481
f    482    483    484
f    482    484    368
f    482    368    365
f    482    365    364
f    482    364    480
f    484    485    486
f    484    486    370
f    484    370    369
f    484    369    368
f    486    487    488
f    486    488    371
f    486    371    370
f    489    373    372
f    489    372    371
f    489    371    488
f    489    488    490
f    491    492    375
f    491    375    374
f    491    374    373
f    491    373    489
f    493    494    495
f    493    495    376
f    493    376    375
f    493    375    492
f    495    496    380
f    495    380    377
f    495    377    376
f    497    498    499
f    497    499    496
f    497    496    495
f    497    495    494
f    500    384    381
f    500    381    380
f    500    380    496
f    500    496    499
f    501    502    500
f    501    500    499
f    501    499    498
f    501    498    503
f    501    503    504
f    387    386    385
f    387    385    384
f    387    384    500
f    387    500    502
f    505    388    387
f    505    387    502
f    505    502    501
f    505    501    506
f    507    391    390
f    507    390    389
f    507    389    388
f    507    388    505
f    507    505    508
f    509    392    391
f    509    391    507
f    509    507    510
f    511    394    393
f    511    393    392
f    511    392    509
f    511    509    512
f    513    397    396
f    513    396    395
f    513    395    394
f    513    394    511
f    514    398    397
f    514    397    513
f    514    513    515
f    516    400    399
f    516    399    398
f    516    398    514
f    516    514    517
f    518    402    401
f    518    401    400
f    518    400    516
f    518    516    519
f    520    404    403
f    520    403    402
f    520    402    518
f    520    518    521
f    520    521    522
f    406    405    404
f    406    404    520
f    406    520    523
f    406    523    524
f    525    408    407
f    525    407    406
f    525    406    524
f    525    524    526
f    409    408    525
f    409    525    527
f    412    410    409
f    412    409    527
f    412    527    528
f    412    528    529
f    530    414    411
f    530    411    412
f    530    412    529
f    530    529    531
f    532    415    413
f    532    413    414
f    532    414    530
f    532    530    533
f    534    417    416
f    534    416    415
f    534    415    532
f    534    532    535
f    536    419    418
f    536    418    417
f    536    417    534
f    536    534    537
f    538    421    420
f    538    420    419
f    538    419    536
f    538    536    539
f    422    421    538
f    422    538    540
f    422    540    541
f    542    424    423
f    542    423    422
f    542    422    541
f    542    541    543
f    542    543    544
f    425    424    542
f    425    542    545
f    425    545    546
f    425    546    426
f    427    426    546
f    427    546    547
f    427    547    548
f    429    428    427
f    429    427    548
f    429    548    549
f    429    549    550
f    429    550    551
f    432    430    429
f    432    429    551
f    432    551    552
f    553    433    432
f    553    432    552
f    553    552    554
f    553    554    555
f    436    434    431
f    436    431    433
f    436    433    553
f    436    553    556
f    557    437    436
f    557    436    556
f    557    556    558
f    557    558    559
f    439    438    435
f    439    435    437
f    439    437    557
f    439    557    560
f    561    440    439
f    561    439    560
f    561    560    562
f    561    562    563
f    442    441    440
f    442    440    561
f    442    561    564
f    442    564    444
f    445    444    564
f    445    564    565
f    445    565    566
f    567    447    446
f    567    446    443
f    567    443    445
f    567    445    566
f    567    566    568
f    448    338    337
f    448    337    447
f    448    447    567
f    452    450    449
f    452    449    569
f    452    569    570
f    571    572    453
f    571    453    451
f    571    451    452
f    571    452    570
f    572    573    574
f    572    574    455
f    572    455    454
f    572    454    453
f    574    575    457
f    574    457    456
f    574    456    455
f    576    577    460
f    576    460    459
f    576    459    458
f    576    458    457
f    576    457    575
f    578    579    461
f    578    461    460
f    578    460    577
f    580    467    463
f    580    463    462
f    580    462    461
f    580    461    579
f    581    582    465
f    581    465    467
f    581    467    580
f    581    580    583
f    584    585    470
f    584    470    468
f    584    468    466
f    584    466    465
f    584    465    582
f    586    587    588
f    586    588    585
f    586    585    584
f    588    589    471
f    588    471    470
f    588    470    585
f    590    591    592
f    590    592    589
f    590    589    588
f    590    588    587
f    592    474    473
f    592    473    472
f    592    472    471
f    592    471    589
f    593    478    477
f    593    477    476
f    481    367    366
f    481    366    478
f    481    478    593
f    594    595    482
f    594    482    480
f    594    480    479
f    596    597    483
f    596    483    482
f    596    482    595
f    598    599    485
f    598    485    484
f    598    484    483
f    598    483    597
f    600    487    486
f    600    486    485
f    600    485    599
f    600    599    601
f    602    490    488
f    602    488    487
f    602    487    600
f    603    604    491
f    603    491    489
f    603    489    490
f    603    490    602
f    605    606    493
f    605    493    492
f    605    492    491
f    605    491    604
f    607    608    609
f    607    609    606
f    607    606    605
f    607    605    610
f    609    611    497
f    609    497    494
f    609    494    493
f    609    493    606
f    612    613    614
f    612    614    611
f    612    611    609
f    612    609    608
f    503    498    497
f    503    497    611
f    503    611    614
f    615    504    503
f    615    503    614
f    615    614    613
f    615    613    616
f    615    616    617
f    618    506    501
f    618    501    504
f    618    504    615
f    619    508    505
f    619    505    506
f    619    506    618
f    619    618    620
f    621    510    507
f    621    507    508
f    621    508    619
f    621    619    622
f    623    512    509
f    623    509    510
f    623    510    621
f    624    515    513
f    624    513    511
f    624    511    512
f    624    512    623
f    624    623    625
f    626    517    514
f    626    514    515
f    626    515    624
f    626    624    627
f    628    519    516
f    628    516    517
f    628    517    626
f    628    626    629
f    630    521    518
f    630    518    519
f    630    519    628
f    631    522    521
f    631    521    630
f    631    630    632
f    633    523    520
f    633    520    522
f    633    522    631
f    633    631    634
f    526    524    523
f    526    523    633
f    526    633    635
f    526    635    636
f    528    527    525
f    528    525    526
f    528    526    636
f    528    636    637
f    528    637    638
f    531    529    528
f    531    528    638
f    531    638    639
f    531    639    640
f    641    533    530
f    641    530    531
f    641    531    640
f    641    640    642
f    643    535    532
f    643    532    533
f    643    533    641
f    643    641    644
f    645    537    534
f    645    534    535
f    645    535    643
f    645    643    646
f    647    539    536
f    647    536    537
f    647    537    645
f    647    645    648
f    649    540    538
f    649    538    539
f    649    539    647
f    543    541    540
f    543    540    649
f    543    649    650
f    543    650    651
f    652    544    543
f    652    543    651
f    652    651    653
f    654    545    542
f    654    542    544
f    654    544    652
f    654    652    655
f    547    546    545
f    547    545    654
f    547    654    656
f    547    656    657
f    549    548    547
f    549    547    657
f    549    657    658
f    549    658    659
f    660    550    549
f    660    549    659
f    660    659    661
f    552    551    550
f    552    550    660
f    552    660    662
f    552    662    554
f    555    554    662
f    555    662    663
f    555    663    664
f    558    556    553
f    558    553    555
f    558    555    664
f    558    664    665
f    666    559    558
f    666    558    665
f    666    665    667
f    666    667    668
f    562    560    557
f    562    557    559
f    562    559    666
f    562    666    669
f    670    563    562
f    670    562    669
f    670    669    671
f    565    564    561
f    565    561    563
f    565    563    670
f    565    670    672
f    568    566    565
f    568    565    672
f    568    672    673
f    568    673    674
f    569    449    448
f    569    448    567
f    569    567    568
f    569    568    674
f    569    674    675
f    570    569    675
f    570    675    676
f    570    676    677
f    570    677    571
f    571    677    678
f    571    678    679
f    571    679    573
f    571    573    572
f    679    680    576
f    679    576    575
f    679    575    574
f    679    574    573
f    681    682    578
f    681    578    577
f    681    577    576
f    681    576    680
f    683    583    580
f    683    580    579
f    683    579    578
f    683    578    682
f    684    685    686
f    684    686    581
f    684    581    583
f    684    583    683
f    686    687    688
f    686    688    586
f    686    586    584
f    686    584    582
f    686    582    581
f    689    690    691
f    689    691    688
f    689    688    687
f    688    691    692
f    688    692    590
f    688    590    587
f    688    587    586
f    693    694    692
f    693    692    691
f    693    691    690
f    693    690    695
f    692    694    696
f    692    696    591
f    692    591    590
f    697    698    699
f    697    699    700
f    697    700    701
f    702    703    699
f    702    699    698
f    702    698    704
f    705    706    596
f    705    596    595
f    705    595    594
f    707    708    598
f    707    598    597
f    707    597    596
f    707    596    706
f    707    706    709
f    710    601    599
f    710    599    598
f    710    598    708
f    711    712    603
f    711    603    602
f    711    602    600
f    711    600    601
f    711    601    710
f    713    610    605
f    713    605    604
f    713    604    603
f    713    603    712
f    714    715    607
f    714    607    610
f    714    610    713
f    715    716    612
f    715    612    608
f    715    608    607
f    717    718    719
f    717    719    716
f    717    716    715
f    616    613    612
f    616    612    716
f    616    716    719
f    616    719    720
f    720    719    718
f    720    718    721
f    720    721    722
f    723    617    616
f    723    616    720
f    723    720    722
f    723    722    724
f    725    620    618
f    725    618    615
f    725    615    617
f    725    617    723
f    725    723    726
f    727    622    619
f    727    619    620
f    727    620    725
f    727    725    728
f    729    625    623
f    729    623    621
f    729    621    622
f    729    622    727
f    730    627    624
f    730    624    625
f    730    625    729
f    730    729    731
f    732    629    626
f    732    626    627
f    732    627    730
f    732    730    733
f    734    632    630
f    734    630    628
f    734    628    629
f    734    629    732
f    735    634    631
f    735    631    632
f    735    632    734
f    735    734    736
f    737    635    633
f    737    633    634
f    737    634    735
f    737    735    738
f    637    636    635
f    637    635    737
f    637    737    739
f    639    638    637
f    639    637    739
f    639    739    740
f    639    740    741
f    639    741    742
f    642    640    639
f    642    639    742
f    642    742    743
f    744    644    641
f    744    641    642
f    744    642    743
f    744    743    745
f    744    745    746
f    744    746    747
f    748    646    643
f    748    643    644
f    748    644    744
f    748    744    749
f    750    648    645
f    750    645    646
f    750    646    748
f    751    650    649
f    751    649    647
f    751    647    648
f    751    648    750
f    751    750    752
f    653    651    650
f    653    650    751
f    653    751    753
f    754    655    652
f    754    652    653
f    754    653    753
f    754    753    755
f    756    656    654
f    756    654    655
f    756    655    754
f    756    754    757
f    658    657    656
f    658    656    756
f    658    756    758
f    661    659    658
f    661    658    758
f    661    758    759
f    661    759    760
f    661    760    761
f    661    761    762
f    763    762    761
f    763    761    764
f    763    764    765
f    663    662    660
f    663    660    661
f    663    661    762
f    663    762    763
f    663    763    766
f    767    766    763
f    767    763    765
f    767    765    768
f    767    768    769
f    665    664    663
f    665    663    766
f    665    766    767
f    665    767    667
f    668    667    767
f    668    767    769
f    668    769    770
f    668    770    771
f    671    669    666
f    671    666    668
f    671    668    771
f    671    771    772
f    673    672    670
f    673    670    671
f    673    671    772
f    673    772    773
f    673    773    774
f    675    674    673
f    675    673    774
f    675    774    775
f    675    775    676
f    676    775    776
f    676    776    777
f    676    777    678
f    676    678    677
f    678    777    778
f    678    778    779
f    678    779    780
f    678    780    781
f    678    781    681
f    678    681    680
f    678    680    679
f    781    782    684
f    781    684    683
f    781    683    682
f    781    682    681
f    783    784    785
f    783    785    786
f    783    786    685
f    783    685    684
f    783    684    782
f    786    787    689
f    786    689    687
f    786    687    686
f    786    686    685
f    785    788    789
f    785    789    787
f    785    787    786
f    789    695    690
f    789    690    689
f    789    689    787
f    790    791    693
f    790    693    695
f    790    695    789
f    790    789    788
f    790    788    792
f    793    701    700
f    793    700    696
f    793    696    694
f    793    694    693
f    793    693    791
f    794    795    697
f    794    697    701
f    794    701    793
f    794    793    796
f    797    704    698
f    797    698    697
f    797    697    795
f    798    709    706
f    798    706    705
f    798    705    703
f    798    703    702
f    799    800    801
f    799    801    707
f    799    707    709
f    799    709    798
f    801    802    711
f    801    711    710
f    801    710    708
f    801    708    707
f    803    804    805
f    803    805    806
f    803    806    714
f    803    714    713
f    803    713    712
f    803    712    711
f    803    711    802
f    806    807    717
f    806    717    715
f    806    715    714
f    805    808    809
f    805    809    807
f    805    807    806
f    809    810    721
f    809    721    718
f    809    718    717
f    809    717    807
f    811    810    809
f    811    809    808
f    811    808    812
f    724    722    721
f    724    721    810
f    724    810    811
f    724    811    813
f    814    726    723
f    814    723    724
f    814    724    813
f    814    813    815
f    814    815    816
f    817    728    725
f    817    725    726
f    817    726    814
f    818    731    729
f    818    729    727
f    818    727    728
f    818    728    817
f    818    817    819
f    820    733    730
f    820    730    731
f    820    731    818
f    820    818    821
f    822    736    734
f    822    734    732
f    822    732    733
f    822    733    820
f    823    738    735
f    823    735    736
f    823    736    822
f    823    822    824
f    825    740    739
f    825    739    737
f    825    737    738
f    825    738    823
f    741    740    825
f    741    825    826
f    741    826    827
f    741    827    828
f    743    742    741
f    743    741    828
f    743    828    829
f    743    829    830
f    743    830    745
f    745    830    831
f    745    831    832
f    745    832    746
f    747    746    832
f    747    832    833
f    747    833    834
f    835    749    744
f    835    744    747
f    835    747    834
f    835    834    836
f    835    836    837
f    838    752    750
f    838    750    748
f    838    748    749
f    838    749    835
f    755    753    751
f    755    751    752
f    755    752    838
f    755    838    839
f    840    757    754
f    840    754    755
f    840    755    839
f    840    839    841
f    840    841    842
f    759    758    756
f    759    756    757
f    759    757    840
f    759    840    843
f    844    760    759
f    844    759    843
f    844    843    845
f    764    761    760
f    764    760    844
f    764    844    846
f    847    846    844
f    847    844    845
f    847    845    848
f    847    848    849
f    768    765    764
f    768    764    846
f    768    846    847
f    768    847    850
f    851    850    847
f    851    847    849
f    851    849    852
f    851    852    853
f    770    769    768
f    770    768    850
f    770    850    851
f    772    771    770
f    772    770    851
f    772    851    853
f    772    853    854
f    772    854    855
f    772    855    856
f    772    856    773
f    774    773    856
f    774    856    776
f    774    776    775
f    778    857    858
f    778    858    859
f    778    859    779
f    779    859    860
f    779    860    861
f    779    861    862
f    779    862    780
f    780    862    863
f    780    863    783
f    780    783    782
f    780    782    781
f    863    864    865
f    863    865    866
f    863    866    867
f    863    867    784
f    863    784    783
f    867    792    788
f    867    788    785
f    867    785    784
f    866    868    869
f    866    869    790
f    866    790    792
f    866    792    867
f    869    796    793
f    869    793    791
f    869    791    790
f    870    871    872
f    870    872    794
f    870    794    796
f    870    796    869
f    870    869    868
f    872    873    874
f    872    874    797
f    872    797    795
f    872    795    794
f    874    875    799
f    874    799    798
f    874    798    702
f    874    702    704
f    874    704    797
f    876    877    878
f    876    878    800
f    876    800    799
f    876    799    875
f    878    879    803
f    878    803    802
f    878    802    801
f    878    801    800
f    880    881    804
f    880    804    803
f    880    803    879
f    880    879    882
f    880    882    883
f    884    812    808
f    884    808    805
f    884    805    804
f    884    804    881
f    885    886    884
f    885    884    881
f    885    881    880
f    815    813    811
f    815    811    812
f    815    812    884
f    815    884    886
f    887    816    815
f    887    815    886
f    887    886    885
f    887    885    888
f    889    819    817
f    889    817    814
f    889    814    816
f    889    816    887
f    890    821    818
f    890    818    819
f    890    819    889
f    891    824    822
f    891    822    820
f    891    820    821
f    891    821    890
f    891    890    892
f    891    892    893
f    894    826    825
f    894    825    823
f    894    823    824
f    894    824    891
f    895    827    826
f    895    826    894
f    895    894    896
f    895    896    897
f    898    829    828
f    898    828    827
f    898    827    895
f    899    831    830
f    899    830    829
f    899    829    898
f    899    898    900
f    832    831    899
f    832    899    901
f    832    901    902
f    832    902    833
f    834    833    902
f    834    902    903
f    834    903    904
f    834    904    836
f    837    836    904
f    837    904    905
f    837    905    906
f    841    839    838
f    841    838    835
f    841    835    837
f    841    837    906
f    841    906    907
f    908    842    841
f    908    841    907
f    908    907    909
f    908    909    910
f    908    910    911
f    845    843    840
f    845    840    842
f    845    842    908
f    845    908    912
f    845    912    848
f    913    912    908
f    913    908    911
f    913    911    914
f    849    848    912
f    849    912    913
f    849    913    915
f    849    915    852
f    916    915    913
f    916    913    914
f    916    914    917
f    916    917    918
f    853    852    915
f    853    915    916
f    853    916    854
f    855    854    916
f    855    916    918
f    855    918    919
f    855    919    920
f    855    920    921
f    776    856    855
f    776    855    921
f    776    921    857
f    776    857    778
f    776    778    777
f    858    922    923
f    858    923    924
f    858    924    860
f    858    860    859
f    860    924    925
f    860    925    926
f    860    926    927
f    860    927    861
f    861    927    928
f    861    928    864
f    861    864    863
f    861    863    862
f    928    929    930
f    928    930    865
f    928    865    864
f    865    930    931
f    865    931    870
f    865    870    868
f    865    868    866
f    931    932    933
f    931    933    871
f    931    871    870
f    933    934    935
f    933    935    873
f    933    873    872
f    933    872    871
f    935    936    876
f    935    876    875
f    935    875    874
f    935    874    873
f    937    938    877
f    937    877    876
f    937    876    936
f    937    936    939
f    940    882    879
f    940    879    878
f    940    878    877
f    940    877    938
f    941    883    882
f    941    882    940
f    941    940    942
f    943    888    885
f    943    885    880
f    943    880    883
f    943    883    941
f    944    945    943
f    944    943    941
f    944    941    942
f    944    942    946
f    947    892    890
f    947    890    889
f    947    889    887
f    947    887    888
f    947    888    943
f    947    943    945
f    948    893    892
f    948    892    947
f    948    947    949
f    950    896    894
f    950    894    891
f    950    891    893
f    950    893    948
f    951    897    896
f    951    896    950
f    951    950    952
f    953    900    898
f    953    898    895
f    953    895    897
f    953    897    951
f    953    951    954
f    955    901    899
f    955    899    900
f    955    900    953
f    955    953    956
f    903    902    901
f    903    901    955
f    903    955    957
f    903    957    958
f    905    904    903
f    905    903    958
f    905    958    959
f    907    906    905
f    907    905    959
f    907    959    960
f    907    960    961
f    907    961    909
f    910    909    961
f    910    961    962
f    910    962    963
f    910    963    964
f    910    964    965
f    914    911    910
f    914    910    965
f    914    965    966
f    914    966    917
f    966    965    964
f    966    964    967
f    966    967    968
f    918    917    966
f    918    966    968
f    918    968    919
f    919    968    967
f    919    967    969
f    919    969    970
f    919    970    971
f    919    971    920
f    921    920    971
f    921    971    922
f    921    922    858
f    921    858    857
f    923    972    973
f    923    973    974
f    923    974    925
f    923    925    924
f    925    974    975
f    925    975    976
f    925    976    977
f    925    977    978
f    925    978    926
f    926    978    929
f    926    929    928
f    926    928    927
f    977    979    980
f    977    980    932
f    977    932    931
f    977    931    930
f    977    930    929
f    977    929    978
f    980    981    934
f    980    934    933
f    980    933    932
f    982    939    936
f    982    936    935
f    982    935    934
f    982    934    981
f    983    984    937
f    983    937    939
f    983    939    982
f    983    982    985
f    946    942    940
f    946    940    938
f    946    938    937
f    946    937    984
f    986    987    944
f    986    944    946
f    986    946    984
f    986    984    983
f    988    949    947
f    988    947    945
f    988    945    944
f    988    944    987
f    989    952    950
f    989    950    948
f    989    948    949
f    989    949    988
f    990    954    951
f    990    951    952
f    990    952    989
f    990    989    991
f    992    956    953
f    992    953    954
f    992    954    990
f    993    994    957
f    993    957    955
f    993    955    956
f    993    956    992
f    993    992    995
f    959    958    957
f    959    957    994
f    959    994    996
f    959    996    960
f    961    960    996
f    961    996    997
f    961    997    998
f    961    998    962
f    963    962    998
f    963    998    999
f    963    999   1000
f    963   1000   1001
f    967    964    963
f    967    963   1001
f    967   1001    969
f    969   1001   1000
f    969   1000   1002
f    969   1002   1003
f    969   1003    970
f    971    970   1003
f    971   1003    972
f    971    972    923
f    971    923    922
f    973   1004   1005
f    973   1005   1006
f    973   1006    975
f    973    975    974
f    975   1006   1007
f    975   1007   1008
f    975   1008    976
f    976   1008   1009
f    976   1009    979
f    976    979    977
f   1009    985    982
f   1009    982    981
f   1009    981    980
f   1009    980    979
f   1007   1010   1011
f   1007   1011   1012
f   1007   1012   1013
f   1007   1013   1014
f   1007   1014    986
f   1007    986    983
f   1007    983    985
f   1007    985   1009
f   1007   1009   1008
f   1014    991    989
f   1014    989    988
f   1014    988    987
f   1014    987    986
f   1013    995    992
f   1013    992    990
f   1013    990    991
f   1013    991   1014
f   1012   1015    993
f   1012    993    995
f   1012    995   1013
f    996    994    993
f    996    993   1015
f    996   1015   1016
f    996   1016    997
f    998    997   1016
f    998   1016   1017
f    998   1017    999
f   1000    999   1017
f   1000   1017   1018
f   1000   1018   1019
f   1000   1019   1005
f   1000   1005   1004
f   1000   1004   1002
f   1003   1002   1004
f   1003   1004    973
f   1003    973    972
f   1005   1019   1020
f   1005   1020   1010
f   1005   1010   1007
f   1005   1007   1006
f   1020   1021   1011
f   1020   1011   1010
f   1017   1016   1015
f   1017   1015   1012
f   1017   1012   1011
f   1017   1011   1021
f   1017   1021   1018
f   1018   1021   1020
f   1018   1020   1019
f    700    699    703
f    700    703    705
f    700    705    594
f    700    594    479
f    700    479    481
f    700    481    593
f    700    593    476
f    700    476    475
f    700    475    474
f    700    474    592
f    700    592    591
f    700    591    696
