v 0.000000 0.000000 0.892511
v 0.095778 0.000000 0.911264
v 0.046987 0.081384 0.894106
v -0.045579 0.078946 0.867320
v -0.091394 0.000000 0.869553
v -0.046790 -0.081042 0.890346
v 0.047752 -0.082430 0.897083
v 0.194210 0.000000 0.913688
v 0.167743 0.096847 0.911255
v 0.096163 0.166560 0.904825
v 0.000000 0.185237 0.871472
v -0.088945 0.154057 0.836906
v -0.153786 0.088789 0.835436
v -0.181237 0.000000 0.852651
v -0.157930 -0.091181 0.857947
v -0.092892 -0.160893 0.874041
v 0.000000 -0.193985 0.912625
v 0.099212 -0.171271 0.921990
v 0.171999 -0.099304 0.934374
v 0.292097 0.000000 0.898981
v 0.277254 0.095181 0.902182
v 0.235307 0.183147 0.917707
v 0.165936 0.255204 0.950499
v 0.072559 0.287943 0.926621
v -0.022954 0.277009 0.855469
v -0.106437 0.242652 0.815491
v -0.174992 0.190092 0.795195
v -0.230338 0.124653 0.806058
v -0.266708 0.044506 0.832193
v -0.266684 -0.044337 0.820111
v -0.237166 -0.128348 0.829952
v -0.182679 -0.198442 0.830124
v -0.111418 -0.254008 0.853655
v -0.023959 -0.289146 0.892951
v 0.074604 -0.294605 0.935321
v 0.170485 -0.260947 0.959322
v 0.243407 -0.189452 0.949299
v 0.282517 -0.096988 0.919309
v 0.391195 0.000000 0.878639
v 0.379474 0.101680 0.882380
v 0.347269 0.200496 0.900643
v 0.293889 0.295286 0.949948
v 0.208297 0.362486 0.952026
v 0.104984 0.393703 0.927540
v 0.000000 0.382814 0.859814
v -0.094635 0.353181 0.821242
v -0.175105 0.303291 0.786586
v -0.240548 0.240548 0.764070
v -0.296756 0.171332 0.769636
v -0.343718 0.092099 0.799236
v -0.365041 0.000000 0.819896
v -0.348726 -0.093441 0.810881
v -0.305452 -0.176353 0.792190
v -0.249389 -0.249389 0.792152
v -0.180809 -0.313171 0.812209
v -0.096860 -0.361486 0.840553
v 0.000000 -0.390051 0.876068
v 0.108752 -0.409662 0.976386
v 0.217121 -0.379469 1.007555
v 0.298947 -0.298947 0.949569
v 0.356060 -0.205572 0.923442
v 0.384390 -0.102997 0.893811
v 0.498757 0.000000 0.863872
v 0.487431 0.103607 0.863117
v 0.458311 0.204053 0.868942
v 0.413409 0.300359 0.885082
v 0.346065 0.383051 0.884703
v 0.262563 0.454772 0.909545
v 0.158991 0.489324 0.891150
v 0.051943 0.494208 0.860708
v -0.050340 0.478950 0.834136
v -0.144957 0.446132 0.812489
v -0.226914 0.393027 0.786053
v -0.291461 0.323700 0.754449
v -0.343062 0.249249 0.734473
v -0.391398 0.174262 0.742077
v -0.429500 0.090924 0.748260
v -0.448754 0.000000 0.765194
v -0.438601 -0.093228 0.776652
v -0.399591 -0.177909 0.757611
v -0.351779 -0.255582 0.753134
v -0.296962 -0.329810 0.768688
v -0.228014 -0.394932 0.789863
v -0.143615 -0.442001 0.804966
v -0.049464 -0.470615 0.819620
v 0.051827 -0.495585 0.875110
v 0.163801 -0.510528 0.961300
v 0.263767 -0.456858 0.913715
v 0.351191 -0.388737 0.897979
v 0.417123 -0.302034 0.881887
v 0.465124 -0.207087 0.881860
v 0.490847 -0.104333 0.869165
v 0.619671 0.000000 0.852904
v 0.605111 0.109812 0.846468
v 0.568778 0.213466 0.836174
v 0.521037 0.311305 0.835398
v 0.465748 0.406912 0.851244
v 0.391386 0.489111 0.853217
v 0.302670 0.562454 0.879123
v 0.193824 0.596530 0.863306
v 0.081728 0.603343 0.838014
v -0.026749 0.595612 0.820615
v -0.131644 0.576768 0.814268
v -0.228023 0.531594 0.787802
v -0.310485 0.468626 0.764690
v -0.370820 0.386294 0.726863
v -0.418789 0.304268 0.712486
v -0.459262 0.221169 0.701600
v -0.495681 0.136206 0.695252
v -0.526026 0.047144 0.714679
v -0.534162 -0.048075 0.738182
v -0.507893 -0.140169 0.725188
v -0.467783 -0.225272 0.714617
v -0.424572 -0.308470 0.722326
v -0.374201 -0.391384 0.745292
v -0.303845 -0.458549 0.747868
v -0.221154 -0.517416 0.774487
v -0.124624 -0.546012 0.770848
v -0.025170 -0.560444 0.772162
v 0.078390 -0.581731 0.819847
v 0.188242 -0.582258 0.854199
v 0.294412 -0.547110 0.855139
v 0.383105 -0.477087 0.824246
v 0.462330 -0.402525 0.834123
v 0.521136 -0.310274 0.824607
v 0.574076 -0.215454 0.843963
v 0.607792 -0.110298 0.850217
v 0.740613 0.000000 0.811765
v 0.730093 0.115635 0.820957
v 0.685071 0.222593 0.800003
v 0.627960 0.319961 0.782733
v 0.570929 0.414804 0.783768
v 0.511876 0.511876 0.803975
v 0.433492 0.594583 0.808701
v 0.341471 0.670175 0.835353
v 0.226776 0.695536 0.804793
v 0.113156 0.714439 0.803355
v 0.000000 0.712193 0.790970
v -0.110347 0.694245 0.773165
v -0.219357 0.672733 0.778093
v -0.320472 0.626732 0.773637
v -0.402823 0.552426 0.750671
v -0.464877 0.464877 0.730156
v -0.503166 0.365572 0.690743
v -0.535808 0.273008 0.667868
v -0.572140 0.185900 0.668127
v -0.606249 0.096020 0.681701
v -0.622308 0.000000 0.691143
v -0.611449 -0.096844 0.687548
v -0.580526 -0.188624 0.677919
v -0.542910 -0.276627 0.676721
v -0.503656 -0.365927 0.691415
v -0.451063 -0.449238 0.697173
v -0.385958 -0.529190 0.718460
v -0.300502 -0.587561 0.724557
v -0.201829 -0.618807 0.714764
v -0.101160 -0.638699 0.718190
v 0.000000 -0.643330 0.714490
v 0.102976 -0.650163 0.731081
v 0.211893 -0.652140 0.761548
v 0.318717 -0.623291 0.769336
v 0.416744 -0.571560 0.777012
v 0.496973 -0.495188 0.770049
v 0.570041 -0.414159 0.782548
v 0.633255 -0.322659 0.789333
v 0.691152 -0.224569 0.807104
v 0.726022 -0.114582 0.805620
v 0.850654 0.000000 0.745257
v 0.849714 0.119420 0.772605
v 0.802347 0.230069 0.751550
v 0.739687 0.329330 0.729047
v 0.676471 0.422706 0.718235
v 0.618093 0.518642 0.726503
v 0.556275 0.617806 0.748541
v 0.472991 0.698752 0.751764
v 0.378270 0.775569 0.776958
v 0.261342 0.801507 0.751814
v 0.144277 0.815347 0.738457
v 0.028954 0.829147 0.747023
v -0.086774 0.825597 0.747466
v -0.200432 0.801035 0.736301
v -0.311769 0.768914 0.739633
v -0.411740 0.710589 0.731630
v -0.491554 0.626835 0.708911
v -0.553531 0.534539 0.692860
v -0.591959 0.430083 0.658827
v -0.623329 0.331430 0.635652
v -0.656711 0.239023 0.629254
v -0.690987 0.146874 0.636067
v -0.715225 0.050013 0.645564
v -0.718379 -0.050234 0.648411
v -0.699078 -0.148594 0.643515
v -0.665697 -0.242294 0.637865
v -0.627541 -0.333670 0.639948
v -0.580004 -0.419548 0.634150
v -0.531130 -0.510784 0.653996
v -0.460988 -0.585331 0.653410
v -0.379604 -0.653541 0.667847
v -0.283150 -0.698131 0.670545
v -0.180479 -0.723863 0.671722
v -0.075424 -0.714683 0.639307
v 0.025071 -0.714989 0.636395
v 0.128859 -0.730794 0.668161
v 0.238066 -0.732692 0.693670
v 0.345197 -0.705143 0.699163
v 0.450301 -0.667599 0.725068
v 0.530039 -0.586474 0.703184
v 0.608329 -0.510448 0.715026
v 0.677931 -0.423618 0.719784
v 0.747814 -0.332948 0.737057
v 0.802388 -0.229231 0.741218
v 0.836772 -0.116737 0.740175
v 0.956225 0.000000 0.684812
v 0.949678 0.122447 0.695693
v 0.922415 0.243250 0.707590
v 0.862830 0.351330 0.691154
v 0.797356 0.451667 0.679665
v 0.733757 0.550749 0.679724
v 0.670136 0.652567 0.691810
v 0.587804 0.737084 0.684959
v 0.505906 0.838772 0.722087
v 0.391215 0.883761 0.702188
v 0.270348 0.907625 0.681396
v 0.151687 0.938239 0.690521
v 0.030707 0.962377 0.708797
v -0.091939 0.957848 0.708395
v -0.210922 0.924591 0.689975
v -0.323753 0.876547 0.672074
v -0.425489 0.809548 0.650208
v -0.511454 0.725714 0.624778
v -0.585932 0.640081 0.614145
v -0.653414 0.556260 0.623463
v -0.696463 0.453347 0.603767
v -0.735082 0.353997 0.592771
v -0.773112 0.256691 0.591850
v -0.807832 0.157325 0.597951
v -0.831132 0.053360 0.605096
v -0.835237 -0.053624 0.608084
v -0.808590 -0.156738 0.587171
v -0.775504 -0.256278 0.582375
v -0.741717 -0.357192 0.598122
v -0.693279 -0.451275 0.601007
v -0.638684 -0.543719 0.609408
v -0.567080 -0.621807 0.602824
v -0.488071 -0.696864 0.610164
v -0.390049 -0.741617 0.593670
v -0.290640 -0.786597 0.601967
v -0.183439 -0.800397 0.589365
v -0.077711 -0.802165 0.578268
v 0.025810 -0.801462 0.575313
v 0.131925 -0.816002 0.600558
v 0.242378 -0.816652 0.618914
v 0.355706 -0.803547 0.638454
v 0.464022 -0.765453 0.650341
v 0.559502 -0.701593 0.651979
v 0.641577 -0.621333 0.648895
v 0.716656 -0.534854 0.649703
v 0.790315 -0.445097 0.658998
v 0.860568 -0.348405 0.674537
v 0.923587 -0.242634 0.698445
v 0.940411 -0.120548 0.673969
v 1.041003 0.000000 0.601023
v 1.027558 0.124768 0.597618
v 1.030282 0.256979 0.640720
v 0.981975 0.376874 0.634242
v 0.922113 0.489733 0.628782
v 0.855845 0.597682 0.627313
v 0.780803 0.698397 0.624159
v 0.694431 0.788219 0.617128
v 0.603678 0.879272 0.625606
v 0.498368 0.954511 0.630858
v 0.381203 1.010305 0.632139
v 0.256672 1.046665 0.630583
v 0.128672 1.065109 0.627636
v 0.000000 1.104403 0.659872
v -0.127387 1.054547 0.621584
v -0.247954 1.005990 0.598191
v -0.361091 0.948518 0.579764
v -0.462597 0.874571 0.558213
v -0.550432 0.788510 0.535876
v -0.639688 0.718316 0.545886
v -0.709737 0.626033 0.538127
v -0.778565 0.537405 0.546189
v -0.832539 0.436950 0.542846
v -0.880586 0.333962 0.543741
v -0.910172 0.223260 0.530729
v -0.951577 0.115542 0.553429
v -0.971643 0.000000 0.565736
v -0.967408 -0.117713 0.567387
v -0.926876 -0.227390 0.540910
v -0.896690 -0.340070 0.553685
v -0.856208 -0.452299 0.572766
v -0.804086 -0.562064 0.592542
v -0.709811 -0.630143 0.551990
v -0.619219 -0.695900 0.529902
v -0.530742 -0.765630 0.530464
v -0.432266 -0.820143 0.528250
v -0.330481 -0.871407 0.538073
v -0.220541 -0.894769 0.532056
v -0.110084 -0.906625 0.527284
v 0.000000 -0.911019 0.525977
v 0.110664 -0.911397 0.530060
v 0.223792 -0.907960 0.539900
v 0.339662 -0.895616 0.553022
v 0.449766 -0.853553 0.550366
v 0.563154 -0.815870 0.572360
v 0.671853 -0.762779 0.597850
v 0.761168 -0.678314 0.600300
v 0.843007 -0.585352 0.604837
v 0.917559 -0.484447 0.611904
v 0.980789 -0.374184 0.619368
v 1.010050 -0.248955 0.600605
v 1.023878 -0.123809 0.586147
v 1.106627 0.000000 0.492702
v 1.096129 0.125769 0.491230
v 1.094672 0.256248 0.513378
v 1.078390 0.389592 0.534561
v 1.000045 0.492734 0.500213
v 0.932686 0.599401 0.493619
v 0.859228 0.702587 0.494164
v 0.766626 0.785588 0.482188
v 0.674446 0.871104 0.484379
v 0.582501 0.967615 0.505364
v 0.463178 1.010269 0.489375
v 0.346120 1.061158 0.491757
v 0.222992 1.096320 0.493082
v 0.098541 1.153322 0.522390
v -0.032644 1.148760 0.518728
v -0.156624 1.085136 0.483104
v -0.276598 1.048164 0.477443
v -0.385895 0.983194 0.459418
v -0.496179 0.936524 0.466116
v -0.593158 0.863833 0.460406
v -0.682210 0.783862 0.455968
v -0.779595 0.717054 0.475106
v -0.869954 0.636228 0.491169
v -0.926663 0.523311 0.473820
v -0.987720 0.417414 0.477419
v -1.022961 0.298921 0.465623
v -1.057387 0.182103 0.468632
v -1.078271 0.061361 0.471716
v -1.084576 -0.061723 0.474614
v -1.074536 -0.185084 0.476616
v -1.045884 -0.305681 0.476578
v -1.009605 -0.426663 0.487996
v -0.947605 -0.536310 0.488664
v -0.866194 -0.630698 0.480753
v -0.772053 -0.708584 0.466569
v -0.677155 -0.781478 0.460386
v -0.576796 -0.843538 0.454973
v -0.471825 -0.894207 0.450149
v -0.366121 -0.942368 0.453019
v -0.257576 -0.984248 0.458875
v -0.145364 -1.017330 0.465764
v -0.029831 -1.056888 0.486869
v 0.088551 -1.037278 0.471530
v 0.203868 -1.006127 0.457060
v 0.317307 -0.972525 0.449947
v 0.432543 -0.943224 0.456311
v 0.551882 -0.915194 0.475823
v 0.665463 -0.864657 0.488744
v 0.778520 -0.805910 0.508678
v 0.875083 -0.719900 0.514842
v 0.976256 -0.634983 0.540320
v 1.045187 -0.519909 0.541671
v 1.079910 -0.387764 0.522940
v 1.092100 -0.253957 0.499208
v 1.106221 -0.126927 0.495753
v 1.166950 0.000000 0.371283
v 1.172527 0.129775 0.383303
v 1.154272 0.258678 0.384348
v 1.110682 0.379420 0.374213
v 1.060113 0.496696 0.370348
v 0.989013 0.601576 0.362095
v 0.914086 0.705032 0.363430
v 0.828339 0.800452 0.366011
v 0.730887 0.882486 0.365644
v 0.635995 0.973463 0.377819
v 0.519463 1.022206 0.367999
v 0.410852 1.097336 0.380717
v 0.286789 1.127966 0.374036
v 0.163273 1.177440 0.386234
v 0.032690 1.185935 0.385480
v -0.097001 1.170631 0.381665
v -0.222006 1.136549 0.376266
v -0.340895 1.089903 0.371049
v -0.453684 1.034296 0.366972
v -0.554134 0.955568 0.354031
v -0.655649 0.887981 0.353376
v -0.755264 0.816619 0.355783
v -0.864387 0.752795 0.372436
v -0.964937 0.670588 0.384870
v -1.048588 0.568758 0.390808
v -1.129651 0.461977 0.406712
v -1.164828 0.330157 0.396913
v -1.213112 0.203860 0.410607
v -1.208631 0.066682 0.393305
v -1.198173 -0.065781 0.382457
v -1.183774 -0.196182 0.379631
v -1.151010 -0.322387 0.374543
v -1.115268 -0.450070 0.381558
v -1.052906 -0.567234 0.382325
v -0.977160 -0.677548 0.386356
v -0.865386 -0.750504 0.366849
v -0.780901 -0.853913 0.384269
v -0.667440 -0.914137 0.375703
v -0.553185 -0.964547 0.368896
v -0.439581 -1.008800 0.364822
v -0.326432 -1.050482 0.364355
v -0.215066 -1.114814 0.382123
v -0.093728 -1.144962 0.386000
v 0.031396 -1.150566 0.384490
v 0.153594 -1.109822 0.366052
v 0.274871 -1.087610 0.366572
v 0.391224 -1.044913 0.362529
v 0.516065 -1.026187 0.380264
v 0.633359 -0.975551 0.385306
v 0.750301 -0.916785 0.392652
v 0.838799 -0.812443 0.373986
v 0.932694 -0.720598 0.373392
v 1.038914 -0.638618 0.396239
v 1.125309 -0.534529 0.414371
v 1.149117 -0.394493 0.394760
v 1.181823 -0.265459 0.397037
v 1.184610 -0.131113 0.387254
v 1.256551 0.000000 0.261332
v 1.243894 0.132243 0.260136
v 1.220782 0.262595 0.259839
v 1.173697 0.384658 0.253193
v 1.099134 0.489867 0.238856
v 1.044091 0.607027 0.244363
v 0.963662 0.707771 0.243954
v 0.881148 0.809532 0.250172
v 0.775470 0.882000 0.245677
v 0.676557 0.963188 0.250191
v 0.567179 1.023932 0.248803
v 0.464894 1.108650 0.260370
v 0.342540 1.136005 0.252204
v 0.226525 1.208587 0.265645
v 0.096654 1.207546 0.257493
v -0.032800 1.238932 0.267557
v -0.162246 1.218836 0.265583
v -0.281879 1.153792 0.252459
v -0.394158 1.088200 0.242864
v -0.511790 1.052485 0.248760
v -0.622089 0.994241 0.249291
v -0.722828 0.916314 0.244240
v -0.824688 0.839992 0.243319
v -0.923163 0.756483 0.243565
v -1.040304 0.686870 0.260605
v -1.124664 0.581629 0.264531
v -1.213816 0.475708 0.279468
v -1.279525 0.351446 0.289671
v -1.312384 0.212988 0.290508
v -1.285221 0.068148 0.268152
v -1.288240 -0.068310 0.268826
v -1.254053 -0.199567 0.257308
v -1.231942 -0.331964 0.259178
v -1.203782 -0.466924 0.266490
v -1.129975 -0.580564 0.259312
v -1.047211 -0.687458 0.256710
v -0.960492 -0.792679 0.260640
v -0.857868 -0.881018 0.261378
v -0.730205 -0.925767 0.246873
v -0.613411 -0.975786 0.241371
v -0.490373 -0.997529 0.228366
v -0.381463 -1.049229 0.231560
v -0.267222 -1.083518 0.230739
v -0.154791 -1.155933 0.247894
v -0.031277 -1.174499 0.249736
v 0.095531 -1.200883 0.260390
v 0.220959 -1.179188 0.259456
v 0.342293 -1.142447 0.258158
v 0.459768 -1.096554 0.257665
v 0.575632 -1.046127 0.259012
v 0.692810 -0.992953 0.262834
v 0.797440 -0.911343 0.257400
v 0.897968 -0.823738 0.253554
v 0.989819 -0.727093 0.250974
v 1.096951 -0.643361 0.265879
v 1.203230 -0.549748 0.288210
v 1.253146 -0.417523 0.288254
v 1.285166 -0.279996 0.287502
v 1.274558 -0.136249 0.272459
v 1.391432 0.000000 0.150556
v 1.403098 0.149701 0.156961
v 1.338730 0.286740 0.148137
v 1.243862 0.401990 0.134600
v 1.141482 0.498972 0.122042
v 1.079224 0.615140 0.124471
v 0.993335 0.714581 0.124063
v 0.900253 0.806314 0.124671
v 0.791518 0.874417 0.121714
v 0.692165 0.952683 0.123769
v 0.582422 1.008785 0.122430
v 0.472565 1.061398 0.122115
v 0.361102 1.111358 0.122820
v 0.245846 1.156615 0.124281
v 0.125203 1.191223 0.125892
v 0.000000 1.208242 0.126991
v -0.125065 1.184725 0.123695
v -0.251406 1.182773 0.127092
v -0.372974 1.147896 0.126858
v -0.491548 1.104035 0.127020
v -0.608160 1.053364 0.127840
v -0.714989 0.979460 0.125540
v -0.814472 0.894019 0.122238
v -0.912865 0.808138 0.120876
v -1.029413 0.739159 0.127827
v -1.111576 0.632434 0.127506
v -1.233721 0.549288 0.141941
v -1.294215 0.420516 0.143028
v -1.339615 0.284744 0.143945
v -1.368447 0.143830 0.144622
v -1.378553 0.000000 0.144892
v -1.351396 -0.141309 0.140038
v -1.328984 -0.281058 0.140077
v -1.355857 -0.445713 0.156431
v -1.299036 -0.584954 0.155784
v -1.204828 -0.700244 0.149832
v -1.107616 -0.810028 0.147410
v -0.977191 -0.879867 0.138206
v -0.843730 -0.930636 0.129124
v -0.717512 -0.976557 0.122909
v -0.586659 -0.996005 0.114096
v -0.471388 -1.037128 0.112415
v -0.356396 -1.074388 0.111869
v -0.241134 -1.113868 0.113617
v -0.125850 -1.192197 0.124495
v 0.000000 -1.214036 0.127600
v 0.124402 -1.178420 0.123020
v 0.248303 -1.168176 0.125523
v 0.366558 -1.128151 0.124675
v 0.484486 -1.090685 0.126316
v 0.594807 -1.030236 0.125033
v 0.709059 -0.975936 0.126790
v 0.825476 -0.916784 0.129662
v 0.941425 -0.847663 0.133147
v 1.036328 -0.749284 0.132143
v 1.129653 -0.649010 0.134543
v 1.247859 -0.559599 0.147522
v 1.359972 -0.450754 0.161822
v 1.377279 -0.296367 0.154992
v 1.415057 -0.150935 0.158056
v 1.493429 0.000000 0.000000
v 1.499466 0.161649 0.000000
v 1.399945 0.301714 0.000000
v 1.264809 0.408747 0.000000
v 1.180569 0.521266 0.000000
v 1.082361 0.617219 0.000000
v 1.003248 0.724887 0.000000
v 0.911479 0.820699 0.000000
v 0.791701 0.874434 0.000000
v 0.693597 0.954655 0.000000
v 0.582587 1.009071 0.000000
v 0.469688 1.054935 0.000000
v 0.355420 1.093870 0.000000
v 0.244256 1.157248 0.000000
v 0.122167 1.165030 0.000000
v 0.000000 1.172923 0.000000
v -0.123838 1.178243 0.000000
v -0.248885 1.170914 0.000000
v -0.374255 1.151839 0.000000
v -0.499081 1.120954 0.000000
v -0.622194 1.077671 0.000000
v -0.747267 1.030760 0.000000
v -0.849149 0.938661 0.000000
v -0.960515 0.860756 0.000000
v -1.063826 0.769203 0.000000
v -1.171406 0.676312 0.000000
v -1.252203 0.557517 0.000000
v -1.303440 0.421382 0.000000
v -1.379213 0.293161 0.000000
v -1.417897 0.149027 0.000000
v -1.410824 0.000000 0.000000
v -1.418030 -0.149041 0.000000
v -1.432275 -0.308066 0.000000
v -1.414869 -0.468965 0.000000
v -1.295656 -0.580866 0.000000
v -1.214744 -0.706096 0.000000
v -1.119142 -0.818524 0.000000
v -0.993318 -0.894387 0.000000
v -0.870296 -0.962178 0.000000
v -0.745242 -1.016502 0.000000
v -0.615713 -1.050220 0.000000
v -0.490888 -1.082210 0.000000
v -0.367536 -1.108604 0.000000
v -0.245898 -1.135793 0.000000
v -0.127038 -1.203415 0.000000
v 0.000000 -1.215730 0.000000
v 0.125746 -1.196391 0.000000
v 0.248546 -1.169315 0.000000
v 0.369004 -1.135679 0.000000
v 0.487103 -1.094052 0.000000
v 0.602336 -1.043277 0.000000
v 0.729065 -1.010680 0.000000
v 0.826263 -0.917658 0.000000
v 0.922836 -0.826630 0.000000
v 1.025775 -0.741394 0.000000
v 1.136300 -0.656043 0.000000
v 1.291168 -0.586044 0.000000
v 1.344945 -0.442418 0.000000
v 1.409944 -0.303380 0.000000
v 1.502868 -0.161719 0.000000
v 1.431412 0.000000 -0.154491
v 1.436430 0.153049 -0.159673
v 1.358908 0.291004 -0.150195
v 1.244763 0.402286 -0.134706
v 1.150061 0.506390 -0.126578
v 1.059013 0.603111 -0.121609
v 0.989349 0.714881 -0.125743
v 0.892868 0.799614 -0.123575
v 0.781937 0.859100 -0.117589
v 0.688836 0.943220 -0.120668
v 0.578781 0.997395 -0.119231
v 0.469831 1.055258 -0.121408
v 0.357830 1.109196 -0.125182
v 0.237573 1.125760 -0.123561
v 0.118709 1.137586 -0.122807
v 0.000000 1.146903 -0.123102
v -0.120439 1.153973 -0.124472
v -0.244348 1.157477 -0.126841
v -0.365513 1.124932 -0.124320
v -0.493466 1.108342 -0.127516
v -0.623588 1.082425 -0.132155
v -0.754697 1.045553 -0.138278
v -0.854928 0.949494 -0.134289
v -0.962317 0.866474 -0.136102
v -1.048890 0.758431 -0.133815
v -1.140912 0.655522 -0.135941
v -1.243278 0.553543 -0.143040
v -1.323395 0.429997 -0.146253
v -1.372883 0.290413 -0.144916
v -1.439537 0.151301 -0.152135
v -1.435390 0.000000 -0.148278
v -1.437755 -0.151114 -0.151947
v -1.391940 -0.295866 -0.149567
v -1.327463 -0.431319 -0.146702
v -1.250991 -0.556977 -0.143928
v -1.165733 -0.673036 -0.141478
v -1.073680 -0.780074 -0.139488
v -0.976254 -0.879023 -0.138073
v -0.873042 -0.969611 -0.137134
v -0.761980 -1.048776 -0.136253
v -0.634767 -1.095166 -0.131520
v -0.488789 -1.077677 -0.117752
v -0.366379 -1.108402 -0.116742
v -0.246465 -1.147240 -0.119653
v -0.125561 -1.194632 -0.126252
v 0.000000 -1.216122 -0.130124
v 0.125620 -1.203031 -0.129478
v 0.250493 -1.186246 -0.129827
v 0.375474 -1.163229 -0.130937
v 0.499119 -1.128497 -0.132258
v 0.606710 -1.050852 -0.127536
v 0.716435 -0.986088 -0.128109
v 0.819221 -0.909837 -0.128680
v 0.934982 -0.848096 -0.136089
v 1.009640 -0.733546 -0.131168
v 1.121863 -0.652699 -0.140301
v 1.210253 -0.542994 -0.143453
v 1.267493 -0.411834 -0.140075
v 1.347810 -0.287177 -0.146156
v 1.445067 -0.154031 -0.160831
v 1.334389 0.000000 -0.283633
v 1.343909 0.144685 -0.295067
v 1.297381 0.282619 -0.290019
v 1.216164 0.403328 -0.274919
v 1.119108 0.505157 -0.255858
v 1.026186 0.598264 -0.242602
v 0.956961 0.707333 -0.248311
v 0.856272 0.782468 -0.237894
v 0.753798 0.849250 -0.229913
v 0.660354 0.931120 -0.235164
v 0.549135 0.981934 -0.232033
v 0.436952 1.030443 -0.234455
v 0.326112 1.089007 -0.246667
v 0.204251 1.090934 -0.240962
v 0.088125 1.116599 -0.248231
v -0.028774 1.088314 -0.236491
v -0.145231 1.092285 -0.239260
v -0.266517 1.098473 -0.245241
v -0.381831 1.053872 -0.234919
v -0.508140 1.040308 -0.242771
v -0.642884 1.029674 -0.259710
v -0.755945 0.962859 -0.260202
v -0.864665 0.887997 -0.263449
v -0.967519 0.802138 -0.267139
v -1.086976 0.725890 -0.284244
v -1.162345 0.603986 -0.278428
v -1.277481 0.502771 -0.298602
v -1.317412 0.357640 -0.285447
v -1.379723 0.221299 -0.292273
v -1.431802 0.076312 -0.304771
v -1.455554 -0.078054 -0.316633
v -1.389719 -0.223904 -0.299203
v -1.324493 -0.361203 -0.291811
v -1.267076 -0.498727 -0.296329
v -1.175565 -0.614946 -0.288698
v -1.081385 -0.722201 -0.282877
v -0.986358 -0.823178 -0.279168
v -0.888796 -0.918661 -0.277352
v -0.760328 -0.964201 -0.257440
v -0.643102 -1.020586 -0.250974
v -0.516820 -1.051487 -0.241224
v -0.390187 -1.067945 -0.232575
v -0.271083 -1.100913 -0.235582
v -0.152417 -1.138202 -0.244092
v -0.030323 -1.138662 -0.242116
v 0.090979 -1.136652 -0.242376
v 0.217188 -1.159265 -0.255268
v 0.343538 -1.146559 -0.259045
v 0.461357 -1.093178 -0.252208
v 0.580394 -1.047789 -0.254600
v 0.689898 -0.982181 -0.255124
v 0.803080 -0.924049 -0.266050
v 0.910972 -0.852716 -0.277954
v 0.959771 -0.713053 -0.254146
v 1.039775 -0.612682 -0.256526
v 1.141942 -0.522109 -0.274606
v 1.197085 -0.396016 -0.268010
v 1.266806 -0.273972 -0.275493
v 1.342906 -0.144578 -0.294864
v 1.217825 0.000000 -0.388457
v 1.225509 0.135639 -0.400623
v 1.191739 0.267075 -0.396824
v 1.139167 0.391077 -0.391342
v 1.060192 0.497922 -0.373832
v 0.973883 0.592869 -0.357540
v 0.916579 0.713402 -0.377391
v 0.815723 0.789941 -0.363302
v 0.713625 0.860891 -0.355674
v 0.617322 0.944881 -0.366726
v 0.500183 0.988388 -0.359927
v 0.385697 1.036878 -0.366491
v 0.259755 1.028009 -0.346792
v 0.143738 1.043673 -0.349344
v 0.028440 1.038923 -0.344779
v -0.085228 1.035722 -0.344780
v -0.197329 1.010214 -0.334442
v -0.315865 1.009878 -0.343805
v -0.431132 0.976444 -0.339881
v -0.561690 0.972876 -0.365008
v -0.664316 0.896315 -0.352934
v -0.781577 0.845313 -0.368750
v -0.886910 0.769025 -0.375814
v -0.977200 0.671592 -0.373576
v -1.101547 0.596128 -0.406964
v -1.193673 0.484828 -0.418619
v -1.271983 0.359683 -0.429498
v -1.311898 0.217989 -0.425584
v -1.355937 0.074809 -0.441241
v -1.332146 -0.073184 -0.426889
v -1.277315 -0.211297 -0.407536
v -1.229979 -0.346283 -0.408638
v -1.185173 -0.484433 -0.425493
v -1.092462 -0.595044 -0.413508
v -0.996978 -0.695803 -0.404006
v -0.917696 -0.809386 -0.414588
v -0.803776 -0.878674 -0.394895
v -0.678038 -0.918533 -0.365944
v -0.565980 -0.976122 -0.361865
v -0.446715 -1.014053 -0.355473
v -0.325608 -1.036525 -0.348549
v -0.208585 -1.067837 -0.353519
v -0.089842 -1.086521 -0.356376
v 0.030404 -1.109952 -0.367223
v 0.152935 -1.109783 -0.370438
v 0.280285 -1.118184 -0.385465
v 0.401562 -1.079116 -0.380764
v 0.516800 -1.023255 -0.374679
v 0.636436 -0.980244 -0.387080
v 0.738740 -0.902796 -0.386926
v 0.860015 -0.852891 -0.419281
v 0.912513 -0.715157 -0.385957
v 0.970879 -0.596797 -0.370291
v 1.062291 -0.504911 -0.392569
v 1.109667 -0.380949 -0.381208
v 1.154025 -0.257338 -0.376792
v 1.213585 -0.134320 -0.396726
v 1.126404 0.000000 -0.501507
v 1.128398 0.129472 -0.505691
v 1.109377 0.257975 -0.507105
v 1.069046 0.381435 -0.505360
v 1.009507 0.496341 -0.500849
v 0.934196 0.600371 -0.494418
v 0.861459 0.708789 -0.507205
v 0.740934 0.759141 -0.465580
v 0.644921 0.836349 -0.470218
v 0.534412 0.886224 -0.460761
v 0.420905 0.921654 -0.451113
v 0.307150 0.945309 -0.442538
v 0.194523 0.960008 -0.436109
v 0.084502 0.990243 -0.450988
v -0.028096 0.989937 -0.449430
v -0.138074 0.960327 -0.431962
v -0.249602 0.949586 -0.437144
v -0.363431 0.933465 -0.445993
v -0.479197 0.908179 -0.457183
v -0.588087 0.856387 -0.456304
v -0.700837 0.805425 -0.468917
v -0.806192 0.735278 -0.475722
v -0.916752 0.663313 -0.496786
v -1.026062 0.579444 -0.524644
v -1.096694 0.461578 -0.522206
v -1.159610 0.339105 -0.530128
v -1.199441 0.206724 -0.533934
v -1.214902 0.069185 -0.533708
v -1.184140 -0.066993 -0.507606
v -1.155378 -0.197897 -0.502378
v -1.119932 -0.326997 -0.508872
v -1.073864 -0.454689 -0.522782
v -0.984154 -0.555777 -0.503216
v -0.897289 -0.653247 -0.497644
v -0.810673 -0.748669 -0.501613
v -0.710498 -0.825050 -0.494559
v -0.588282 -0.856674 -0.456463
v -0.480859 -0.907464 -0.451305
v -0.374177 -0.961067 -0.459181
v -0.260430 -0.990779 -0.456108
v -0.143920 -0.996789 -0.443016
v -0.029259 -1.024208 -0.456193
v 0.087870 -1.023051 -0.457169
v 0.204367 -1.008591 -0.458179
v 0.319098 -0.982082 -0.459753
v 0.431041 -0.943848 -0.461976
v 0.538500 -0.893002 -0.464285
v 0.639638 -0.829497 -0.466365
v 0.746552 -0.773096 -0.488774
v 0.835041 -0.687241 -0.492413
v 0.899238 -0.577905 -0.475917
v 0.968050 -0.475958 -0.480281
v 1.025612 -0.365938 -0.484827
v 1.058563 -0.245005 -0.474999
v 1.106260 -0.126932 -0.495770
v 1.024362 0.000000 -0.591416
v 1.021031 0.123464 -0.584481
v 1.011799 0.248372 -0.592423
v 0.977775 0.369329 -0.594655
v 0.927896 0.486997 -0.605023
v 0.858974 0.596354 -0.615811
v 0.747380 0.662120 -0.576478
v 0.641756 0.724392 -0.558747
v 0.542108 0.790224 -0.564245
v 0.425290 0.810322 -0.528360
v 0.319839 0.843347 -0.520747
v 0.215386 0.873857 -0.519621
v 0.109086 0.898401 -0.522502
v 0.000000 0.910000 -0.525389
v -0.109854 0.904732 -0.526184
v -0.218253 0.885485 -0.526535
v -0.325692 0.858778 -0.530275
v -0.434928 0.828686 -0.540334
v -0.541971 0.781951 -0.542130
v -0.656910 0.738539 -0.563315
v -0.761456 0.669259 -0.570069
v -0.860078 0.588172 -0.582850
v -0.952936 0.497297 -0.608450
v -1.017410 0.384348 -0.619265
v -1.063223 0.262061 -0.632223
v -1.076017 0.130652 -0.625802
v -1.073875 0.000000 -0.620002
v -1.060648 -0.128786 -0.616863
v -1.023204 -0.251181 -0.599243
v -0.991382 -0.375982 -0.612155
v -0.915829 -0.478736 -0.588163
v -0.832177 -0.572094 -0.574898
v -0.744764 -0.659803 -0.574460
v -0.643368 -0.726212 -0.560151
v -0.541411 -0.784369 -0.550261
v -0.434463 -0.824341 -0.531039
v -0.332095 -0.872075 -0.532189
v -0.225904 -0.912873 -0.536708
v -0.114602 -0.940102 -0.540713
v 0.000000 -0.961100 -0.554892
v 0.114751 -0.945060 -0.549638
v 0.224488 -0.910785 -0.541579
v 0.328395 -0.865908 -0.534677
v 0.428189 -0.815847 -0.531962
v 0.526143 -0.762250 -0.534743
v 0.623706 -0.704019 -0.543032
v 0.732238 -0.652726 -0.578449
v 0.810328 -0.559329 -0.568472
v 0.876563 -0.458110 -0.562234
v 0.943221 -0.357717 -0.582416
v 0.980961 -0.241785 -0.583308
v 1.006371 -0.122196 -0.585296
v 0.924410 0.000000 -0.671623
v 0.923106 0.118557 -0.666257
v 0.916478 0.239407 -0.678505
v 0.892461 0.361318 -0.699535
v 0.827685 0.466144 -0.690159
v 0.738486 0.551146 -0.669494
v 0.635448 0.615397 -0.642696
v 0.536842 0.677204 -0.640197
v 0.425875 0.703920 -0.601585
v 0.324450 0.732937 -0.582352
v 0.228421 0.769626 -0.583274
v 0.130199 0.805326 -0.592701
v 0.026575 0.828706 -0.602400
v -0.079190 0.817532 -0.589673
v -0.184825 0.809770 -0.603462
v -0.286555 0.778663 -0.602824
v -0.389596 0.746783 -0.611967
v -0.493529 0.704712 -0.617228
v -0.606965 0.665781 -0.646509
v -0.709015 0.599042 -0.657672
v -0.798601 0.515445 -0.670928
v -0.862269 0.411656 -0.673296
v -0.908751 0.300580 -0.685888
v -0.928735 0.180871 -0.687442
v -0.926038 0.059454 -0.674191
v -0.920305 -0.059086 -0.670017
v -0.912526 -0.177714 -0.675444
v -0.884308 -0.292474 -0.667110
v -0.852671 -0.410625 -0.687595
v -0.783376 -0.509921 -0.679112
v -0.691868 -0.588996 -0.660154
v -0.590628 -0.650347 -0.638280
v -0.490191 -0.702725 -0.622503
v -0.389361 -0.743302 -0.601989
v -0.290782 -0.783839 -0.592989
v -0.190841 -0.829679 -0.604913
v -0.083817 -0.864281 -0.621668
v 0.027641 -0.855370 -0.608553
v 0.137514 -0.850575 -0.626003
v 0.237996 -0.801888 -0.607724
v 0.330548 -0.746715 -0.593299
v 0.420294 -0.693319 -0.589054
v 0.513003 -0.643286 -0.597794
v 0.610892 -0.591616 -0.617859
v 0.720274 -0.540696 -0.667706
v 0.794456 -0.447429 -0.662451
v 0.855969 -0.346543 -0.670932
v 0.891525 -0.233785 -0.669631
v 0.910719 -0.117424 -0.667154
v 0.818793 0.000000 -0.737245
v 0.824032 0.115810 -0.749254
v 0.805841 0.230219 -0.744460
v 0.776243 0.345605 -0.765076
v 0.706515 0.441479 -0.750133
v 0.613490 0.514779 -0.721092
v 0.518107 0.578702 -0.712636
v 0.407281 0.603819 -0.655798
v 0.310542 0.636705 -0.637845
v 0.218513 0.672513 -0.636695
v 0.125002 0.708920 -0.648161
v 0.025344 0.722835 -0.643571
v -0.076415 0.724127 -0.647985
v -0.177845 0.713298 -0.661918
v -0.275234 0.681228 -0.661552
v -0.374968 0.649464 -0.675246
v -0.476584 0.607689 -0.686921
v -0.578004 0.554041 -0.703455
v -0.667965 0.480624 -0.716941
v -0.733095 0.385575 -0.717738
v -0.784224 0.284382 -0.741101
v -0.801840 0.170436 -0.738110
v -0.798053 0.055805 -0.720325
v -0.793315 -0.055474 -0.716048
v -0.789172 -0.167744 -0.726448
v -0.774770 -0.281993 -0.742377
v -0.727838 -0.385568 -0.731964
v -0.658726 -0.476821 -0.722957
v -0.567719 -0.546185 -0.700504
v -0.469839 -0.599037 -0.676894
v -0.375245 -0.647392 -0.665483
v -0.283229 -0.698328 -0.670738
v -0.185581 -0.739800 -0.674799
v -0.081131 -0.766210 -0.679489
v 0.026994 -0.767282 -0.677069
v 0.133903 -0.759399 -0.694314
v 0.230516 -0.709455 -0.671670
v 0.318738 -0.653509 -0.654680
v 0.405451 -0.601105 -0.652850
v 0.497501 -0.552531 -0.669454
v 0.594545 -0.498883 -0.698825
v 0.685312 -0.428230 -0.727621
v 0.753699 -0.335569 -0.742857
v 0.792347 -0.227202 -0.742184
v 0.809406 -0.113755 -0.735955
v 0.705131 0.000000 -0.783127
v 0.706119 0.111838 -0.794001
v 0.691338 0.224629 -0.807321
v 0.657102 0.336527 -0.834736
v 0.581622 0.424785 -0.814192
v 0.486173 0.488821 -0.779577
v 0.379270 0.522021 -0.716626
v 0.283318 0.556043 -0.693090
v 0.191516 0.589427 -0.688314
v 0.098234 0.620224 -0.697415
v 0.000000 0.627155 -0.688392
v -0.099529 0.628398 -0.706606
v -0.195252 0.600922 -0.701737
v -0.288847 0.566894 -0.706617
v -0.386278 0.531666 -0.729867
v -0.486917 0.486917 -0.764773
v -0.578915 0.420606 -0.794730
v -0.646907 0.329616 -0.806350
v -0.683539 0.222095 -0.798214
v -0.694126 0.109939 -0.780515
v -0.691448 0.000000 -0.767931
v -0.684620 -0.108433 -0.769826
v -0.680617 -0.222326 -0.810905
v -0.636639 -0.324384 -0.793551
v -0.568693 -0.411688 -0.770087
v -0.484491 -0.482723 -0.750416
v -0.391584 -0.536949 -0.729251
v -0.299358 -0.585309 -0.721715
v -0.206227 -0.632374 -0.730810
v -0.105365 -0.660424 -0.727567
v 0.000000 -0.674042 -0.733611
v 0.107184 -0.676735 -0.760959
v 0.206932 -0.636872 -0.743719
v 0.298507 -0.585852 -0.730247
v 0.387378 -0.533181 -0.731946
v 0.478365 -0.478365 -0.751341
v 0.566914 -0.411887 -0.778255
v 0.638456 -0.325310 -0.795816
v 0.681103 -0.221304 -0.795369
v 0.698640 -0.110654 -0.785590
v 0.588806 0.000000 -0.810422
v 0.586370 0.106410 -0.820251
v 0.575391 0.217055 -0.862240
v 0.526652 0.316267 -0.860637
v 0.443186 0.387200 -0.810008
v 0.353737 0.444381 -0.786400
v 0.258151 0.479724 -0.749815
v 0.165857 0.510456 -0.738738
v 0.072159 0.532701 -0.739897
v -0.024113 0.536915 -0.739745
v -0.118277 0.518204 -0.731590
v -0.207089 0.484508 -0.725229
v -0.294590 0.446284 -0.736014
v -0.384892 0.402565 -0.766585
v -0.472155 0.343041 -0.803278
v -0.542465 0.261237 -0.828707
v -0.584964 0.161440 -0.835234
v -0.599626 0.053967 -0.828651
v -0.588712 -0.052795 -0.802496
v -0.575644 -0.158868 -0.821925
v -0.539922 -0.260013 -0.824822
v -0.481837 -0.350075 -0.819749
v -0.403990 -0.422540 -0.804622
v -0.316339 -0.479234 -0.790355
v -0.223098 -0.520070 -0.770441
v -0.128220 -0.559769 -0.782386
v -0.026296 -0.583479 -0.796061
v 0.079989 -0.590500 -0.820177
v 0.183422 -0.564514 -0.816972
v 0.280094 -0.520502 -0.813551
v 0.370779 -0.464942 -0.818511
v 0.454677 -0.397239 -0.831008
v 0.523346 -0.312685 -0.839099
v 0.566205 -0.212500 -0.832392
v 0.584008 -0.105982 -0.816947
v 0.478073 0.000000 -0.828047
v 0.472349 0.100401 -0.836409
v 0.448218 0.199560 -0.849806
v 0.396149 0.287819 -0.848128
v 0.319828 0.355205 -0.827879
v 0.231585 0.401116 -0.802233
v 0.139926 0.430647 -0.784288
v 0.046663 0.443973 -0.773220
v -0.045823 0.435972 -0.759286
v -0.132490 0.407764 -0.742614
v -0.213305 0.369456 -0.738912
v -0.294220 0.326764 -0.761591
v -0.375798 0.273033 -0.804558
v -0.442300 0.196233 -0.827375
v -0.486685 0.103090 -0.850559
v -0.503793 0.000000 -0.872595
v -0.488084 -0.103745 -0.864273
v -0.450592 -0.200617 -0.854307
v -0.393873 -0.286165 -0.843255
v -0.321118 -0.356637 -0.831216
v -0.238230 -0.412627 -0.825255
v -0.147081 -0.451080 -0.813376
v -0.050808 -0.481727 -0.830897
v 0.052422 -0.498765 -0.868644
v 0.157223 -0.483882 -0.881240
v 0.256266 -0.443866 -0.887732
v 0.340352 -0.376716 -0.869912
v 0.408616 -0.295861 -0.863668
v 0.455885 -0.202973 -0.864342
v 0.474273 -0.100810 -0.839818
v 0.377040 0.000000 -0.846846
v 0.366391 0.098174 -0.851957
v 0.332538 0.191991 -0.862436
v 0.269873 0.269873 -0.857219
v 0.186381 0.322822 -0.837238
v 0.093772 0.349964 -0.813759
v 0.000000 0.351260 -0.788944
v -0.088012 0.328467 -0.763773
v -0.168079 0.291121 -0.755023
v -0.245928 0.245928 -0.781159
v -0.321537 0.185640 -0.833907
v -0.375363 0.100232 -0.861447
v -0.400250 0.000000 -0.898976
v -0.379238 -0.101269 -0.870457
v -0.336398 -0.194219 -0.872448
v -0.270173 -0.270173 -0.858170
v -0.190441 -0.329853 -0.855473
v -0.099199 -0.368941 -0.849618
v 0.000000 -0.393293 -0.875129
v 0.106060 -0.395820 -0.920388
v 0.207822 -0.359959 -0.933553
v 0.289122 -0.288159 -0.907060
v 0.347276 -0.200500 -0.900662
v 0.372472 -0.099804 -0.866098
v 0.282850 0.000000 -0.870524
v 0.266975 0.091653 -0.868736
v 0.223352 0.173841 -0.871081
v 0.152700 0.233724 -0.859243
v 0.066541 0.262763 -0.834228
v -0.021590 0.260558 -0.804664
v -0.102662 0.234045 -0.786567
v -0.176531 0.191764 -0.802186
v -0.242711 0.131349 -0.849357
v -0.286045 0.047732 -0.892528
v -0.289763 -0.048353 -0.904129
v -0.255042 -0.138022 -0.892508
v -0.194009 -0.210750 -0.881610
v -0.115775 -0.263939 -0.887034
v -0.024414 -0.294638 -0.909912
v 0.075013 -0.296645 -0.945477
v 0.168218 -0.257477 -0.946565
v 0.238198 -0.185397 -0.928984
v 0.274927 -0.094383 -0.894612
v 0.189659 0.000000 -0.892274
v 0.162191 0.093641 -0.881091
v 0.092081 0.159489 -0.866414
v 0.000000 0.178568 -0.840097
v -0.088250 0.152854 -0.830368
v -0.158519 0.091521 -0.861145
v -0.190456 0.000000 -0.896025
v -0.165984 -0.095831 -0.901697
v -0.096131 -0.166504 -0.904524
v 0.000000 -0.196461 -0.924274
v 0.099650 -0.172599 -0.937634
v 0.169263 -0.097724 -0.919510
v 0.094836 0.000000 -0.902303
v 0.046288 0.080173 -0.880800
v -0.045749 0.079239 -0.870544
v -0.093978 0.000000 -0.894139
v -0.047868 -0.082909 -0.910859
v 0.048363 -0.083767 -0.920286
v 0.000000 0.000000 -0.899566
f 1 2 3
f 1 3 4
f 1 4 5
f 1 5 6
f 1 6 7
f 1 7 2
f 2 8 9
f 2 9 3
f 3 9 10
f 3 10 11
f 3 11 4
f 4 11 12
f 4 12 13
f 4 13 5
f 5 13 14
f 5 14 15
f 5 15 6
f 6 15 16
f 6 16 17
f 6 17 7
f 7 17 18
f 7 18 19
f 7 19 2
f 2 19 8
f 8 20 21
f 8 21 9
f 9 21 22
f 9 22 23
f 9 23 10
f 10 23 24
f 10 24 11
f 11 24 25
f 11 25 26
f 11 26 12
f 12 26 27
f 12 27 13
f 13 27 28
f 13 28 29
f 13 29 14
f 14 29 30
f 14 30 31
f 14 31 15
f 15 31 32
f 15 32 16
f 16 32 33
f 16 33 34
f 16 34 17
f 17 34 35
f 17 35 18
f 18 35 36
f 18 36 37
f 18 37 19
f 19 37 38
f 19 38 8
f 8 38 20
f 20 39 40
f 20 40 21
f 21 40 41
f 21 41 22
f 22 41 42
f 22 42 23
f 23 42 43
f 23 43 44
f 23 44 24
f 24 44 45
f 24 45 25
f 25 45 46
f 25 46 26
f 26 46 47
f 26 47 27
f 27 47 48
f 27 48 49
f 27 49 28
f 28 49 50
f 28 50 29
f 29 50 51
f 29 51 30
f 30 51 52
f 30 52 31
f 31 52 53
f 31 53 54
f 31 54 32
f 32 54 55
f 32 55 33
f 33 55 56
f 33 56 34
f 34 56 57
f 34 57 35
f 35 57 58
f 35 58 59
f 35 59 36
f 36 59 60
f 36 60 37
f 37 60 61
f 37 61 38
f 38 61 62
f 38 62 20
f 20 62 39
f 39 63 64
f 39 64 40
f 40 64 65
f 40 65 41
f 41 65 66
f 41 66 42
f 42 66 67
f 42 67 43
f 43 67 68
f 43 68 69
f 43 69 44
f 44 69 70
f 44 70 45
f 45 70 71
f 45 71 46
f 46 71 72
f 46 72 47
f 47 72 73
f 47 73 74
f 47 74 48
f 48 74 75
f 48 75 49
f 49 75 76
f 49 76 50
f 50 76 77
f 50 77 51
f 51 77 78
f 51 78 79
f 51 79 52
f 52 79 80
f 52 80 53
f 53 80 81
f 53 81 54
f 54 81 82
f 54 82 55
f 55 82 83
f 55 83 84
f 55 84 56
f 56 84 85
f 56 85 57
f 57 85 86
f 57 86 58
f 58 86 87
f 58 87 59
f 59 87 88
f 59 88 89
f 59 89 60
f 60 89 90
f 60 90 61
f 61 90 91
f 61 91 62
f 62 91 92
f 62 92 39
f 39 92 63
f 63 93 94
f 63 94 64
f 64 94 95
f 64 95 65
f 65 95 96
f 65 96 66
f 66 96 97
f 66 97 67
f 67 97 98
f 67 98 68
f 68 98 99
f 68 99 69
f 69 99 100
f 69 100 101
f 69 101 70
f 70 101 102
f 70 102 71
f 71 102 103
f 71 103 72
f 72 103 104
f 72 104 73
f 73 104 105
f 73 105 74
f 74 105 106
f 74 106 75
f 75 106 107
f 75 107 108
f 75 108 76
f 76 108 109
f 76 109 77
f 77 109 110
f 77 110 78
f 78 110 111
f 78 111 79
f 79 111 112
f 79 112 80
f 80 112 113
f 80 113 81
f 81 113 114
f 81 114 115
f 81 115 82
f 82 115 116
f 82 116 83
f 83 116 117
f 83 117 84
f 84 117 118
f 84 118 85
f 85 118 119
f 85 119 86
f 86 119 120
f 86 120 87
f 87 120 121
f 87 121 122
f 87 122 88
f 88 122 123
f 88 123 89
f 89 123 124
f 89 124 90
f 90 124 125
f 90 125 91
f 91 125 126
f 91 126 92
f 92 126 127
f 92 127 63
f 63 127 93
f 93 128 129
f 93 129 94
f 94 129 130
f 94 130 95
f 95 130 131
f 95 131 96
f 96 131 132
f 96 132 97
f 97 132 133
f 97 133 98
f 98 133 134
f 98 134 99
f 99 134 135
f 99 135 100
f 100 135 136
f 100 136 137
f 100 137 101
f 101 137 138
f 101 138 102
f 102 138 139
f 102 139 103
f 103 139 140
f 103 140 104
f 104 140 141
f 104 141 105
f 105 141 142
f 105 142 106
f 106 142 143
f 106 143 107
f 107 143 144
f 107 144 145
f 107 145 108
f 108 145 146
f 108 146 109
f 109 146 147
f 109 147 110
f 110 147 148
f 110 148 111
f 111 148 149
f 111 149 112
f 112 149 150
f 112 150 113
f 113 150 151
f 113 151 114
f 114 151 152
f 114 152 153
f 114 153 115
f 115 153 154
f 115 154 116
f 116 154 155
f 116 155 117
f 117 155 156
f 117 156 118
f 118 156 157
f 118 157 119
f 119 157 158
f 119 158 120
f 120 158 159
f 120 159 121
f 121 159 160
f 121 160 161
f 121 161 122
f 122 161 162
f 122 162 123
f 123 162 163
f 123 163 124
f 124 163 164
f 124 164 125
f 125 164 165
f 125 165 126
f 126 165 166
f 126 166 127
f 127 166 167
f 127 167 93
f 93 167 128
f 128 168 169
f 128 169 129
f 129 169 170
f 129 170 130
f 130 170 171
f 130 171 131
f 131 171 172
f 131 172 132
f 132 172 173
f 132 173 133
f 133 173 174
f 133 174 134
f 134 174 175
f 134 175 135
f 135 175 176
f 135 176 136
f 136 176 177
f 136 177 178
f 136 178 137
f 137 178 179
f 137 179 138
f 138 179 180
f 138 180 139
f 139 180 181
f 139 181 140
f 140 181 182
f 140 182 141
f 141 182 183
f 141 183 142
f 142 183 184
f 142 184 143
f 143 184 185
f 143 185 144
f 144 185 186
f 144 186 187
f 144 187 145
f 145 187 188
f 145 188 146
f 146 188 189
f 146 189 147
f 147 189 190
f 147 190 148
f 148 190 191
f 148 191 149
f 149 191 192
f 149 192 150
f 150 192 193
f 150 193 151
f 151 193 194
f 151 194 195
f 151 195 152
f 152 195 196
f 152 196 153
f 153 196 197
f 153 197 154
f 154 197 198
f 154 198 155
f 155 198 199
f 155 199 156
f 156 199 200
f 156 200 157
f 157 200 201
f 157 201 158
f 158 201 202
f 158 202 159
f 159 202 203
f 159 203 160
f 160 203 204
f 160 204 205
f 160 205 161
f 161 205 206
f 161 206 162
f 162 206 207
f 162 207 163
f 163 207 208
f 163 208 164
f 164 208 209
f 164 209 165
f 165 209 210
f 165 210 166
f 166 210 211
f 166 211 167
f 167 211 212
f 167 212 168
f 167 168 128
f 168 213 214
f 168 214 169
f 169 214 215
f 169 215 170
f 170 215 216
f 170 216 171
f 171 216 217
f 171 217 172
f 172 217 218
f 172 218 173
f 173 218 219
f 173 219 174
f 174 219 220
f 174 220 175
f 175 220 221
f 175 221 176
f 176 221 222
f 176 222 177
f 177 222 223
f 177 223 178
f 178 223 224
f 178 224 179
f 179 224 225
f 179 225 226
f 179 226 180
f 180 226 227
f 180 227 181
f 181 227 228
f 181 228 182
f 182 228 229
f 182 229 183
f 183 229 230
f 183 230 184
f 184 230 231
f 184 231 185
f 185 231 232
f 185 232 186
f 186 232 233
f 186 233 187
f 187 233 234
f 187 234 188
f 188 234 235
f 188 235 189
f 189 235 236
f 189 236 190
f 190 236 237
f 190 237 238
f 190 238 191
f 191 238 239
f 191 239 192
f 192 239 240
f 192 240 193
f 193 240 241
f 193 241 194
f 194 241 242
f 194 242 195
f 195 242 243
f 195 243 196
f 196 243 244
f 196 244 197
f 197 244 245
f 197 245 198
f 198 245 246
f 198 246 199
f 199 246 247
f 199 247 200
f 200 247 248
f 200 248 201
f 201 248 249
f 201 249 250
f 201 250 202
f 202 250 251
f 202 251 203
f 203 251 252
f 203 252 204
f 204 252 253
f 204 253 205
f 205 253 254
f 205 254 206
f 206 254 255
f 206 255 207
f 207 255 256
f 207 256 208
f 208 256 257
f 208 257 209
f 209 257 258
f 209 258 210
f 210 258 259
f 210 259 211
f 211 259 260
f 211 260 212
f 212 260 261
f 212 261 168
f 168 261 213
f 213 262 263
f 213 263 214
f 214 263 264
f 214 264 215
f 215 264 265
f 215 265 216
f 216 265 266
f 216 266 217
f 217 266 267
f 217 267 218
f 218 267 268
f 218 268 219
f 219 268 269
f 219 269 220
f 220 269 270
f 220 270 221
f 221 270 271
f 221 271 222
f 222 271 272
f 222 272 223
f 223 272 273
f 223 273 224
f 224 273 274
f 224 274 225
f 225 274 275
f 225 275 226
f 226 275 276
f 226 276 227
f 227 276 277
f 227 277 228
f 228 277 278
f 228 278 229
f 229 278 279
f 229 279 280
f 229 280 230
f 230 280 281
f 230 281 231
f 231 281 282
f 231 282 232
f 232 282 283
f 232 283 233
f 233 283 284
f 233 284 234
f 234 284 285
f 234 285 235
f 235 285 286
f 235 286 236
f 236 286 287
f 236 287 237
f 237 287 288
f 237 288 238
f 238 288 289
f 238 289 239
f 239 289 290
f 239 290 240
f 240 290 291
f 240 291 241
f 241 291 292
f 241 292 242
f 242 292 293
f 242 293 243
f 243 293 294
f 243 294 244
f 244 294 295
f 244 295 245
f 245 295 296
f 245 296 297
f 245 297 246
f 246 297 298
f 246 298 247
f 247 298 299
f 247 299 248
f 248 299 300
f 248 300 249
f 249 300 301
f 249 301 250
f 250 301 302
f 250 302 251
f 251 302 303
f 251 303 252
f 252 303 304
f 252 304 253
f 253 304 305
f 253 305 254
f 254 305 306
f 254 306 255
f 255 306 307
f 255 307 256
f 256 307 308
f 256 308 257
f 257 308 309
f 257 309 258
f 258 309 310
f 258 310 259
f 259 310 311
f 259 311 260
f 260 311 312
f 260 312 261
f 261 312 313
f 261 313 213
f 213 313 262
f 262 314 315
f 262 315 263
f 263 315 316
f 263 316 264
f 264 316 317
f 264 317 265
f 265 317 318
f 265 318 266
f 266 318 319
f 266 319 267
f 267 319 320
f 267 320 268
f 268 320 321
f 268 321 269
f 269 321 322
f 269 322 270
f 270 322 323
f 270 323 271
f 271 323 324
f 271 324 272
f 272 324 325
f 272 325 273
f 273 325 326
f 273 326 274
f 274 326 327
f 274 327 275
f 275 327 328
f 275 328 276
f 276 328 329
f 276 329 277
f 277 329 330
f 277 330 278
f 278 330 331
f 278 331 279
f 279 331 332
f 279 332 333
f 279 333 280
f 280 333 334
f 280 334 281
f 281 334 335
f 281 335 282
f 282 335 336
f 282 336 283
f 283 336 337
f 283 337 284
f 284 337 338
f 284 338 285
f 285 338 339
f 285 339 286
f 286 339 340
f 286 340 287
f 287 340 341
f 287 341 288
f 288 341 342
f 288 342 289
f 289 342 343
f 289 343 290
f 290 343 344
f 290 344 291
f 291 344 345
f 291 345 292
f 292 345 346
f 292 346 293
f 293 346 347
f 293 347 294
f 294 347 348
f 294 348 295
f 295 348 349
f 295 349 296
f 296 349 350
f 296 350 351
f 296 351 297
f 297 351 352
f 297 352 298
f 298 352 353
f 298 353 299
f 299 353 354
f 299 354 300
f 300 354 355
f 300 355 301
f 301 355 356
f 301 356 302
f 302 356 357
f 302 357 303
f 303 357 358
f 303 358 304
f 304 358 359
f 304 359 305
f 305 359 360
f 305 360 306
f 306 360 361
f 306 361 307
f 307 361 362
f 307 362 308
f 308 362 363
f 308 363 309
f 309 363 364
f 309 364 310
f 310 364 365
f 310 365 311
f 311 365 366
f 311 366 312
f 312 366 367
f 312 367 313
f 313 367 368
f 313 368 262
f 262 368 314
f 314 369 370
f 314 370 315
f 315 370 371
f 315 371 316
f 316 371 372
f 316 372 317
f 317 372 373
f 317 373 318
f 318 373 374
f 318 374 319
f 319 374 375
f 319 375 320
f 320 375 376
f 320 376 321
f 321 376 377
f 321 377 322
f 322 377 378
f 322 378 323
f 323 378 379
f 323 379 324
f 324 379 380
f 324 380 325
f 325 380 381
f 325 381 326
f 326 381 382
f 326 382 327
f 327 382 383
f 327 383 328
f 328 383 384
f 328 384 329
f 329 384 385
f 329 385 330
f 330 385 386
f 330 386 331
f 331 386 387
f 331 387 332
f 332 387 388
f 332 388 333
f 333 388 389
f 333 389 334
f 334 389 390
f 334 390 335
f 335 390 391
f 335 391 336
f 336 391 392
f 336 392 337
f 337 392 393
f 337 393 338
f 338 393 394
f 338 394 339
f 339 394 395
f 339 395 340
f 340 395 396
f 340 396 341
f 341 396 397
f 341 397 398
f 341 398 342
f 342 398 399
f 342 399 343
f 343 399 400
f 343 400 344
f 344 400 401
f 344 401 345
f 345 401 402
f 345 402 346
f 346 402 403
f 346 403 347
f 347 403 404
f 347 404 348
f 348 404 405
f 348 405 349
f 349 405 406
f 349 406 350
f 350 406 407
f 350 407 351
f 351 407 408
f 351 408 352
f 352 408 409
f 352 409 353
f 353 409 410
f 353 410 354
f 354 410 411
f 354 411 355
f 355 411 412
f 355 412 356
f 356 412 413
f 356 413 357
f 357 413 414
f 357 414 358
f 358 414 415
f 358 415 359
f 359 415 416
f 359 416 360
f 360 416 417
f 360 417 361
f 361 417 418
f 361 418 362
f 362 418 419
f 362 419 363
f 363 419 420
f 363 420 364
f 364 420 421
f 364 421 365
f 365 421 422
f 365 422 366
f 366 422 423
f 366 423 367
f 367 423 424
f 367 424 368
f 368 424 425
f 368 425 314
f 314 425 369
f 369 426 427
f 369 427 370
f 370 427 428
f 370 428 371
f 371 428 429
f 371 429 372
f 372 429 430
f 372 430 373
f 373 430 431
f 373 431 374
f 374 431 432
f 374 432 375
f 375 432 433
f 375 433 376
f 376 433 434
f 376 434 377
f 377 434 435
f 377 435 378
f 378 435 436
f 378 436 379
f 379 436 437
f 379 437 380
f 380 437 438
f 380 438 381
f 381 438 439
f 381 439 382
f 382 439 440
f 382 440 383
f 383 440 441
f 383 441 384
f 384 441 442
f 384 442 385
f 385 442 443
f 385 443 386
f 386 443 444
f 386 444 387
f 387 444 445
f 387 445 388
f 388 445 446
f 388 446 389
f 389 446 447
f 389 447 390
f 390 447 448
f 390 448 391
f 391 448 449
f 391 449 392
f 392 449 450
f 392 450 393
f 393 450 451
f 393 451 394
f 394 451 452
f 394 452 395
f 395 452 453
f 395 453 396
f 396 453 454
f 396 454 397
f 397 454 455
f 397 455 456
f 397 456 398
f 398 456 457
f 398 457 399
f 399 457 458
f 399 458 400
f 400 458 459
f 400 459 401
f 401 459 460
f 401 460 402
f 402 460 461
f 402 461 403
f 403 461 462
f 403 462 404
f 404 462 463
f 404 463 405
f 405 463 464
f 405 464 406
f 406 464 465
f 406 465 407
f 407 465 466
f 407 466 408
f 408 466 467
f 408 467 409
f 409 467 468
f 409 468 410
f 410 468 469
f 410 469 411
f 411 469 470
f 411 470 412
f 412 470 471
f 412 471 413
f 413 471 472
f 413 472 414
f 414 472 473
f 414 473 415
f 415 473 474
f 415 474 416
f 416 474 475
f 416 475 417
f 417 475 476
f 417 476 418
f 418 476 477
f 418 477 419
f 419 477 478
f 419 478 420
f 420 478 479
f 420 479 421
f 421 479 480
f 421 480 422
f 422 480 481
f 422 481 423
f 423 481 482
f 423 482 424
f 424 482 483
f 424 483 425
f 425 483 484
f 425 484 369
f 369 484 426
f 426 485 486
f 426 486 427
f 427 486 487
f 427 487 428
f 428 487 488
f 428 488 429
f 429 488 489
f 429 489 430
f 430 489 490
f 430 490 431
f 431 490 491
f 431 491 432
f 432 491 492
f 432 492 433
f 433 492 493
f 433 493 434
f 434 493 494
f 434 494 435
f 435 494 495
f 435 495 436
f 436 495 496
f 436 496 437
f 437 496 497
f 437 497 438
f 438 497 498
f 438 498 439
f 439 498 499
f 439 499 440
f 440 499 500
f 440 500 441
f 441 500 501
f 441 501 442
f 442 501 502
f 442 502 443
f 443 502 503
f 443 503 444
f 444 503 504
f 444 504 445
f 445 504 505
f 445 505 446
f 446 505 506
f 446 506 447
f 447 506 507
f 447 507 448
f 448 507 508
f 448 508 449
f 449 508 509
f 449 509 450
f 450 509 510
f 450 510 451
f 451 510 511
f 451 511 452
f 452 511 512
f 452 512 453
f 453 512 513
f 453 513 454
f 454 513 514
f 454 514 455
f 455 514 515
f 455 515 456
f 456 515 516
f 456 516 457
f 457 516 517
f 457 517 458
f 458 517 518
f 458 518 459
f 459 518 519
f 459 519 460
f 460 519 520
f 460 520 461
f 461 520 521
f 461 521 462
f 462 521 522
f 462 522 463
f 463 522 523
f 463 523 464
f 464 523 524
f 464 524 465
f 465 524 525
f 465 525 466
f 466 525 526
f 466 526 467
f 467 526 527
f 467 527 468
f 468 527 528
f 468 528 469
f 469 528 529
f 469 529 470
f 470 529 530
f 470 530 471
f 471 530 531
f 471 531 472
f 472 531 532
f 472 532 473
f 473 532 533
f 473 533 474
f 474 533 534
f 474 534 475
f 475 534 535
f 475 535 476
f 476 535 536
f 476 536 477
f 477 536 537
f 477 537 478
f 478 537 538
f 478 538 479
f 479 538 539
f 479 539 480
f 480 539 540
f 480 540 481
f 481 540 541
f 481 541 482
f 482 541 542
f 482 542 483
f 483 542 543
f 483 543 484
f 484 543 544
f 484 544 426
f 426 544 485
f 485 545 486
f 486 545 546
f 486 546 487
f 487 546 547
f 487 547 488
f 488 547 548
f 488 548 489
f 489 548 549
f 489 549 490
f 490 549 550
f 490 550 491
f 491 550 551
f 491 551 492
f 492 551 552
f 492 552 493
f 493 552 553
f 493 553 494
f 494 553 554
f 494 554 495
f 495 554 555
f 495 555 496
f 496 555 556
f 496 556 497
f 497 556 557
f 497 557 498
f 498 557 558
f 498 558 499
f 499 558 559
f 499 559 500
f 500 559 560
f 500 560 501
f 501 560 561
f 501 561 502
f 502 561 562
f 502 562 503
f 503 562 563
f 503 563 504
f 504 563 564
f 504 564 505
f 505 564 565
f 505 565 506
f 506 565 566
f 506 566 507
f 507 566 567
f 507 567 508
f 508 567 568
f 508 568 509
f 509 568 569
f 509 569 510
f 510 569 570
f 510 570 511
f 511 570 571
f 511 571 512
f 512 571 572
f 512 572 513
f 513 572 573
f 513 573 514
f 514 573 574
f 514 574 515
f 515 574 575
f 515 575 516
f 516 575 576
f 516 576 517
f 517 576 577
f 517 577 518
f 518 577 578
f 518 578 519
f 519 578 579
f 519 579 520
f 520 579 580
f 520 580 521
f 521 580 581
f 521 581 522
f 522 581 582
f 522 582 523
f 523 582 583
f 523 583 524
f 524 583 584
f 524 584 525
f 525 584 585
f 525 585 526
f 526 585 586
f 526 586 527
f 527 586 587
f 527 587 528
f 528 587 588
f 528 588 529
f 529 588 589
f 529 589 530
f 530 589 590
f 530 590 531
f 531 590 591
f 531 591 532
f 532 591 592
f 532 592 533
f 533 592 593
f 533 593 534
f 534 593 594
f 534 594 535
f 535 594 595
f 535 595 536
f 536 595 596
f 536 596 537
f 537 596 597
f 537 597 538
f 538 597 598
f 538 598 539
f 539 598 599
f 539 599 540
f 540 599 600
f 540 600 541
f 541 600 601
f 541 601 542
f 542 601 602
f 542 602 543
f 543 602 603
f 543 603 544
f 544 603 604
f 544 604 485
f 485 604 545
f 545 605 546
f 546 605 606
f 546 606 547
f 547 606 607
f 547 607 548
f 548 607 608
f 548 608 549
f 549 608 609
f 549 609 550
f 550 609 610
f 550 610 551
f 551 610 611
f 551 611 552
f 552 611 612
f 552 612 553
f 553 612 613
f 553 613 554
f 554 613 614
f 554 614 555
f 555 614 615
f 555 615 556
f 556 615 616
f 556 616 557
f 557 616 617
f 557 617 558
f 558 617 618
f 558 618 559
f 559 618 619
f 559 619 560
f 560 619 620
f 560 620 561
f 561 620 621
f 561 621 562
f 562 621 622
f 562 622 563
f 563 622 623
f 563 623 564
f 564 623 624
f 564 624 565
f 565 624 625
f 565 625 566
f 566 625 626
f 566 626 567
f 567 626 627
f 567 627 568
f 568 627 628
f 568 628 569
f 569 628 629
f 569 629 570
f 570 629 630
f 570 630 571
f 571 630 631
f 571 631 572
f 572 631 632
f 572 632 573
f 573 632 633
f 573 633 574
f 574 633 634
f 574 634 575
f 575 634 635
f 575 635 576
f 576 635 636
f 576 636 577
f 577 636 637
f 577 637 578
f 578 637 638
f 578 638 579
f 579 638 639
f 579 639 580
f 580 639 640
f 580 640 581
f 581 640 641
f 581 641 582
f 582 641 642
f 582 642 583
f 583 642 643
f 583 643 584
f 584 643 644
f 584 644 585
f 585 644 645
f 585 645 586
f 586 645 646
f 586 646 587
f 587 646 647
f 587 647 588
f 588 647 648
f 588 648 589
f 589 648 649
f 589 649 590
f 590 649 650
f 590 650 591
f 591 650 651
f 591 651 592
f 592 651 652
f 592 652 593
f 593 652 653
f 593 653 594
f 594 653 654
f 594 654 595
f 595 654 655
f 595 655 596
f 596 655 656
f 596 656 597
f 597 656 657
f 597 657 598
f 598 657 658
f 598 658 599
f 599 658 659
f 599 659 600
f 600 659 660
f 600 660 601
f 601 660 661
f 601 661 602
f 602 661 662
f 602 662 603
f 603 662 663
f 603 663 604
f 604 663 664
f 604 664 545
f 545 664 605
f 605 665 606
f 606 665 666
f 606 666 607
f 607 666 667
f 607 667 608
f 608 667 668
f 608 668 609
f 609 668 669
f 609 669 610
f 610 669 670
f 610 670 611
f 611 670 671
f 611 671 612
f 612 671 672
f 612 672 613
f 613 672 673
f 613 673 614
f 614 673 674
f 614 674 615
f 615 674 675
f 615 675 616
f 616 675 676
f 616 676 617
f 617 676 677
f 617 677 618
f 618 677 678
f 618 678 619
f 619 678 679
f 619 679 620
f 620 679 680
f 620 680 621
f 621 680 681
f 621 681 622
f 622 681 682
f 622 682 623
f 623 682 683
f 623 683 624
f 624 683 684
f 624 684 625
f 625 684 685
f 625 685 626
f 626 685 686
f 626 686 627
f 627 686 687
f 627 687 628
f 628 687 688
f 628 688 629
f 629 688 689
f 629 689 630
f 630 689 690
f 630 690 631
f 631 690 691
f 631 691 632
f 632 691 692
f 632 692 633
f 633 692 693
f 633 693 634
f 634 693 694
f 634 694 635
f 635 694 695
f 635 695 636
f 636 695 696
f 636 696 637
f 637 696 697
f 637 697 638
f 638 697 698
f 638 698 639
f 639 698 699
f 639 699 640
f 640 699 700
f 640 700 641
f 641 700 701
f 641 701 642
f 642 701 702
f 642 702 643
f 643 702 703
f 643 703 644
f 644 703 704
f 644 704 645
f 645 704 705
f 645 705 646
f 646 705 706
f 646 706 647
f 647 706 707
f 647 707 648
f 648 707 708
f 648 708 649
f 649 708 709
f 649 709 650
f 650 709 710
f 650 710 651
f 651 710 711
f 651 711 652
f 652 711 712
f 652 712 653
f 653 712 713
f 653 713 654
f 654 713 714
f 654 714 655
f 655 714 715
f 655 715 656
f 656 715 716
f 656 716 657
f 657 716 717
f 657 717 658
f 658 717 718
f 658 718 659
f 659 718 719
f 659 719 660
f 660 719 720
f 660 720 661
f 661 720 721
f 661 721 662
f 662 721 722
f 662 722 663
f 663 722 723
f 663 723 664
f 664 723 605
f 605 723 665
f 665 724 666
f 666 724 725
f 666 725 667
f 667 725 726
f 667 726 668
f 668 726 727
f 668 727 669
f 669 727 728
f 669 728 670
f 670 728 729
f 670 729 671
f 671 729 730
f 671 730 672
f 672 730 731
f 672 731 673
f 673 731 732
f 673 732 674
f 674 732 733
f 674 733 675
f 675 733 734
f 675 734 676
f 676 734 735
f 676 735 677
f 677 735 736
f 677 736 678
f 678 736 737
f 678 737 679
f 679 737 738
f 679 738 680
f 680 738 739
f 680 739 681
f 681 739 740
f 681 740 682
f 682 740 741
f 682 741 683
f 683 741 742
f 683 742 684
f 684 742 743
f 684 743 685
f 685 743 744
f 685 744 686
f 686 744 745
f 686 745 687
f 687 745 746
f 687 746 688
f 688 746 747
f 688 747 689
f 689 747 748
f 689 748 690
f 690 748 749
f 690 749 691
f 691 749 750
f 691 750 692
f 692 750 751
f 692 751 693
f 693 751 752
f 693 752 694
f 694 752 695
f 695 752 753
f 695 753 696
f 696 753 754
f 696 754 697
f 697 754 755
f 697 755 698
f 698 755 756
f 698 756 699
f 699 756 757
f 699 757 700
f 700 757 758
f 700 758 701
f 701 758 759
f 701 759 702
f 702 759 760
f 702 760 703
f 703 760 761
f 703 761 704
f 704 761 762
f 704 762 705
f 705 762 763
f 705 763 706
f 706 763 764
f 706 764 707
f 707 764 765
f 707 765 708
f 708 765 766
f 708 766 709
f 709 766 767
f 709 767 710
f 710 767 768
f 710 768 711
f 711 768 769
f 711 769 712
f 712 769 770
f 712 770 713
f 713 770 771
f 713 771 714
f 714 771 772
f 714 772 715
f 715 772 773
f 715 773 716
f 716 773 774
f 716 774 717
f 717 774 775
f 717 775 718
f 718 775 776
f 718 776 719
f 719 776 777
f 719 777 720
f 720 777 778
f 720 778 721
f 721 778 779
f 721 779 722
f 722 779 780
f 722 780 723
f 723 780 665
f 665 780 724
f 724 781 725
f 725 781 782
f 725 782 726
f 726 782 783
f 726 783 727
f 727 783 784
f 727 784 728
f 728 784 785
f 728 785 729
f 729 785 786
f 729 786 730
f 730 786 787
f 730 787 731
f 731 787 788
f 731 788 732
f 732 788 789
f 732 789 733
f 733 789 790
f 733 790 734
f 734 790 791
f 734 791 735
f 735 791 792
f 735 792 736
f 736 792 793
f 736 793 737
f 737 793 794
f 737 794 738
f 738 794 795
f 738 795 739
f 739 795 796
f 739 796 740
f 740 796 797
f 740 797 741
f 741 797 798
f 741 798 742
f 742 798 799
f 742 799 743
f 743 799 800
f 743 800 744
f 744 800 801
f 744 801 745
f 745 801 802
f 745 802 746
f 746 802 803
f 746 803 747
f 747 803 804
f 747 804 748
f 748 804 805
f 748 805 749
f 749 805 806
f 749 806 750
f 750 806 807
f 750 807 751
f 751 807 808
f 751 808 752
f 752 808 753
f 753 808 809
f 753 809 754
f 754 809 810
f 754 810 755
f 755 810 811
f 755 811 756
f 756 811 812
f 756 812 757
f 757 812 813
f 757 813 758
f 758 813 814
f 758 814 759
f 759 814 815
f 759 815 760
f 760 815 816
f 760 816 761
f 761 816 817
f 761 817 762
f 762 817 818
f 762 818 763
f 763 818 819
f 763 819 764
f 764 819 820
f 764 820 765
f 765 820 821
f 765 821 766
f 766 821 822
f 766 822 767
f 767 822 823
f 767 823 768
f 768 823 824
f 768 824 769
f 769 824 825
f 769 825 770
f 770 825 826
f 770 826 771
f 771 826 827
f 771 827 772
f 772 827 828
f 772 828 773
f 773 828 829
f 773 829 774
f 774 829 830
f 774 830 775
f 775 830 831
f 775 831 776
f 776 831 832
f 776 832 777
f 777 832 833
f 777 833 778
f 778 833 834
f 778 834 779
f 779 834 835
f 779 835 780
f 780 835 724
f 724 835 781
f 781 836 782
f 782 836 837
f 782 837 783
f 783 837 838
f 783 838 784
f 784 838 839
f 784 839 785
f 785 839 840
f 785 840 786
f 786 840 841
f 786 841 787
f 787 841 842
f 787 842 788
f 788 842 843
f 788 843 789
f 789 843 844
f 789 844 790
f 790 844 845
f 790 845 791
f 791 845 846
f 791 846 792
f 792 846 847
f 792 847 793
f 793 847 848
f 793 848 794
f 794 848 849
f 794 849 795
f 795 849 850
f 795 850 796
f 796 850 851
f 796 851 797
f 797 851 852
f 797 852 798
f 798 852 853
f 798 853 799
f 799 853 800
f 800 853 854
f 800 854 801
f 801 854 855
f 801 855 802
f 802 855 856
f 802 856 803
f 803 856 857
f 803 857 804
f 804 857 858
f 804 858 805
f 805 858 859
f 805 859 806
f 806 859 860
f 806 860 807
f 807 860 861
f 807 861 808
f 808 861 862
f 808 862 809
f 809 862 863
f 809 863 810
f 810 863 864
f 810 864 811
f 811 864 865
f 811 865 812
f 812 865 866
f 812 866 813
f 813 866 867
f 813 867 814
f 814 867 868
f 814 868 815
f 815 868 869
f 815 869 816
f 816 869 870
f 816 870 817
f 817 870 818
f 818 870 871
f 818 871 819
f 819 871 872
f 819 872 820
f 820 872 873
f 820 873 821
f 821 873 874
f 821 874 822
f 822 874 875
f 822 875 823
f 823 875 876
f 823 876 824
f 824 876 877
f 824 877 825
f 825 877 878
f 825 878 826
f 826 878 879
f 826 879 827
f 827 879 880
f 827 880 828
f 828 880 881
f 828 881 829
f 829 881 882
f 829 882 830
f 830 882 883
f 830 883 831
f 831 883 884
f 831 884 832
f 832 884 885
f 832 885 833
f 833 885 886
f 833 886 834
f 834 886 887
f 834 887 835
f 835 887 781
f 781 887 836
f 836 888 837
f 837 888 889
f 837 889 838
f 838 889 890
f 838 890 839
f 839 890 891
f 839 891 840
f 840 891 892
f 840 892 841
f 841 892 893
f 841 893 842
f 842 893 894
f 842 894 843
f 843 894 895
f 843 895 844
f 844 895 896
f 844 896 845
f 845 896 897
f 845 897 846
f 846 897 898
f 846 898 847
f 847 898 899
f 847 899 848
f 848 899 900
f 848 900 849
f 849 900 901
f 849 901 850
f 850 901 902
f 850 902 851
f 851 902 903
f 851 903 852
f 852 903 904
f 852 904 853
f 853 904 854
f 854 904 905
f 854 905 855
f 855 905 906
f 855 906 856
f 856 906 907
f 856 907 857
f 857 907 908
f 857 908 858
f 858 908 909
f 858 909 859
f 859 909 910
f 859 910 860
f 860 910 911
f 860 911 861
f 861 911 912
f 861 912 862
f 862 912 913
f 862 913 863
f 863 913 914
f 863 914 864
f 864 914 915
f 864 915 865
f 865 915 916
f 865 916 866
f 866 916 917
f 866 917 867
f 867 917 918
f 867 918 868
f 868 918 919
f 868 919 869
f 869 919 920
f 869 920 870
f 870 920 871
f 871 920 921
f 871 921 872
f 872 921 922
f 872 922 873
f 873 922 923
f 873 923 874
f 874 923 924
f 874 924 875
f 875 924 925
f 875 925 876
f 876 925 926
f 876 926 877
f 877 926 927
f 877 927 878
f 878 927 928
f 878 928 879
f 879 928 929
f 879 929 880
f 880 929 930
f 880 930 881
f 881 930 931
f 881 931 882
f 882 931 932
f 882 932 883
f 883 932 933
f 883 933 884
f 884 933 934
f 884 934 885
f 885 934 935
f 885 935 886
f 886 935 936
f 886 936 887
f 887 936 836
f 836 936 888
f 888 937 889
f 889 937 938
f 889 938 890
f 890 938 939
f 890 939 891
f 891 939 940
f 891 940 892
f 892 940 941
f 892 941 893
f 893 941 942
f 893 942 894
f 894 942 943
f 894 943 895
f 895 943 944
f 895 944 896
f 896 944 945
f 896 945 897
f 897 945 946
f 897 946 898
f 898 946 947
f 898 947 899
f 899 947 948
f 899 948 900
f 900 948 901
f 901 948 949
f 901 949 902
f 902 949 950
f 902 950 903
f 903 950 951
f 903 951 904
f 904 951 952
f 904 952 905
f 905 952 953
f 905 953 906
f 906 953 954
f 906 954 907
f 907 954 955
f 907 955 908
f 908 955 956
f 908 956 909
f 909 956 957
f 909 957 910
f 910 957 958
f 910 958 911
f 911 958 959
f 911 959 912
f 912 959 913
f 913 959 960
f 913 960 914
f 914 960 961
f 914 961 915
f 915 961 962
f 915 962 916
f 916 962 963
f 916 963 917
f 917 963 964
f 917 964 918
f 918 964 965
f 918 965 919
f 919 965 966
f 919 966 920
f 920 966 967
f 920 967 921
f 921 967 968
f 921 968 922
f 922 968 969
f 922 969 923
f 923 969 970
f 923 970 924
f 924 970 925
f 925 970 971
f 925 971 926
f 926 971 972
f 926 972 927
f 927 972 973
f 927 973 928
f 928 973 974
f 928 974 929
f 929 974 975
f 929 975 930
f 930 975 976
f 930 976 931
f 931 976 977
f 931 977 932
f 932 977 978
f 932 978 933
f 933 978 979
f 933 979 934
f 934 979 980
f 934 980 935
f 935 980 981
f 935 981 936
f 936 981 937
f 936 937 888
f 937 982 938
f 938 982 983
f 938 983 939
f 939 983 984
f 939 984 940
f 940 984 985
f 940 985 941
f 941 985 986
f 941 986 942
f 942 986 987
f 942 987 943
f 943 987 988
f 943 988 944
f 944 988 989
f 944 989 945
f 945 989 946
f 946 989 990
f 946 990 947
f 947 990 991
f 947 991 948
f 948 991 992
f 948 992 949
f 949 992 993
f 949 993 950
f 950 993 994
f 950 994 951
f 951 994 995
f 951 995 952
f 952 995 996
f 952 996 953
f 953 996 997
f 953 997 954
f 954 997 955
f 955 997 998
f 955 998 956
f 956 998 999
f 956 999 957
f 957 999 1000
f 957 1000 958
f 958 1000 1001
f 958 1001 959
f 959 1001 1002
f 959 1002 960
f 960 1002 1003
f 960 1003 961
f 961 1003 1004
f 961 1004 962
f 962 1004 1005
f 962 1005 963
f 963 1005 964
f 964 1005 1006
f 964 1006 965
f 965 1006 1007
f 965 1007 966
f 966 1007 1008
f 966 1008 967
f 967 1008 1009
f 967 1009 968
f 968 1009 1010
f 968 1010 969
f 969 1010 1011
f 969 1011 970
f 970 1011 1012
f 970 1012 971
f 971 1012 1013
f 971 1013 972
f 972 1013 973
f 973 1013 1014
f 973 1014 974
f 974 1014 1015
f 974 1015 975
f 975 1015 1016
f 975 1016 976
f 976 1016 1017
f 976 1017 977
f 977 1017 1018
f 977 1018 978
f 978 1018 1019
f 978 1019 979
f 979 1019 1020
f 979 1020 980
f 980 1020 1021
f 980 1021 981
f 981 1021 937
f 937 1021 982
f 982 1022 983
f 983 1022 1023
f 983 1023 984
f 984 1023 1024
f 984 1024 985
f 985 1024 1025
f 985 1025 986
f 986 1025 1026
f 986 1026 987
f 987 1026 1027
f 987 1027 988
f 988 1027 1028
f 988 1028 989
f 989 1028 990
f 990 1028 1029
f 990 1029 991
f 991 1029 1030
f 991 1030 992
f 992 1030 1031
f 992 1031 993
f 993 1031 1032
f 993 1032 994
f 994 1032 1033
f 994 1033 995
f 995 1033 1034
f 995 1034 996
f 996 1034 1035
f 996 1035 997
f 997 1035 998
f 998 1035 1036
f 998 1036 999
f 999 1036 1037
f 999 1037 1000
f 1000 1037 1038
f 1000 1038 1001
f 1001 1038 1039
f 1001 1039 1002
f 1002 1039 1040
f 1002 1040 1003
f 1003 1040 1041
f 1003 1041 1004
f 1004 1041 1042
f 1004 1042 1005
f 1005 1042 1006
f 1006 1042 1043
f 1006 1043 1007
f 1007 1043 1044
f 1007 1044 1008
f 1008 1044 1045
f 1008 1045 1009
f 1009 1045 1046
f 1009 1046 1010
f 1010 1046 1047
f 1010 1047 1011
f 1011 1047 1048
f 1011 1048 1012
f 1012 1048 1049
f 1012 1049 1013
f 1013 1049 1014
f 1014 1049 1050
f 1014 1050 1015
f 1015 1050 1051
f 1015 1051 1016
f 1016 1051 1052
f 1016 1052 1017
f 1017 1052 1053
f 1017 1053 1018
f 1018 1053 1054
f 1018 1054 1019
f 1019 1054 1055
f 1019 1055 1020
f 1020 1055 1056
f 1020 1056 1021
f 1021 1056 982
f 982 1056 1022
f 1022 1057 1023
f 1023 1057 1058
f 1023 1058 1024
f 1024 1058 1059
f 1024 1059 1025
f 1025 1059 1060
f 1025 1060 1026
f 1026 1060 1061
f 1026 1061 1027
f 1027 1061 1062
f 1027 1062 1028
f 1028 1062 1029
f 1029 1062 1063
f 1029 1063 1030
f 1030 1063 1064
f 1030 1064 1031
f 1031 1064 1065
f 1031 1065 1032
f 1032 1065 1066
f 1032 1066 1033
f 1033 1066 1067
f 1033 1067 1034
f 1034 1067 1068
f 1034 1068 1035
f 1035 1068 1036
f 1036 1068 1069
f 1036 1069 1037
f 1037 1069 1070
f 1037 1070 1038
f 1038 1070 1071
f 1038 1071 1039
f 1039 1071 1072
f 1039 1072 1040
f 1040 1072 1073
f 1040 1073 1041
f 1041 1073 1074
f 1041 1074 1042
f 1042 1074 1043
f 1043 1074 1075
f 1043 1075 1044
f 1044 1075 1076
f 1044 1076 1045
f 1045 1076 1077
f 1045 1077 1046
f 1046 1077 1078
f 1046 1078 1047
f 1047 1078 1079
f 1047 1079 1048
f 1048 1079 1080
f 1048 1080 1049
f 1049 1080 1050
f 1050 1080 1081
f 1050 1081 1051
f 1051 1081 1082
f 1051 1082 1052
f 1052 1082 1083
f 1052 1083 1053
f 1053 1083 1084
f 1053 1084 1054
f 1054 1084 1085
f 1054 1085 1055
f 1055 1085 1086
f 1055 1086 1056
f 1056 1086 1022
f 1022 1086 1057
f 1057 1087 1058
f 1058 1087 1088
f 1058 1088 1059
f 1059 1088 1089
f 1059 1089 1060
f 1060 1089 1090
f 1060 1090 1061
f 1061 1090 1062
f 1062 1090 1091
f 1062 1091 1063
f 1063 1091 1092
f 1063 1092 1064
f 1064 1092 1093
f 1064 1093 1065
f 1065 1093 1094
f 1065 1094 1066
f 1066 1094 1067
f 1067 1094 1095
f 1067 1095 1068
f 1068 1095 1096
f 1068 1096 1069
f 1069 1096 1097
f 1069 1097 1070
f 1070 1097 1098
f 1070 1098 1071
f 1071 1098 1072
f 1072 1098 1099
f 1072 1099 1073
f 1073 1099 1100
f 1073 1100 1074
f 1074 1100 1101
f 1074 1101 1075
f 1075 1101 1102
f 1075 1102 1076
f 1076 1102 1077
f 1077 1102 1103
f 1077 1103 1078
f 1078 1103 1104
f 1078 1104 1079
f 1079 1104 1105
f 1079 1105 1080
f 1080 1105 1106
f 1080 1106 1081
f 1081 1106 1082
f 1082 1106 1107
f 1082 1107 1083
f 1083 1107 1108
f 1083 1108 1084
f 1084 1108 1109
f 1084 1109 1085
f 1085 1109 1110
f 1085 1110 1086
f 1086 1110 1057
f 1057 1110 1087
f 1087 1111 1088
f 1088 1111 1112
f 1088 1112 1089
f 1089 1112 1113
f 1089 1113 1090
f 1090 1113 1114
f 1090 1114 1091
f 1091 1114 1092
f 1092 1114 1115
f 1092 1115 1093
f 1093 1115 1116
f 1093 1116 1094
f 1094 1116 1117
f 1094 1117 1095
f 1095 1117 1118
f 1095 1118 1096
f 1096 1118 1097
f 1097 1118 1119
f 1097 1119 1098
f 1098 1119 1120
f 1098 1120 1099
f 1099 1120 1121
f 1099 1121 1100
f 1100 1121 1122
f 1100 1122 1101
f 1101 1122 1102
f 1102 1122 1123
f 1102 1123 1103
f 1103 1123 1124
f 1103 1124 1104
f 1104 1124 1125
f 1104 1125 1105
f 1105 1125 1126
f 1105 1126 1106
f 1106 1126 1107
f 1107 1126 1127
f 1107 1127 1108
f 1108 1127 1128
f 1108 1128 1109
f 1109 1128 1129
f 1109 1129 1110
f 1110 1129 1087
f 1087 1129 1111
f 1111 1130 1112
f 1112 1130 1131
f 1112 1131 1113
f 1113 1131 1114
f 1114 1131 1132
f 1114 1132 1115
f 1115 1132 1133
f 1115 1133 1116
f 1116 1133 1117
f 1117 1133 1134
f 1117 1134 1118
f 1118 1134 1135
f 1118 1135 1119
f 1119 1135 1120
f 1120 1135 1136
f 1120 1136 1121
f 1121 1136 1122
f 1122 1136 1137
f 1122 1137 1123
f 1123 1137 1138
f 1123 1138 1124
f 1124 1138 1125
f 1125 1138 1139
f 1125 1139 1126
f 1126 1139 1140
f 1126 1140 1127
f 1127 1140 1128
f 1128 1140 1141
f 1128 1141 1129
f 1129 1141 1111
f 1111 1141 1130
f 1130 1142 1131
f 1131 1142 1132
f 1132 1142 1143
f 1132 1143 1133
f 1133 1143 1134
f 1134 1143 1144
f 1134 1144 1135
f 1135 1144 1136
f 1136 1144 1145
f 1136 1145 1137
f 1137 1145 1138
f 1138 1145 1146
f 1138 1146 1139
f 1139 1146 1140
f 1140 1146 1147
f 1140 1147 1141
f 1141 1147 1130
f 1130 1147 1142
f 1142 1148 1143
f 1143 1148 1144
f 1144 1148 1145
f 1145 1148 1146
f 1146 1148 1147
f 1147 1148 1142

