v    16.549248     1.300069    33.950293
v    15.040963     2.736487    33.950293
v    14.902752     2.592442    33.976111
v    13.634955    -2.222738    34.539631
v    13.634955    -3.445664    34.654073
v    14.193945    -2.959100    34.558684
v    16.573142     1.128345    33.964257
v     4.228451   -11.181281    34.539631
v     6.040901   -11.181281    34.701115
v     7.194938   -10.568174    34.746607
v    12.324771    -5.682616    34.746607
v    -1.684228   -12.660522    33.874330
v     0.146902   -14.404455    33.874330
v     2.372807   -13.636132    34.144546
v     5.032709   -12.231800    34.513006
v    -1.577792   -12.567864    33.892452
v     8.972633   -10.343697    34.609202
v    12.089123    -7.375659    34.609202
v    18.793523     4.565755    32.944521
v    18.721221     5.471360    32.856270
v    18.153729     6.776207    32.856270
v    16.967172     1.451003    33.817605
v    18.150688     6.829021    32.848450
v    16.936948     6.506487    33.079443
v    16.936948    13.219575    31.144856
v    20.023772    11.245145    31.362941
v    19.636817    12.154535    31.144856
v    15.248559    16.320426    30.059273
v    -5.682987     8.063180    30.059273
v    15.853288    15.650594    30.321112
v    -7.593060     7.962516    29.790857
v   -17.985290    11.960592    26.461433
v   -28.710853     7.820953    24.011858
v   -34.364983    -5.179295    24.011858
v   -34.644013    -8.675168    24.352577
v   -31.901755   -13.351951    25.663444
v   -31.075652   -14.397815    26.015023
v   -27.527150   -17.303419    27.335758
v   -25.186308   -18.249860    28.091235
v   -13.937564   -18.249860    31.178494
v   -23.990751   -20.998634    28.091235
v   -22.466392   -21.586979    28.439339
v   -21.224786   -21.376714    28.805255
v   -14.044310   -18.614224    31.105696
v   -13.874882   -18.623161    31.129527
v    -2.200581   -15.520697    33.350777
v    -3.565194   -16.246446    32.986475
v   -12.606962   -19.123378    31.129527
v   -11.791409   -19.182399    31.205242
v    -6.393097   -17.392291    32.334765
v     6.840317   -12.100974    34.345192
v    10.360084   -10.712405    34.345192
v    10.726807   -10.693104    34.293680
v    12.347051    -9.150002    34.293680
v    12.390432    -8.404021    34.403716
v    14.067029    -4.549059    34.403716
v    20.255696     9.594614    31.553222
v    21.094771     6.612240    31.553222
v    20.159439    11.249551    31.309010
v    19.759824    15.587105    29.713528
v    21.463541    12.912556    30.137719
v    21.140386    14.272328    29.713528
v    19.430524    16.858066    29.244403
v    18.869424    19.223982    28.115687
v    15.086020    20.189476    28.115687
v    15.086020    16.811210    29.831135
v    19.501275    18.204991    28.551298
v     9.619626    26.427172    24.239935
v     5.384474    26.144977    23.834424
v    -4.837645    23.536401    23.834424
v    14.028675    21.930182    27.094773
v    -7.584061    23.391549    23.448524
v   -14.022092    19.920004    23.831631
v   -18.127287    15.923045    24.809227
v   -23.603734    14.742569    23.182155
v   -30.800098     7.888849    23.182155
v   -33.658225     7.217155    22.177439
v   -36.318809     4.738535    21.557691
v   -36.553589     0.701733    22.153235
v   -37.253210    -1.785079    22.153235
v   -37.504932    -5.211567    22.497739
v   -37.311672    -5.586048    22.642157
v   -36.195058    -7.295785    23.414763
v   -29.563457   -19.772605    26.015023
v   -28.639420   -20.292310    26.391179
v   -28.054985   -20.836777    26.527343
v   -26.956059   -21.095078    26.913677
v   -25.270277   -22.700552    26.913677
v   -24.470550   -22.872959    27.151249
v   -24.151987   -22.785887    27.308699
v   -19.545148   -21.465338    29.041213
v   -18.777383   -21.661267    29.041213
v   -17.297212   -21.759883    29.182962
v     5.061691   -13.456959    33.887114
v     8.362318   -12.614720    33.887114
v    10.791103   -12.486563    33.545837
v    14.708126    -9.226773    33.356052
v    11.131883   -12.728976    33.317264
v    11.413395   -12.668279    33.233605
v    14.844476    -9.400607    33.233605
v    14.856764    -6.671134    33.733077
v    16.905420     0.610502    33.733077
v    27.097998     9.348229    26.787878
v    24.350092    11.427234    28.505869
v    22.666917     6.987899    30.444056
v    28.287845     6.987899    26.270407
v    28.000127     8.365544    26.270407
v    22.973750    12.852481    29.150566
v    21.338673    16.497115    28.530694
v    22.498544    14.843916    28.530694
v    20.876251    18.316144    27.855090
v    20.203192    20.866445    26.356859
v    18.757093    21.786695    26.356859
v    21.086640    18.965061    27.302369
v    18.040466    23.309875    25.426616
v    17.087882    25.259109    24.047606
v     9.619626    26.673929    24.047606
v    17.789861    24.417552    24.600017
v     6.357415    30.493020    20.588225
v    -1.273318    29.047479    20.588225
v    -1.670575    28.571217    20.900830
v     6.743067    30.164155    20.901574
v   -19.141127    18.812016    22.314099
v   -25.318127    14.881215    22.314099
v   -30.706074    13.638802    20.408184
v   -33.954818    10.544779    20.408184
v   -35.204678    10.018061    19.816302
v   -38.963010     4.661144    19.816302
v   -38.942778     4.634209    19.842616
v   -39.064791     2.992926    20.067155
v   -40.183391    -2.362874    20.067155
v   -34.310679   -16.318376    23.414763
v   -33.312727   -17.073356    24.038669
v   -30.775708   -19.700552    25.227150
v   -30.713956   -19.726866    25.263022
v   -28.438588   -22.970086    25.263022
v   -28.239929   -22.911686    25.424134
v   -28.146960   -22.933097    25.457027
v   -26.290944   -24.114193    25.457027
v   -22.392663   -22.904548    27.537955
v   -19.718176   -23.411220    27.537955
v   -19.270898   -23.443058    27.579164
v     7.227644   -14.201824    32.986475
v    11.078696   -13.942158    32.484644
v    15.423263   -12.992428    31.203194
v    13.240988   -15.416557    30.472232
v    16.074973   -13.613107    30.472232
v    15.118788    -9.575932    33.019678
v    20.683674    -9.354620    29.382242
v    23.856702   -15.901818    24.160186
v    27.405700   -10.843293    24.160186
v    38.122761    -8.643889    16.543603
v    39.439523    -2.339476    16.543603
v    36.303608     0.995781    19.389317
v    36.773229     2.369392    18.619752
v    42.127664    -2.917953    13.686096
v    41.648175    -0.034629    13.686096
v    22.744991    17.484579    26.787878
v    22.351085    18.886428    26.298397
v    22.879479    20.660338    24.267304
v    20.031406    23.372806    24.267304
v    19.442937    24.557502    23.560980
v    19.213060    28.922610    18.869985
v    16.572025    30.204184    18.869985
v    14.734626    32.642588    16.637192
v    12.658415    36.461306    12.579226
v    12.464286    36.631417    12.416190
v     8.493455    37.230437    12.416190
v     6.215977    35.311179    15.035504
v     6.215977    31.089060    19.922924
v     1.362815    34.579099    15.035504
v     0.439337    32.880595    16.840444
v    -1.084402    30.858501    18.692054
v   -24.903617    19.299883    18.692054
v   -30.414260    17.895365    16.859435
v   -42.081486    21.047541     4.136788
v   -47.825481    15.577113     4.136788
v   -48.406751    14.334390     4.751447
v   -47.672809    11.870416     7.572647
v   -43.755786     9.486317    13.026567
v   -43.520448     6.964936    14.690627
v   -48.422204    10.469684     7.572647
v   -46.469433     6.985541    11.581584
v   -45.179295     6.807982    13.036434
v   -42.377954    -1.385154    17.626951
v   -41.859181    -2.002233    18.285798
v   -46.888598     4.465091    11.581584
v   -43.943709     0.300131    15.591762
v   -40.436168   -10.558989    18.285798
v   -39.384222   -11.647613    19.245955
v   -36.544466   -15.229317    21.373740
v   -35.053930   -16.247998    22.673622
v   -31.388691   -23.098926    22.673622
v   -31.075093   -22.908086    23.110226
v   -28.539066   -23.065785    25.123880
v   -28.440388   -24.504437    23.924475
v   -31.508035   -23.499596    22.214862
v   -29.595791   -25.320734    22.214862
v   -28.853595   -25.120213    23.024208
v   -26.412709   -24.332774    25.198912
v   -26.296033   -25.451188    24.027932
v   -26.496120   -26.264258    23.024208
v   -26.413019   -26.221994    23.115253
v   -19.270898   -23.740147    27.235218
v   -23.028298   -26.732576    23.115253
v   -22.164400   -26.178489    23.907470
v     3.163597   -20.356109    27.235218
v    15.436730   -19.356358    25.819653
v    28.325454   -21.499534    16.801407
v    18.944954   -20.705330    22.697516
v    27.711974   -25.162291    13.090180
v    30.028861   -24.037981    13.090180
v    28.411782   -20.239992    17.851491
v    44.064423   -19.266616     5.423079
v    36.917398   -25.899087     5.578543
v    39.207723   -26.335133     3.243969
v    39.734254   -26.280642     2.845346
v    41.943713   -25.343263     1.804572
v    45.469810   -21.985042     1.804572
v    44.791972   -19.709489     4.410046
v    43.318007   -11.270030    10.700681
v    44.978591   -11.112951     9.044813
v    47.123692   -15.351144     4.410046
v    47.504502   -13.900204     4.825425
v    46.022841   -11.256686     7.867192
v    42.210081    -3.016011    13.581398
v    45.646375    -6.714577     9.115004
v    46.562654    -8.010550     7.867192
v    47.635949    -0.340283     4.255760
v    47.346555    -0.359833     4.750144
v    46.647741    -8.029292     7.727615
v    48.590334    -8.029292     4.439339
v    48.600201    -8.007633     4.417679
v    48.408927    -5.932290     4.255760
v    42.677902     0.419848    11.936205
v    43.698569    10.205115     3.178493
v    43.170921    10.739156     3.668657
v    47.717374    -0.069880     3.925344
v    46.869921     2.913301     3.178493
v    40.513253    14.144791     4.817419
v    34.128160    18.942098    10.066969
v    23.440702    21.081612    23.185879
v    24.671758    30.679080    10.066969
v    23.872093    31.231926    10.585432
v    22.362691    29.794391    14.489733
v    20.140882    30.043755    16.601692
v    22.411658    33.148019     9.281019
v    18.887236    35.723579     9.281019
v    18.081489    36.696334     8.441263
v    18.046052    36.769008     8.338985
v    17.231306    37.499164     7.626703
v    12.825919    39.237015     7.626703
v    12.110038    39.421463     7.797435
v    12.071063    39.410788     7.842802
v    12.036929    38.952462     8.665057
v     8.630114    38.125676    10.893692
v     8.493455    37.562715    11.863779
v     8.630114    39.842241     7.842802
v     8.183146    40.072738     7.333462
v     6.875258    40.612488     6.082794
v     5.225534    40.474587     5.960223
v     1.355057    39.989265     5.960223
v     1.407623    39.282258     7.228515
v     0.767084    35.803266    12.851180
v    -1.289640    40.711911     2.882583
v    -4.050082    40.622294     1.141070
v   -13.786382    38.113574    -1.180533
v   -17.622539    36.600200    -1.180533
v   -26.632593    34.064546    -3.831561
v   -33.477005    30.554957    -3.559792
v   -35.942716    28.996154    -3.036861
v   -40.807173    25.553033    -1.474147
v   -41.877179    24.261281    -0.359023
v   -42.480170    21.529201     3.162233
v   -43.932413    22.759264    -0.359023
v   -45.093526    21.235960     0.678028
v   -46.049524    20.325453     0.678028
v   -47.587909    17.497177     2.220385
v   -47.893749    17.117546     2.220385
v   -48.814372    15.274686     3.046116
v   -48.714453    14.272824     4.373740
v   -48.851175    13.832062     4.509903
v   -48.696331    10.590642     7.106812
v   -49.442250    12.473035     4.509903
v   -49.686401    11.613543     4.725133
v   -49.346613    10.485696     6.103275
v   -49.331222    10.484641     6.129589
v   -47.772791     4.659779    10.130458
v   -49.784334     7.319371     6.103275
v   -49.903058     6.030784     6.203815
v   -49.279338     4.659779     7.580405
v   -49.145968     3.212624     7.467515
v   -47.992551    -5.131073     7.467515
v   -46.143051    -7.920064     9.945576
v   -45.320113    -9.311487    10.882087
v   -44.856760    -9.820703    11.481541
v   -39.639544   -21.816421    11.481541
v   -37.767329   -23.711475    13.221068
v   -36.966671   -24.065909    14.294115
v   -36.763606   -24.218457    14.460998
v   -33.370569   -24.897660    18.626021
v   -35.174516   -26.190839    14.460998
v   -34.239867   -26.836963    15.067031
v   -33.807545   -26.894805    15.631544
v   -33.195617   -26.311983    17.214427
v   -30.652329   -26.597405    19.631978
v   -31.438588   -28.626016    15.631544
v   -31.099173   -28.595295    16.059894
v   -30.493823   -27.315583    18.706328
v   -26.932661   -27.161236    21.423637
v   -27.688200   -29.940917    16.059894
v   -26.768012   -29.689443    17.130706
v   -26.681436   -28.525662    19.218461
v   -23.262209   -27.695897    21.455165
v   -23.262209   -30.129026    17.130706
v   -22.536087   -30.503444    16.303424
v   -18.885432   -30.198349    16.032214
v   -10.125673   -29.099981    16.032214
v    27.859929   -25.616272    12.298459
v    27.879975   -25.507416    12.474280
v    35.535036   -27.713461     3.366851
v    36.050272   -27.580711     3.243969
v    41.846772   -26.471730     0.179300
v    42.737978   -26.067895    -0.201014
v    44.053624   -25.106435    -0.201014
v    45.122574   -24.579035    -0.756218
v    45.296595   -24.413330    -0.756218
v    45.586237   -22.072425     1.580219
v    45.372869   -24.360578    -0.805681
v    47.096881   -22.220815    -0.805681
v    47.153481   -22.107552    -0.754914
v    47.119409   -21.765530    -0.301678
v    47.388695   -20.897473    -0.033509
v    48.381061   -18.615899    -0.033509
v    48.829830   -17.036057     0.362010
v    47.866880   -13.839694     4.267614
v    47.958918   -12.929869     4.361513
v    48.498420    -9.026810     4.361513
v    48.900952    -2.767640     1.671636
v    49.478064    -8.007633     1.799234
v    49.291382    -6.067708     1.671636
v    48.509405    -0.316700     1.818287
v    48.685909    -0.772357     1.502518
v    46.776022     4.820829     1.354935
v    47.851303     1.894248     1.354935
v    45.895305     7.486503     0.664250
v    44.445792     9.895117     1.660527
v    43.822258    11.085150     1.208655
v    39.805377    17.173526     1.208655
v    39.298892    18.044127     0.802524
v    31.762741    26.631045     2.089435
v    28.385530    29.377709     4.514744
v    23.679640    33.859494     4.514744
v    21.537332    35.411098     5.728422
v    20.575252    36.176939     5.591142
v    20.398252    36.270342     5.669774
v    16.811645    38.416622     5.669774
v    15.426614    39.120836     5.259050
v    16.769878    38.447653     5.631916
v    15.670517    39.047789     5.198850
v    12.200710    40.195868     5.259050
v    11.807487    40.302056     5.337496
v    11.235278    40.503198     4.959850
v    10.908523    40.622604     4.695654
v     7.163535    41.024454     4.695654
v     6.875258    41.049651     4.713713
v     5.366290    41.337121     3.306341
v     2.278349    41.067463     3.112956
v     1.564329    40.990879     3.112956
v   -13.099793    38.565011    -1.883010
v   -14.557933    38.079068    -1.883010
v    -4.539128    40.635886     0.584067
v    -6.915905    40.234595    -0.648727
v   -26.541549    34.114257    -3.867432
v   -20.798236    36.209087    -3.422884
v   -24.575558    34.889780    -3.867432
v   -38.371810    27.542545    -3.036861
v   -39.851299    26.448211    -2.423257
v   -40.921677    25.528705    -1.604105
v   -42.774529    24.053809    -1.339660
v   -43.930303    22.764788    -0.367649
v   -44.904113    21.837338    -0.367649
v   -46.135417    20.295353     0.549622
v   -46.519703    19.857446     0.484023
v   -47.746042    17.749582     1.467329
v   -48.084278    17.236891     1.467329
v   -48.917395    15.646932     2.071003
v   -48.994661    15.199902     2.679828
v   -49.362873    14.085398     2.968601
v   -49.716935    13.121766     2.968601
v   -50.066715    11.946504     3.214924
v   -50.053061    11.499350     3.749647
v   -50.209085    10.051388     3.872405
v   -50.417364     8.290822     3.872405
v   -50.588592     6.512072     3.989329
v   -50.487493     6.030784     4.460688
v   -50.247315     3.535780     4.296597
v   -49.749704    -0.670576     4.296597
v   -49.456959    -3.387202     4.066348
v   -48.889591    -4.851548     5.081057
v   -48.440202    -6.361198     4.764728
v   -46.032767   -12.913671     4.764728
v   -45.550796   -13.845714     5.183955
v   -45.059143   -14.611183     5.815929
v   -42.563022   -18.758952     7.531500
v   -40.275366   -21.552659    10.189975
v   -39.486314   -22.748649    10.189975
v   -37.553030   -24.789983    11.830328
v   -37.508594   -24.818345    11.902195
v   -36.310555   -25.792713    12.762556
v   -34.183949   -27.818097    12.762556
v   -33.735243   -28.143052    13.016699
v   -33.460744   -28.361571    12.977538
v   -31.541859   -28.768385    15.155034
v   -32.420901   -29.254825    12.181721
v   -30.904361   -30.162353    12.181721
v   -30.536025   -30.435921    11.847953
v   -27.980325   -30.550052    14.174646
v   -29.792650   -31.079749    10.598465
v   -29.066715   -31.502637    10.027622
v   -27.575496   -31.999565    10.027622
v   -27.585054   -31.700552    10.960719
v   -22.689504   -31.010240    14.767956
v   -26.639979   -32.468317     8.873895
v   -26.053620   -32.682678     8.399681
v   -22.689504   -33.043691     8.399681
v   -20.230557   -33.619375     5.770376
v   -16.528454   -34.324582     2.317698
v    -0.525102   -32.927387     1.315339
v     0.038418   -32.866939     1.315339
v    33.616709   -29.585179    -1.394832
v    35.067215   -29.075342    -0.437593
v    36.847579   -28.594675    -0.792958
v    40.484456   -27.382734    -0.792958
v    41.580341   -27.054303    -1.063361
v    41.944892   -26.997207    -1.536209
v    42.731276   -26.623409    -1.820576
v    44.165211   -25.765344    -1.820576
v    44.792096   -25.434555    -2.099109
v    44.993300   -25.360702    -2.391729
v    45.204186   -25.207968    -2.511198
v    46.513687   -23.960838    -2.511198
v    46.731648   -23.783590    -2.667718
v    48.000127   -21.756345    -2.474706
v    46.759017   -23.766089    -2.712030
v    47.931114   -21.989511    -2.712030
v    47.973937   -21.907838    -2.680999
v    48.266061   -20.951405    -2.266117
v    48.859247   -19.336808    -2.266117
v    49.182030   -18.252528    -2.038909
v    49.141814   -16.938868    -0.467941
v    49.381992   -14.709799    -0.279025
v    49.570474   -13.116675    -0.279025
v    49.878672    -9.914913    -0.068450
v    49.893257    -9.914913    -0.202752
v    49.468693    -5.809656    -0.202752
v    49.291382    -4.202568    -0.100226
v    48.867935    -0.935579     0.196119
v    48.944085    -1.267237    -0.100226
v    47.639114     2.922424     0.196119
v    47.521259     3.270590     0.125927
v    46.018001     7.362007     0.125927
v    45.658415     8.107492    -0.473713
v    43.324834    12.265439    -0.473713
v    42.731586    13.258054    -0.842359
v    40.203130    17.090425    -0.842359
v    39.742260    17.678832    -0.407803
v    33.825113    24.545524    -0.407803
v    33.232424    25.204495    -0.173272
v    31.403528    27.178863     1.027435
v    27.279528    31.106437     1.027435
v    24.786262    33.201268     2.471549
v    21.406010    35.843296     2.471549
v    19.918267    36.900206     3.517971
v    18.278659    37.870913     3.583694
v    18.464348    37.770249     3.517971
v    15.278287    39.398314     3.583694
v    15.270095    39.401913     3.577364
v    13.767333    39.902689     3.577364
v    13.044376    40.124684     3.438532
v    10.743625    40.789426     3.438532
v     9.285610    41.024454     2.775651
v     9.964751    40.951593     2.775651
v     8.022096    41.150936     2.698881
v     5.366290    41.400051     2.698881
v    -0.369079    41.067463     0.717685
v     3.176505    41.400051     0.717685
v    -2.567490    40.847454     0.584067
v   -11.345682    39.123877    -2.432194
v   -13.611430    38.469250    -2.432194
v    -7.387884    40.136289    -1.050452
v   -10.787437    39.274625    -2.321538
v   -18.768694    36.885436    -3.422884
v   -27.390242    33.701174    -4.070995
v   -32.399241    31.151308    -4.070995
v   -33.552968    30.525912    -3.662877
v   -36.434803    28.801342    -3.662877
v   -37.941785    27.848012    -3.339287
v   -41.091788    25.478683    -2.423257
v   -42.819461    24.027060    -1.422636
v   -43.549245    23.332031    -1.422636
v   -44.832184    21.947063    -0.580335
v   -45.720038    20.916715    -0.580335
v   -46.604169    19.787874     0.253464
v   -47.076148    19.072551     0.253464
v   -47.871531    17.741701     0.747723
v   -48.516476    16.592566     0.747723
v   -49.025506    15.537207     1.596603
v   -49.283993    14.833676     1.596603
v   -49.487990    14.231243     1.718058
v   -50.199961    11.827035     2.258863
v   -50.061005    12.432199     1.718058
v   -50.383043    10.279527     2.258863
v   -50.417364     9.968412     2.278723
v   -50.774777     6.512072     2.278723
v   -50.247315     1.086081     1.969408
v   -50.774777     6.143053     1.928075
v   -50.318748     1.733508     1.928075
v   -49.884750    -1.978588     1.969408
v   -49.588406    -3.269347     3.122762
v   -48.689070    -6.092843     3.122762
v   -48.193631    -7.556134     3.417927
v   -46.840438   -11.239247     3.417927
v   -44.465523   -15.779370     5.183955
v   -42.272015   -19.449574     6.547078
v   -42.202071   -19.555576     6.547078
v   -40.091912   -22.249736     8.536900
v   -38.319492   -24.306522     8.536900
v   -36.780797   -25.967665     9.547140
v   -35.925400   -26.782287     9.547140
v   -35.722893   -26.952460     9.429843
v   -31.548810   -30.214919     9.429843
v   -30.959100   -30.633835     9.015023
v   -30.139079   -31.158567     7.866509
v   -28.541859   -31.971637     7.866509
v   -27.979642   -32.217588     7.435801
v   -26.464778   -32.823248     5.663630
v   -25.694717   -33.045677     5.663630
v   -22.939861   -33.619375     3.319125
v   -20.965864   -34.005709     1.378580
v   -20.508221   -34.075653     1.118045
v   -18.615402   -34.265127     1.003045
v   -16.528454   -34.460932     1.003045
v   -12.933096   -34.460932    -2.249918
v     3.415443   -32.927387    -2.249918
v     6.987900   -32.569788    -2.466948
v    33.476078   -29.727424    -2.466948
v    34.116058   -29.594116    -3.011602
v    38.914544   -28.207844    -3.011602
v    39.719856   -27.960528    -3.166321
v    41.549000   -27.350958    -3.166321
v    42.218708   -27.057965    -3.679323
v    44.100481   -26.100043    -3.679323
v    44.536402   -25.863712    -3.833485
v    44.787814   -25.702848    -4.185623
v    45.001430   -25.551045    -4.335874
v    46.192394   -24.620182    -4.335874
v    46.233355   -24.585800    -4.359581
v    46.766589   -23.772667    -2.783090
v    47.399370   -23.251287    -4.510578
v    46.408369   -24.419102    -4.655057
v    47.353506   -23.322286    -4.655057
v    47.402845   -23.252404    -4.552221
v    48.320489   -21.556072    -4.201883
v    48.149633   -21.921802    -4.552221
v    48.262151   -21.688512    -4.364546
v    48.527403   -20.944951    -4.078628
v    49.309753   -18.138024    -2.955870
v    49.021290   -19.394525    -4.078628
v    49.344259   -17.846024    -2.955870
v    49.570474   -15.796747    -2.825106
v    49.802274   -13.554893    -2.825106
v    49.893257   -11.701110    -1.899642
v    49.468693    -7.290510    -1.609566
v    49.350651    -6.292310    -1.609566
v    48.794703    -1.133308    -1.172341
v    48.481850    -0.325761    -1.731952
v    47.769568     2.067152    -1.230493
v    46.061692     6.715510    -1.230493
v    45.573266     8.193944    -0.847386
v    43.402100    11.801714    -2.339598
v    43.112148    12.355056    -2.129519
v    40.914668    15.685783    -2.129519
v    40.000251    17.257619    -1.396260
v    37.840752    19.718179    -1.765030
v    34.373490    23.858811    -0.816355
v    28.330977    29.872465    -0.173272
v    27.800040    30.427979     0.084098
v    27.091419    31.218334     0.680076
v    22.736923    34.684666     1.301624
v    21.469313    35.773600     2.271772
v    17.564329    38.114319     2.296224
v    17.679454    38.041521     2.271772
v    16.996527    38.405451     2.318753
v    15.425435    39.263019     2.937570
v    13.117051    39.954821     2.367968
v    12.047045    40.311365     2.367968
v    10.070008    40.845158     1.973380
v     6.372248    41.055174     0.398750
v     5.479863    41.150936     0.398750
v     8.864025    40.811644     0.599892
v     3.176505    41.352078     0.254519
v    -0.548685    40.847454    -1.242471
v     1.437971    41.020854    -1.366905
v    -5.008997    40.368772    -1.242471
v   -18.059453    37.018186    -4.184133
v   -17.896293    37.062249    -4.216715
v   -23.291937    35.274438    -4.184133
v   -31.051448    31.775152    -4.738096
v   -32.218828    31.220320    -4.315952
v   -28.863214    32.897165    -4.651209
v   -34.964934    29.576927    -4.315952
v   -39.611306    26.550861    -3.263138
v   -41.090919    25.479180    -2.424932
v   -38.740146    27.212501    -3.453233
v   -43.624712    23.216907    -1.645810
v   -42.539873    24.099238    -2.424932
v   -44.725314    21.962826    -1.457887
v   -45.702165    20.931423    -0.629053
v   -47.270339    18.611743    -0.403459
v   -47.076210    18.848819    -0.629053
v   -48.436851    16.673371     0.398254
v   -49.516786    13.705705     0.325269
v   -48.529943    16.391486     0.325269
v   -49.870972    12.602620     0.354252
v   -49.759323    12.890897     0.154476
v   -50.035870    11.072303     0.224543
v   -50.383043     8.138150     0.224543
v   -50.623284     6.143053     0.536403
v   -50.534226     6.567059     0.121210
v   -50.318748     2.979397     0.744496
v   -49.816358    -1.563147     1.025449
v   -49.830570    -2.027182     1.580343
v   -50.173585     1.752065     0.744496
v   -48.844348    -5.340345     2.274689
v   -46.829019   -11.250853     3.367720
v   -48.222738    -7.032333     2.274689
v   -44.833115   -14.907217     3.940735
v   -46.210574   -12.278470     2.942659
v   -41.610934   -20.042636     4.933474
v   -42.848940   -17.914602     3.940735
v   -39.651522   -22.275243     4.598837
v   -39.033574   -22.777818     4.155096
v   -32.866069   -28.651585     4.155096
v   -31.775459   -29.441506     3.537210
v   -31.440264   -29.708372     3.585060
v   -30.134486   -31.145844     7.705397
v   -30.536522   -30.185254     3.183583
v   -26.937875   -32.338732     3.183583
v   -26.955935   -32.360888     3.390372
v   -26.466392   -32.798361     5.406260
v   -26.259851   -32.444982     2.304044
v   -24.246383   -33.048346     1.807178
v   -23.113509   -33.425929     1.807178
v   -17.881336   -34.002730    -1.873700
v   -16.088933   -34.060944    -3.004527
v   -15.819088   -34.087320    -3.026310
v   -14.161917   -34.265127    -3.026310
v   -12.933096   -34.372432    -3.103267
v    -4.624463   -32.789734   -10.852103
v    -3.089863   -32.569788   -11.584928
v    34.581148   -29.123750    -6.557062
v    -2.172219   -32.414261   -12.065844
v    16.495255   -30.411096   -12.065844
v    30.754797   -29.017439   -10.914910
v    37.013222   -28.467076    -6.071615
v    42.762679   -26.571774    -5.919440
v    42.145786   -26.756656    -6.071615
v    43.342459   -26.255321    -6.147765
v    45.668159   -24.817104    -6.439641
v    43.801095   -25.914665    -6.563454
v    45.656119   -24.804629    -6.563454
v    46.381061   -24.393098    -5.123313
v    46.816176   -23.729472    -6.409789
v    45.779311   -24.629739    -6.860419
v    46.708499   -23.744802    -6.860419
v    46.780801   -23.698566    -6.743433
v    47.322723   -23.312170    -5.027179
v    47.705768   -22.403214    -6.322903
v    47.478250   -22.641469    -6.743433
v    47.762803   -22.314342    -6.249546
v    48.496124   -20.554769    -5.642397
v    48.198352   -21.129026    -6.249546
v    48.558248   -20.394339    -5.531244
v    48.927204   -19.478867    -4.753859
v    49.344259   -16.263079    -4.459625
v    49.244402   -16.797802    -4.753859
v    49.680757   -14.133618    -3.391854
v    49.104204    -7.877303    -2.903862
v    48.041336    -0.188480    -2.903862
v    47.705086     0.318564    -3.354368
v    46.368711     2.578168    -4.875190
v    46.243781     3.017999    -4.765031
v    42.487932    11.653511    -4.765031
v    42.445978    11.788805    -4.723263
v    42.485201    12.182028    -4.202131
v    41.072739    15.009497    -2.935266
v    39.007946    17.572210    -2.935266
v    29.050955    28.927948    -0.816355
v    22.287348    34.779993     0.791477
v    22.966117    33.960592     0.084098
v    13.432572    39.408492     1.270096
v    11.911192    40.008628     1.270096
v     8.870728    40.792033     0.545154
v     7.378640    40.384350    -1.191208
v     5.594491    40.547944    -1.366594
v     4.102280    40.735060    -1.366594
v     1.437971    40.957800    -1.564509
v    -3.351640    40.135110    -2.531368
v     0.154536    40.428165    -2.791841
v    -8.652577    39.470429    -2.531368
v   -19.976787    35.965309    -5.489849
v   -22.525226    35.308696    -4.882203
v   -19.780052    36.051699    -5.424250
v   -28.078196    33.118105    -4.882203
v   -32.814620    30.527153    -5.304471
v   -34.864704    29.598214    -4.429711
v   -36.864642    28.137778    -4.427291
v   -36.857505    28.141874    -4.429711
v   -42.436106    24.135544    -2.580025
v   -41.382485    24.863962    -3.263138
v   -43.809283    22.431206    -2.580025
v   -44.787686    21.696147    -1.775643
v   -46.977781    18.889656    -0.828954
v   -48.611182    14.741700    -1.251842
v   -47.402469    17.520823    -1.251842
v   -49.076521    13.103582    -1.662008
v   -49.037112    12.972756    -1.821879
v   -49.646247     8.566252    -1.821879
v   -50.205857     6.567059    -0.858309
v   -49.735119     7.601627    -1.897098
v   -49.915222     3.413642    -0.612359
v   -49.327312    -0.843541    -0.610683
v   -49.567491    -1.640724     0.363375
v   -49.328988    -0.827405    -0.612359
v   -48.261899    -6.236640     1.514061
v   -45.693724   -12.492893     1.892823
v   -46.074162   -11.266740     1.514061
v   -43.441630   -15.378824     0.919386
v   -42.064170   -16.413765    -0.213116
v   -36.111710   -23.801712    -0.213116
v   -35.091105   -24.507292    -0.874880
v   -33.178612   -26.328740    -0.874880
v   -32.771984   -26.862222    -0.511695
v   -27.525599   -30.823558    -0.233162
v   -27.792836   -30.500899    -0.511695
v   -26.750448   -31.372183     0.015892
v   -22.877799   -32.462111    -1.123561
v   -21.027181   -33.192142    -1.123561
v    -5.875689   -32.685098   -10.759135
v    -9.820950   -32.348228   -10.298637
v    -9.350647   -32.304412   -10.598643
v    -7.717431   -32.454167   -10.759135
v     4.768636   -29.550052   -18.703217
v     6.751693   -29.037112   -19.643266
v    31.357105   -27.264134   -15.812756
v     9.280149   -28.261155   -20.982991
v    20.098991   -26.904673   -20.982991
v    27.542980   -26.221932   -20.251284
v    31.477629   -27.233103   -15.784022
v    44.378641   -24.651833    -9.256932
v    37.756969   -24.755973   -15.784022
v    40.612986   -23.952212   -14.943706
v    44.099736   -24.267609   -10.543284
v    45.602435   -24.392415    -7.868177
v    45.816859   -23.837398    -8.739399
v    44.865205   -23.708185   -10.543284
v    45.580652   -23.612486    -9.609007
v    46.494262   -23.600012    -7.726614
v    46.649478   -22.936014    -8.517839
v    46.025138   -23.060820    -9.609007
v    46.511825   -22.845342    -8.956739
v    47.407376   -22.621609    -6.978399
v    47.460935   -21.533916    -8.018118
v    46.824492   -22.126481    -8.956739
v    47.607276   -21.313225    -7.822065
v    48.316269   -18.837832    -6.802205
v    47.831629   -19.690311    -7.822065
v    45.030847   -19.690311   -12.562834
v    42.694783   -19.175820   -16.396695
v    42.545773   -18.965059   -16.599636
v    39.741578   -15.946812   -20.244519
v    38.950850   -15.006267   -21.248740
v    37.734130   -12.561471   -22.531306
v    36.167569    -3.141500   -22.531306
v    36.067836    -2.030720   -22.396757
v    38.053376     1.511824   -18.320607
v    42.088503     3.292994   -11.463287
v    34.375972     8.385466   -18.320607
v    39.654443    12.347609    -8.149875
v    27.222680     8.727178   -25.641962
v    21.076152    14.581023   -25.641962
v    20.509405    25.342210   -14.077201
v    23.950539    29.500343    -5.664615
v    16.430524    27.321543   -14.077201
v     7.848820    38.710360    -3.648851
v     7.606531    39.156025    -3.175258
v     7.604545    39.157762    -3.173583
v     2.832187    39.877616    -3.173583
v     0.154536    40.086019    -3.399860
v    -2.236763    38.552413    -5.592747
v    -4.230309    38.397258    -5.424250
v   -22.867435    33.782848    -7.306022
v   -26.032581    33.029419    -6.443054
v   -20.635510    35.388011    -6.043191
v   -32.807421    29.741887    -6.443054
v   -32.977780    29.787875    -6.257304
v   -41.526840    23.697575    -4.427291
v   -41.564698    23.616584    -4.467383
v   -43.133121    22.566625    -3.410038
v   -47.273753    14.827035    -3.410100
v   -47.725190    13.106933    -3.902497
v   -48.675044    12.948304    -2.440510
v   -45.235833     8.665489    -9.012967
v   -45.418667     7.566128    -9.012967
v   -47.083285     7.566128    -6.377579
v   -47.244522     7.601627    -6.113010
v   -42.398807    -0.049462   -11.788862
v   -45.605845    -1.465089    -6.338853
v   -43.283000     5.267425   -11.788862
v   -41.658411    -0.414571   -12.538195
v   -34.437658   -13.911251   -12.538195
v   -35.435113   -17.259976    -8.704024
v   -35.940854   -17.639607    -7.729469
v   -28.600321   -26.842549    -5.226832
v   -27.177991   -25.123875    -8.704024
v   -11.427169   -31.965866    -9.860668
v   -26.117233   -24.837336    -9.860668
v     4.375724   -29.519518   -18.670014
v    -1.985165   -28.559982   -18.670014
v    12.182774   -26.399615   -23.644693
v    16.601008   -26.055793   -23.271268
v    27.628749   -25.756159   -21.004154
v    19.934403   -25.552969   -23.271268
v    26.221625   -25.040836   -22.546077
v    32.743129   -24.538695   -19.609690
v    40.662946   -23.725997   -15.235210
v    33.460935   -24.190343   -19.609690
v    38.051203   -23.020418   -18.083159
v    40.944582   -23.606528   -15.102522
v    44.356361   -23.223608   -11.859364
v    44.393101   -22.926953   -12.155461
v    42.443806   -22.178737   -15.102522
v    43.339294   -22.135976   -14.185995
v    45.293182   -22.746788   -11.050576
v    45.262958   -22.114627   -11.557062
v    43.716008   -21.431762   -14.185995
v    45.661704   -22.048035   -10.943396
v    42.639176   -19.510457   -16.396695
v    36.559489   -11.312107   -23.597278
v    34.643334    -7.599515   -25.029103
v    33.893443    -6.451312   -25.547939
v    32.907717    -1.731706   -25.547939
v    31.763796    -0.866256   -26.263138
v    27.212564     3.846709   -28.395081
v    26.783779     4.417304   -28.524852
v    27.183891     8.703532   -25.696018
v    26.135669     4.920562   -28.769810
v    23.312669     8.944270   -28.769810
v    22.138586     9.439088   -29.325820
v    20.785331    10.727861   -29.325820
v    20.713029    10.883511   -29.248429
v    20.516666    13.747286   -26.860916
v    17.851489    12.704525   -29.248429
v    17.725069    13.263205   -28.831499
v    17.869921    13.523181   -28.524542
v    -3.540804    17.291815   -28.831499
v    -3.540804    30.086391   -15.165080
v    -2.236763    35.582513    -9.030655
v    -6.516413    13.681376   -32.085828
v   -12.796746    12.491654   -32.085828
v   -15.114378    14.071993   -29.928874
v   -23.377023    28.897786   -12.420899
v   -32.774901    29.693479    -6.513805
v   -20.375720    10.723889   -29.928874
v   -23.501395    11.643146   -27.393530
v   -33.368210    21.040155   -13.728228
v   -36.964313    20.816485   -10.872832
v   -26.876558     6.832435   -27.393530
v   -31.124060     5.960716   -24.374849
v   -35.798112     8.323467   -19.118038
v   -39.918512     7.933595   -15.009305
v   -31.488176     4.217403   -24.374849
v   -34.127535     4.217403   -21.689874
v   -39.006887     5.267425   -16.503130
v   -35.417550     0.444487   -19.575991
v   -25.660955    -0.138707   -29.377207
v   -25.588529    -0.485570   -29.377207
v   -23.320919    -2.201203   -30.794883
v   -23.810214    -7.442871   -27.335502
v   -20.043131    -7.677092   -30.326627
v   -21.808972    -2.511511   -31.869419
v   -18.929186    -6.616210   -31.869419
v   -19.538756   -15.033885   -24.193194
v    -7.405385   -14.006578   -31.819645
v   -17.779865    -6.278160   -32.801647
v    -8.161855   -12.398746   -32.801647
v    -4.972070   -16.137962   -30.771299
v    -3.012286   -18.487370   -29.229004
v    -1.971201   -28.467634   -18.779367
v    11.214053   -24.378514   -25.815115
v     3.699748   -19.758890   -29.229004
v    10.942843   -24.049400   -26.111769
v    12.182774   -25.204679   -25.027986
v    17.573452   -24.820765   -24.531120
v    18.734502   -24.600757   -24.531120
v    25.150192   -24.168124   -23.695025
v    26.235464   -24.908148   -22.684971
v    30.650719   -23.952460   -21.376090
v    38.136538   -21.775088   -19.121389
v    33.444612   -22.174517   -21.376090
v    37.230003   -21.301619   -20.037047
v    37.822320   -21.475826   -19.556628
v    41.442813   -21.569477   -16.496179
v    41.232548   -19.316824   -17.982929
v    39.873707   -18.551914   -19.556628
v    40.790793   -19.015515   -18.525162
v    38.571963   -16.820393   -21.248740
v    31.868432    -4.650468   -26.772292
v    31.856578    -4.637621   -26.779119
v    30.995162    -2.893439   -27.148200
v    27.907903     1.375226   -28.395081
v    23.476016     6.416311   -29.852476
v    21.992369     7.798487   -30.198097
v    20.849999     8.066966   -30.599699
v    18.269536    10.524484   -30.599699
v    17.789055    10.628065   -30.742440
v    17.721407    12.171726   -29.682985
v    15.097067     8.713400   -32.548187
v    11.711043     8.139888   -33.546015
v     6.757341     8.401230   -34.242037
v     4.530009     8.313537   -34.639356
v    -5.847450     9.005028   -35.632964
v    -6.504063     9.674674   -35.207841
v    -6.516413     9.721654   -35.173025
v   -12.634145    11.825546   -32.629178
v   -10.719914     8.598834   -35.207841
v   -11.496057     8.557936   -35.098737
v   -12.286351     9.120028   -34.568606
v   -12.725375     9.743314   -34.058272
v   -19.960217    10.328183   -30.394895
v   -16.579220     5.031590   -34.568606
v   -19.663810     7.002422   -32.163095
v   -26.429465     6.733384   -27.740827
v   -16.218331     4.571341   -34.892754
v   -17.567552    -0.224104   -34.892754
v   -18.580151    -0.781976   -34.327186
v   -21.131631    -0.781976   -32.640535
v   -23.823929    -0.138707   -30.741199
v   -21.785389    -2.506236   -31.887727
v   -18.053247    -2.654626   -34.327186
v   -17.357970    -3.045676   -34.610187
v   -17.633648    -6.138893   -32.965614
v   -13.546327    -5.808477   -35.035310
v   -16.680567    -3.013404   -34.942217
v   -16.415812    -3.075652   -35.035310
v   -13.078630    -5.909265   -35.174204
v    -9.834293    -9.068081   -34.401660
v    -8.191707   -11.717184   -33.269344
v    -1.386456   -14.904859   -32.262269
v    -4.532177   -12.651088   -33.269344
v    -0.703281   -15.268168   -32.079870
v    16.126794   -23.704027   -25.615400
v    21.330915   -22.375969   -25.615400
v    24.568922   -22.205175   -25.160426
v    25.216101   -22.665487   -24.726304
v    29.116865   -21.824675   -23.567426
v    35.034571   -16.188729   -23.567426
v    35.612117   -16.053000   -23.364423
v    36.831691   -16.832247   -22.413265
v    38.352451   -16.771798   -21.419285
v    35.679640   -14.891515   -23.535775
v    36.514494   -11.924160   -23.535775
v    22.992307     5.116429   -30.263324
v    17.885374     6.112829   -32.093337
v    17.088688     7.944704   -32.093337
v     8.526471     6.914728   -34.566247
v     2.595112     7.227395   -35.399736
v     2.003540     7.460747   -35.399736
v    -5.847450     8.029108   -36.128526
v    -6.437347     7.375661   -36.383848
v    -6.979828     7.336375   -36.333516
v   -11.337924     5.617143   -36.333516
v   -11.390552     5.614412   -36.326131
v   -12.586109     4.475766   -36.326131
v   -12.691614     4.435054   -36.302051
v   -16.154718     4.547633   -34.926764
v   -14.358342     0.602806   -36.302051
v   -14.643702     0.487434   -36.209951
v   -15.437471    -0.162539   -35.914476
v   -15.642523    -0.224104   -35.823679
v   -14.231799    -3.004654   -35.902560
v   -14.236453    -2.923973   -35.914476
v   -13.051199    -5.144293   -35.493201
v   -13.777631    -3.437162   -35.902560
v    -8.249548    -8.533171   -34.878666
v    -9.058026    -6.719604   -35.493201
v     0.101225   -15.209892   -32.005210
v    10.241422   -11.209768   -32.005210
v    11.230251   -11.157636   -31.866254
v    24.353940   -16.206603   -27.661698
v    25.226341   -15.869856   -27.462418
v    29.841187    -5.259293   -27.462418
v    17.817293     6.079874   -32.115990
v     8.281886     6.079874   -34.733069
v     6.427607     5.234036   -35.141001
v    -1.029043     5.234036   -36.250229
v    -1.874820     6.039472   -36.250229
v    -6.437347     6.615591   -36.602926
v    -7.792402     5.203563   -36.855765
v    -9.140878     5.033328   -36.751564
v   -11.962203     2.346367   -36.751564
v   -13.389435     0.602806   -36.567923
v   -12.041580     1.776020   -36.797862
v   -13.329422     0.171850   -36.532982
v   -10.787189    -2.642462   -36.471541
v   -10.787189    -2.249363   -36.532982
v    -9.058026    -6.080865   -35.677276
v   -10.638675    -1.685284   -36.598954
v    -4.158007     4.486813   -36.598954
v    -7.792402     4.486813   -36.922854
v   -10.638675     1.776020   -36.922854
f      1      2      3
f      1      3      4
f      1      4      5
f      1      5      6
f      1      6      7
f      4      8      9
f      4      9     10
f      4     10     11
f      4     11      5
f     12     13     14
f     12     14     15
f     12     15      9
f     12      9      8
f     12      8     16
f     11     10     17
f     11     17     18
f     19     20     21
f     19     21      1
f     19      1      7
f     19      7     22
f     23     24      2
f     23      2      1
f     23      1     21
f     25     24     23
f     25     23     26
f     25     26     27
f     28     29      3
f     28      3      2
f     28      2     24
f     28     24     25
f     28     25     30
f     31     16      8
f     31      8      4
f     31      4      3
f     31      3     29
f     32     33     34
f     32     34     35
f     32     35     36
f     32     36     37
f     32     37     38
f     32     38     39
f     32     39     40
f     32     40     12
f     32     12     16
f     32     16     31
f     39     41     42
f     39     42     43
f     39     43     44
f     39     44     40
f     40     44     45
f     40     45     46
f     40     46     13
f     40     13     12
f     47     46     45
f     47     45     48
f     47     48     49
f     47     49     50
f      9     15     51
f      9     51     52
f      9     52     17
f      9     17     10
f     18     17     52
f     18     52     53
f     18     53     54
f     18     54     55
f      6      5     11
f      6     11     18
f      6     18     55
f      6     55     56
f     57     20     19
f     57     19     58
f     59     26     23
f     59     23     21
f     59     21     20
f     59     20     57
f     60     27     26
f     60     26     59
f     60     59     61
f     60     61     62
f     63     30     25
f     63     25     27
f     63     27     60
f     64     65     66
f     64     66     28
f     64     28     30
f     64     30     63
f     64     63     67
f     68     69     70
f     68     70     66
f     68     66     65
f     68     65     71
f     66     70     72
f     66     72     73
f     66     73     74
f     66     74     32
f     66     32     31
f     66     31     29
f     66     29     28
f     74     75     76
f     74     76     33
f     74     33     32
f     76     77     78
f     76     78     79
f     76     79     34
f     76     34     33
f     34     79     80
f     34     80     81
f     34     81     82
f     34     82     83
f     34     83     35
f     37     84     85
f     37     85     38
f     38     85     86
f     38     86     87
f     38     87     41
f     38     41     39
f     87     88     89
f     87     89     90
f     87     90     42
f     87     42     41
f     45     44     43
f     45     43     91
f     45     91     48
f     48     91     92
f     48     92     93
f     48     93     49
f     51     15     14
f     51     14     94
f     51     94     95
f     53     52     51
f     53     51     95
f     53     95     96
f     97     54     53
f     97     53     96
f     97     96     98
f     97     98     99
f     97     99    100
f     56     55     54
f     56     54     97
f     56     97    101
f     22      7      6
f     22      6     56
f     22     56    101
f     22    101    102
f    103    104    105
f    103    105    106
f    103    106    107
f    108     61     59
f    108     59     57
f    108     57     58
f    108     58    105
f    108    105    104
f    109     62     61
f    109     61    108
f    109    108    110
f    111     67     63
f    111     63     60
f    111     60     62
f    111     62    109
f    112    113     64
f    112     64     67
f    112     67    111
f    112    111    114
f    115     71     65
f    115     65     64
f    115     64    113
f    116    117     68
f    116     68     71
f    116     71    115
f    116    115    118
f    119    120    121
f    119    121     69
f    119     69     68
f    119     68    117
f    119    117    122
f    121     72     70
f    121     70     69
f     73    123    124
f     73    124     75
f     73     75     74
f    124    125    126
f    124    126     77
f    124     77     76
f    124     76     75
f    127    128    129
f    127    129     78
f    127     78     77
f    127     77    126
f     78    129    130
f     78    130     80
f     78     80     79
f     80    130    131
f     80    131     81
f     35     83    132
f     35    132    133
f     35    133     36
f     36    133    134
f     36    134    135
f     36    135     84
f     36     84     37
f    135    136    137
f    135    137     86
f    135     86     85
f    135     85     84
f     86    137    138
f     86    138     88
f     86     88     87
f     89     88    138
f     89    138    139
f     42     90    140
f     42    140     92
f     42     92     91
f     42     91     43
f     93     92    140
f     93    140    141
f     93    141    142
f    143     94     14
f    143     14     13
f    143     13     46
f    143     46     47
f     96     95     94
f     96     94    143
f     96    143    144
f     96    144     98
f    145     99     98
f    145     98    144
f    145    144    146
f    145    146    147
f    100     99    145
f    100    145    148
f    149    148    145
f    149    145    147
f    149    147    150
f    149    150    151
f    102    101     97
f    102     97    100
f    102    100    148
f    102    148    149
f    105     58     19
f    105     19     22
f    105     22    102
f    105    102    149
f    105    149    151
f    105    151    152
f    105    152    153
f    105    153    154
f    105    154    106
f    155    154    153
f    155    153    156
f    155    156    157
f    107    106    154
f    107    154    155
f    158    110    108
f    158    108    104
f    158    104    103
f    159    114    111
f    159    111    109
f    159    109    110
f    159    110    158
f    160    161    112
f    160    112    114
f    160    114    159
f    162    118    115
f    162    115    113
f    162    113    112
f    162    112    161
f    163    164    116
f    163    116    118
f    163    118    162
f    165    122    117
f    165    117    116
f    165    116    164
f    166    167    168
f    166    168    169
f    166    169    170
f    166    170    119
f    166    119    122
f    166    122    165
f    169    171    172
f    169    172    170
f    170    172    173
f    170    173    120
f    170    120    119
f    173    174    123
f    173    123     73
f    173     73     72
f    173     72    121
f    173    121    120
f    175    125    124
f    175    124    123
f    175    123    174
f    176    177    178
f    176    178    179
f    176    179    180
f    176    180    127
f    176    127    126
f    176    126    125
f    176    125    175
f    180    181    128
f    180    128    127
f    179    182    183
f    179    183    184
f    179    184    181
f    179    181    180
f    184    185    186
f    184    186    131
f    184    131    130
f    184    130    129
f    184    129    128
f    184    128    181
f    183    187    188
f    183    188    185
f    183    185    184
f     81    131    186
f     81    186    189
f     81    189    190
f     81    190     82
f     82    190    191
f     82    191    192
f     82    192    132
f     82    132     83
f    132    192    193
f    132    193    194
f    132    194    134
f    132    134    133
f    134    194    195
f    134    195    136
f    134    136    135
f    196    195    194
f    196    194    193
f    196    193    197
f    196    197    198
f    196    198    199
f    139    138    137
f    139    137    136
f    139    136    195
f    139    195    196
f    139    196    200
f    201    200    196
f    201    196    199
f    201    199    202
f    201    202    203
f    141    140     90
f    141     90     89
f    141     89    139
f    141    139    200
f    141    200    201
f    204    142    141
f    204    141    201
f    204    201    203
f    204    203    205
f    204    205    206
f     50     49     93
f     50     93    142
f     50    142    204
f     50    204    207
f    146    144    143
f    146    143     47
f    146     47     50
f    146     50    207
f    146    207    208
f    209    210    211
f    209    211    212
f    150    147    146
f    150    146    208
f    150    208    210
f    150    210    209
f    150    209    213
f    214    213    209
f    214    209    212
f    214    212    215
f    214    215    216
f    214    216    217
f    214    217    218
f    214    218    219
f    214    219    220
f    152    151    150
f    152    150    213
f    152    213    214
f    152    214    221
f    222    221    214
f    222    214    220
f    222    220    223
f    222    223    224
f    222    224    225
f    156    153    152
f    156    152    221
f    156    221    222
f    156    222    226
f    227    226    222
f    227    222    225
f    227    225    228
f    229    230    227
f    229    227    228
f    229    228    231
f    229    231    232
f    229    232    233
f    229    233    234
f    235    157    156
f    235    156    226
f    235    226    227
f    235    227    230
f    236    237    235
f    236    235    230
f    236    230    229
f    236    229    238
f    236    238    239
f    240    241    242
f    240    242    160
f    240    160    159
f    240    159    158
f    240    158    103
f    240    103    107
f    240    107    155
f    240    155    157
f    240    157    235
f    240    235    237
f    243    244    245
f    243    245    242
f    243    242    241
f    242    245    246
f    242    246    163
f    242    163    162
f    242    162    161
f    242    161    160
f    247    248    246
f    247    246    245
f    247    245    244
f    246    248    249
f    246    249    166
f    246    166    165
f    246    165    164
f    246    164    163
f    250    251    252
f    250    252    253
f    250    253    254
f    250    254    255
f    250    255    167
f    250    167    166
f    250    166    249
f    255    256    257
f    255    257    168
f    255    168    167
f    254    258    256
f    254    256    255
f    259    260    261
f    259    261    262
f    259    262    263
f    259    263    257
f    259    257    256
f    259    256    258
f    168    257    263
f    168    263    264
f    168    264    171
f    168    171    169
f    263    262    265
f    263    265    266
f    263    266    267
f    263    267    268
f    263    268    264
f    264    268    269
f    264    269    270
f    264    270    271
f    264    271    272
f    264    272    273
f    264    273    274
f    264    274    176
f    264    176    175
f    264    175    174
f    264    174    173
f    264    173    172
f    264    172    171
f    273    275    276
f    273    276    274
f    274    276    277
f    274    277    278
f    274    278    177
f    274    177    176
f    278    279    280
f    278    280    281
f    278    281    178
f    278    178    177
f    178    281    282
f    178    282    283
f    178    283    182
f    178    182    179
f    282    284    285
f    282    285    286
f    282    286    287
f    282    287    283
f    283    287    288
f    283    288    187
f    283    187    183
f    283    183    182
f    286    289    290
f    286    290    291
f    286    291    288
f    286    288    287
f    288    291    292
f    288    292    293
f    288    293    294
f    288    294    188
f    288    188    187
f    186    185    188
f    186    188    294
f    186    294    295
f    186    295    296
f    186    296    189
f    189    296    297
f    189    297    298
f    189    298    299
f    189    299    191
f    189    191    190
f    191    299    300
f    191    300    301
f    191    301    197
f    191    197    193
f    191    193    192
f    300    302    303
f    300    303    304
f    300    304    305
f    300    305    301
f    197    301    305
f    197    305    306
f    197    306    198
f    306    305    304
f    306    304    307
f    306    307    308
f    306    308    309
f    199    198    306
f    199    306    309
f    199    309    310
f    199    310    202
f    310    309    308
f    310    308    311
f    310    311    312
f    310    312    313
f    203    202    310
f    203    310    313
f    203    313    314
f    203    314    205
f    314    313    312
f    314    312    315
f    206    205    314
f    206    314    315
f    206    315    316
f    206    316    317
f    206    317    318
f    208    207    204
f    208    204    206
f    208    206    318
f    208    318    319
f    208    319    320
f    208    320    211
f    208    211    210
f    215    320    319
f    215    319    321
f    215    321    322
f    215    322    216
f    212    211    320
f    212    320    215
f    217    323    324
f    217    324    325
f    217    325    218
f    218    325    326
f    218    326    327
f    218    327    328
f    218    328    219
f    328    327    329
f    328    329    330
f    328    330    331
f    328    331    332
f    220    219    328
f    220    328    332
f    220    332    333
f    220    333    223
f    224    223    333
f    224    333    334
f    224    334    335
f    224    335    336
f    228    225    224
f    228    224    336
f    228    336    337
f    228    337    231
f    231    337    338
f    231    338    232
f    339    234    233
f    339    233    340
f    339    340    341
f    342    238    229
f    342    229    234
f    342    234    339
f    342    339    343
f    344    239    238
f    344    238    342
f    344    342    345
f    346    347    236
f    346    236    239
f    346    239    344
f    348    349    240
f    348    240    237
f    348    237    236
f    348    236    347
f    350    351    352
f    350    352    243
f    350    243    241
f    350    241    240
f    350    240    349
f    352    353    354
f    352    354    247
f    352    247    244
f    352    244    243
f    354    355    356
f    354    356    250
f    354    250    249
f    354    249    248
f    354    248    247
f    356    357    251
f    356    251    250
f    358    252    251
f    358    251    357
f    358    357    359
f    358    359    360
f    361    362    253
f    361    253    252
f    361    252    358
f    253    362    363
f    253    363    259
f    253    259    258
f    253    258    254
f    364    365    366
f    364    366    260
f    364    260    259
f    364    259    363
f    367    368    369
f    367    369    261
f    367    261    260
f    367    260    366
f    261    369    265
f    261    265    262
f    370    371    267
f    370    267    266
f    370    266    372
f    370    372    373
f    374    269    268
f    374    268    267
f    374    267    371
f    374    371    375
f    374    375    376
f    271    377    378
f    271    378    379
f    271    379    272
f    272    379    380
f    272    380    381
f    272    381    275
f    272    275    273
f    381    382    383
f    381    383    277
f    381    277    276
f    381    276    275
f    277    383    384
f    277    384    385
f    277    385    279
f    277    279    278
f    385    386    387
f    385    387    388
f    385    388    280
f    385    280    279
f    280    388    389
f    280    389    284
f    280    284    282
f    280    282    281
f    389    390    391
f    389    391    392
f    389    392    285
f    389    285    284
f    285    392    393
f    285    393    289
f    285    289    286
f    393    394    395
f    393    395    396
f    393    396    290
f    393    290    289
f    290    396    397
f    290    397    398
f    290    398    292
f    290    292    291
f    292    398    399
f    292    399    400
f    292    400    293
f    294    293    400
f    294    400    401
f    294    401    402
f    294    402    403
f    294    403    404
f    294    404    295
f    295    404    405
f    295    405    406
f    295    406    297
f    295    297    296
f    297    406    407
f    297    407    408
f    297    408    409
f    297    409    298
f    298    409    410
f    298    410    302
f    298    302    300
f    298    300    299
f    303    302    410
f    303    410    411
f    303    411    412
f    307    304    303
f    307    303    412
f    307    412    413
f    307    413    414
f    414    413    415
f    414    415    416
f    311    308    307
f    311    307    414
f    311    414    416
f    311    416    417
f    311    417    418
f    418    417    419
f    418    419    420
f    418    420    421
f    418    421    422
f    315    312    311
f    315    311    418
f    315    418    422
f    315    422    423
f    315    423    316
f    423    422    421
f    423    421    424
f    423    424    425
f    423    425    426
f    317    316    423
f    317    423    426
f    317    426    427
f    317    427    428
f    317    428    429
f    317    429    430
f    319    318    317
f    319    317    430
f    319    430    431
f    319    431    432
f    319    432    321
f    321    432    433
f    321    433    434
f    321    434    322
f    216    322    434
f    216    434    435
f    216    435    323
f    216    323    217
f    435    436    437
f    435    437    438
f    435    438    324
f    435    324    323
f    324    438    439
f    324    439    326
f    324    326    325
f    326    439    440
f    326    440    441
f    326    441    442
f    326    442    329
f    326    329    327
f    330    329    442
f    330    442    443
f    444    331    330
f    444    330    443
f    444    443    445
f    444    445    446
f    444    446    447
f    333    332    331
f    333    331    444
f    333    444    448
f    333    448    334
f    335    334    448
f    335    448    449
f    335    449    450
f    335    450    451
f    338    337    336
f    338    336    335
f    338    335    451
f    338    451    452
f    233    232    338
f    233    338    452
f    233    452    453
f    233    453    454
f    233    454    340
f    341    340    454
f    341    454    455
f    341    455    456
f    341    456    457
f    458    343    339
f    458    339    341
f    458    341    457
f    458    457    459
f    460    345    342
f    460    342    343
f    460    343    458
f    461    462    346
f    461    346    344
f    461    344    345
f    461    345    460
f    463    464    348
f    463    348    347
f    463    347    346
f    463    346    462
f    465    466    467
f    465    467    350
f    465    350    349
f    465    349    348
f    465    348    464
f    467    468    469
f    467    469    470
f    467    470    351
f    467    351    350
f    470    471    472
f    470    472    353
f    470    353    352
f    470    352    351
f    472    473    474
f    472    474    355
f    472    355    354
f    472    354    353
f    475    359    357
f    475    357    356
f    475    356    355
f    475    355    474
f    475    474    476
f    477    360    359
f    477    359    475
f    478    479    361
f    478    361    358
f    478    358    360
f    478    360    477
f    480    481    364
f    480    364    363
f    480    363    362
f    480    362    361
f    480    361    479
f    482    365    364
f    482    364    481
f    482    481    483
f    484    485    367
f    484    367    366
f    484    366    365
f    484    365    482
f    486    368    367
f    486    367    485
f    486    485    487
f    372    266    265
f    372    265    369
f    372    369    368
f    372    368    486
f    372    486    488
f    489    490    370
f    489    370    373
f    489    373    491
f    489    491    492
f    375    371    370
f    375    370    490
f    375    490    493
f    494    495    496
f    494    496    270
f    494    270    269
f    494    269    374
f    270    496    497
f    270    497    498
f    270    498    377
f    270    377    271
f    378    499    500
f    378    500    380
f    378    380    379
f    380    500    501
f    380    501    502
f    380    502    382
f    380    382    381
f    502    503    504
f    502    504    384
f    502    384    383
f    502    383    382
f    384    504    505
f    384    505    506
f    384    506    386
f    384    386    385
f    506    507    508
f    506    508    387
f    506    387    386
f    387    508    509
f    387    509    510
f    387    510    390
f    387    390    389
f    387    389    388
f    511    391    390
f    511    390    510
f    511    510    512
f    513    514    394
f    513    394    393
f    513    393    392
f    513    392    391
f    513    391    511
f    515    395    394
f    515    394    514
f    516    397    396
f    516    396    395
f    516    395    515
f    516    515    517
f    516    517    518
f    519    520    399
f    519    399    398
f    519    398    397
f    519    397    516
f    400    399    520
f    400    520    521
f    400    521    522
f    400    522    401
f    401    522    523
f    401    523    402
f    403    524    525
f    403    525    405
f    403    405    404
f    405    525    526
f    405    526    527
f    405    527    407
f    405    407    406
f    407    527    528
f    407    528    529
f    407    529    408
f    408    529    530
f    408    530    411
f    408    411    410
f    408    410    409
f    412    411    530
f    412    530    531
f    412    531    532
f    412    532    415
f    412    415    413
f    416    415    532
f    416    532    533
f    416    533    419
f    416    419    417
f    419    533    534
f    419    534    535
f    419    535    420
f    421    420    535
f    421    535    536
f    421    536    424
f    424    536    537
f    424    537    538
f    424    538    425
f    426    425    538
f    426    538    539
f    426    539    427
f    427    539    540
f    427    540    541
f    427    541    542
f    427    542    543
f    427    543    428
f    428    543    544
f    428    544    545
f    428    545    429
f    430    429    545
f    430    545    546
f    430    546    547
f    430    547    431
f    431    547    548
f    431    548    549
f    431    549    433
f    431    433    432
f    434    433    549
f    434    549    550
f    434    550    551
f    434    551    436
f    434    436    435
f    551    552    553
f    551    553    437
f    551    437    436
f    437    553    554
f    437    554    440
f    437    440    439
f    437    439    438
f    441    440    554
f    441    554    555
f    441    555    556
f    441    556    557
f    443    442    441
f    443    441    557
f    443    557    558
f    443    558    559
f    443    559    445
f    560    559    558
f    560    558    561
f    560    561    562
f    560    562    563
f    446    445    559
f    446    559    560
f    564    447    446
f    564    446    560
f    564    560    563
f    564    563    565
f    564    565    566
f    449    448    444
f    449    444    447
f    449    447    564
f    449    564    567
f    568    450    449
f    568    449    567
f    568    567    569
f    452    451    450
f    452    450    568
f    452    568    570
f    452    570    571
f    452    571    453
f    454    453    571
f    454    571    572
f    454    572    573
f    454    573    455
f    456    455    573
f    456    573    574
f    459    457    456
f    459    456    574
f    459    574    575
f    459    575    576
f    461    460    458
f    461    458    459
f    461    459    576
f    461    576    577
f    461    577    578
f    578    579    580
f    578    580    463
f    578    463    462
f    578    462    461
f    580    581    582
f    580    582    465
f    580    465    464
f    580    464    463
f    582    583    584
f    582    584    466
f    582    466    465
f    584    585    586
f    584    586    468
f    584    468    467
f    584    467    466
f    469    587    588
f    469    588    589
f    469    589    471
f    469    471    470
f    589    590    591
f    589    591    473
f    589    473    472
f    589    472    471
f    592    476    474
f    592    474    473
f    592    473    591
f    592    591    593
f    594    595    478
f    594    478    477
f    594    477    475
f    594    475    476
f    594    476    592
f    596    597    480
f    596    480    479
f    596    479    478
f    596    478    595
f    598    483    481
f    598    481    480
f    598    480    597
f    599    600    484
f    599    484    482
f    599    482    483
f    599    483    598
f    599    598    601
f    602    487    485
f    602    485    484
f    602    484    600
f    603    488    486
f    603    486    487
f    603    487    602
f    603    602    604
f    491    373    372
f    491    372    488
f    491    488    603
f    491    603    605
f    606    493    490
f    606    490    489
f    606    489    607
f    608    376    375
f    608    375    493
f    608    493    606
f    609    610    495
f    609    495    494
f    609    494    611
f    497    496    495
f    497    495    610
f    497    610    612
f    613    614    499
f    613    499    378
f    613    378    377
f    613    377    498
f    613    498    615
f    616    501    500
f    616    500    499
f    616    499    614
f    616    614    617
f    618    619    503
f    618    503    502
f    618    502    501
f    618    501    616
f    620    505    504
f    620    504    503
f    620    503    619
f    620    619    621
f    622    507    506
f    622    506    505
f    622    505    620
f    623    509    508
f    623    508    507
f    623    507    622
f    623    622    624
f    625    512    510
f    625    510    509
f    625    509    623
f    625    623    626
f    627    628    513
f    627    513    511
f    627    511    512
f    627    512    625
f    629    517    515
f    629    515    514
f    629    514    513
f    629    513    628
f    629    628    630
f    631    518    517
f    631    517    629
f    632    633    519
f    632    519    516
f    632    516    518
f    632    518    631
f    632    631    634
f    521    520    519
f    521    519    633
f    521    633    635
f    636    523    522
f    636    522    521
f    636    521    635
f    636    635    637
f    638    524    403
f    638    403    402
f    638    402    523
f    638    523    636
f    638    636    639
f    640    526    525
f    640    525    524
f    640    524    638
f    640    638    641
f    642    528    527
f    642    527    526
f    642    526    640
f    643    644    531
f    643    531    530
f    643    530    529
f    643    529    528
f    643    528    642
f    532    531    644
f    532    644    645
f    532    645    646
f    532    646    647
f    532    647    534
f    532    534    533
f    647    646    648
f    647    648    649
f    647    649    650
f    535    534    647
f    535    647    650
f    535    650    651
f    535    651    537
f    535    537    536
f    651    650    649
f    651    649    652
f    651    652    653
f    651    653    654
f    538    537    651
f    538    651    654
f    538    654    540
f    538    540    539
f    541    655    656
f    541    656    657
f    541    657    658
f    541    658    542
f    542    658    659
f    542    659    544
f    542    544    543
f    545    544    659
f    545    659    660
f    545    660    661
f    545    661    546
f    662    548    547
f    662    547    546
f    662    546    661
f    662    661    663
f    662    663    664
f    662    664    665
f    549    548    662
f    549    662    666
f    549    666    550
f    667    552    551
f    667    551    550
f    667    550    666
f    667    666    668
f    555    554    553
f    555    553    552
f    555    552    667
f    555    667    669
f    670    556    555
f    670    555    669
f    670    669    671
f    670    671    672
f    558    557    556
f    558    556    670
f    558    670    673
f    558    673    561
f    674    673    670
f    674    670    672
f    674    672    675
f    674    675    676
f    674    676    677
f    562    561    673
f    562    673    674
f    562    674    678
f    679    678    674
f    679    674    677
f    679    677    680
f    565    563    562
f    565    562    678
f    565    678    679
f    565    679    681
f    682    566    565
f    682    565    681
f    682    681    683
f    569    567    564
f    569    564    566
f    569    566    682
f    569    682    684
f    569    684    685
f    686    570    568
f    686    568    569
f    686    569    685
f    686    685    687
f    572    571    570
f    572    570    686
f    572    686    688
f    574    573    572
f    574    572    688
f    574    688    689
f    574    689    575
f    576    575    689
f    576    689    690
f    576    690    577
f    577    690    691
f    577    691    692
f    577    692    693
f    577    693    579
f    577    579    578
f    579    693    694
f    579    694    695
f    579    695    696
f    579    696    581
f    579    581    580
f    696    697    583
f    696    583    582
f    696    582    581
f    698    585    584
f    698    584    583
f    698    583    697
f    699    587    469
f    699    469    468
f    699    468    586
f    700    590    589
f    700    589    588
f    700    588    701
f    593    591    590
f    593    590    700
f    702    703    596
f    702    596    595
f    702    595    594
f    704    601    598
f    704    598    597
f    704    597    596
f    704    596    703
f    705    706    707
f    705    707    599
f    705    599    601
f    705    601    704
f    708    604    602
f    708    602    600
f    708    600    599
f    708    599    707
f    709    605    603
f    709    603    604
f    709    604    708
f    709    708    710
f    711    492    491
f    711    491    605
f    711    605    709
f    712    713    608
f    712    608    606
f    712    606    607
f    712    607    714
f    715    611    494
f    715    494    374
f    715    374    376
f    715    376    608
f    715    608    713
f    716    717    612
f    716    612    610
f    716    610    609
f    718    615    498
f    718    498    497
f    718    497    612
f    718    612    717
f    718    717    719
f    720    617    614
f    720    614    613
f    720    613    721
f    722    723    618
f    722    618    616
f    722    616    617
f    722    617    720
f    724    621    619
f    724    619    618
f    724    618    723
f    725    624    622
f    725    622    620
f    725    620    621
f    725    621    724
f    725    724    726
f    727    626    623
f    727    623    624
f    727    624    725
f    728    729    627
f    728    627    625
f    728    625    626
f    728    626    727
f    730    630    628
f    730    628    627
f    730    627    729
f    730    729    731
f    732    634    631
f    732    631    629
f    732    629    630
f    732    630    730
f    733    734    632
f    733    632    634
f    733    634    732
f    733    732    735
f    637    635    633
f    637    633    632
f    637    632    734
f    637    734    736
f    737    639    636
f    737    636    637
f    737    637    736
f    737    736    738
f    739    641    638
f    739    638    639
f    739    639    737
f    740    741    643
f    740    643    642
f    740    642    640
f    740    640    641
f    740    641    739
f    645    644    643
f    645    643    741
f    645    741    742
f    645    742    743
f    645    743    744
f    745    648    646
f    745    646    645
f    745    645    744
f    745    744    746
f    747    652    649
f    747    649    648
f    747    648    745
f    653    652    747
f    653    747    748
f    653    748    749
f    540    654    653
f    540    653    749
f    540    749    655
f    540    655    541
f    750    657    656
f    750    656    751
f    750    751    752
f    750    752    753
f    659    658    657
f    659    657    750
f    659    750    660
f    664    663    754
f    664    754    755
f    756    665    664
f    756    664    755
f    756    755    757
f    756    757    758
f    756    758    759
f    668    666    662
f    668    662    665
f    668    665    756
f    668    756    760
f    761    671    669
f    761    669    667
f    761    667    668
f    761    668    760
f    761    760    762
f    761    762    763
f    761    763    764
f    672    671    761
f    672    761    765
f    672    765    675
f    766    765    761
f    766    761    764
f    766    764    767
f    766    767    768
f    676    675    765
f    676    765    766
f    676    766    769
f    770    769    766
f    770    766    768
f    770    768    771
f    770    771    772
f    680    677    676
f    680    676    769
f    680    769    770
f    680    770    773
f    774    773    770
f    774    770    772
f    774    772    775
f    683    681    679
f    683    679    680
f    683    680    773
f    683    773    774
f    683    774    776
f    777    684    682
f    777    682    683
f    777    683    776
f    777    776    778
f    687    685    684
f    687    684    777
f    689    688    686
f    689    686    687
f    689    687    777
f    689    777    778
f    689    778    779
f    689    779    780
f    689    780    781
f    689    781    691
f    689    691    690
f    691    781    782
f    691    782    783
f    691    783    784
f    691    784    785
f    691    785    786
f    691    786    787
f    691    787    788
f    691    788    692
f    692    788    694
f    692    694    693
f    694    788    787
f    694    787    789
f    694    789    790
f    694    790    695
f    695    790    698
f    695    698    697
f    695    697    696
f    789    791    792
f    789    792    793
f    789    793    794
f    789    794    699
f    789    699    586
f    789    586    585
f    789    585    698
f    789    698    790
f    794    701    588
f    794    588    587
f    794    587    699
f    793    795    796
f    793    796    797
f    793    797    702
f    793    702    594
f    793    594    592
f    793    592    593
f    793    593    700
f    793    700    701
f    793    701    794
f    797    798    705
f    797    705    704
f    797    704    703
f    797    703    702
f    799    706    705
f    799    705    798
f    800    710    708
f    800    708    707
f    800    707    706
f    800    706    799
f    801    802    711
f    801    711    709
f    801    709    710
f    801    710    800
f    714    607    489
f    714    489    492
f    714    492    711
f    714    711    802
f    803    804    715
f    803    715    713
f    803    713    712
f    803    712    805
f    806    807    716
f    806    716    609
f    806    609    611
f    806    611    715
f    806    715    804
f    719    717    716
f    719    716    807
f    808    721    613
f    808    613    615
f    808    615    718
f    809    810    722
f    809    722    720
f    809    720    721
f    809    721    808
f    811    726    724
f    811    724    723
f    811    723    722
f    811    722    810
f    812    813    728
f    812    728    727
f    812    727    725
f    812    725    726
f    812    726    811
f    814    815    816
f    814    816    817
f    814    817    813
f    814    813    812
f    817    731    729
f    817    729    728
f    817    728    813
f    816    735    732
f    816    732    730
f    816    730    731
f    816    731    817
f    818    819    733
f    818    733    735
f    818    735    816
f    818    816    815
f    818    815    820
f    738    736    734
f    738    734    733
f    738    733    819
f    821    822    823
f    821    823    824
f    821    824    740
f    821    740    739
f    821    739    737
f    821    737    738
f    821    738    819
f    821    819    818
f    824    742    741
f    824    741    740
f    825    743    742
f    825    742    824
f    825    824    823
f    825    823    826
f    746    744    743
f    746    743    825
f    827    748    747
f    827    747    745
f    827    745    746
f    827    746    825
f    827    825    826
f    827    826    828
f    751    656    655
f    751    655    749
f    751    749    748
f    751    748    827
f    829    753    752
f    829    752    830
f    661    660    750
f    661    750    753
f    661    753    829
f    661    829    754
f    661    754    663
f    758    757    831
f    758    831    832
f    833    759    758
f    833    758    832
f    833    832    834
f    833    834    835
f    762    760    756
f    762    756    759
f    762    759    833
f    762    833    836
f    837    763    762
f    837    762    836
f    837    836    838
f    837    838    839
f    767    764    763
f    767    763    837
f    767    837    840
f    767    840    841
f    842    841    840
f    842    840    843
f    842    843    844
f    771    768    767
f    771    767    841
f    771    841    842
f    771    842    845
f    846    845    842
f    846    842    844
f    846    844    847
f    775    772    771
f    775    771    845
f    775    845    846
f    775    846    848
f    779    848    846
f    779    846    847
f    779    847    849
f    779    849    780
f    778    776    774
f    778    774    775
f    778    775    848
f    778    848    779
f    784    850    851
f    784    851    785
f    785    851    852
f    785    852    853
f    785    853    786
f    786    853    854
f    786    854    855
f    786    855    856
f    786    856    857
f    786    857    791
f    786    791    789
f    786    789    787
f    856    858    859
f    856    859    857
f    857    859    860
f    857    860    861
f    857    861    862
f    857    862    863
f    857    863    792
f    857    792    791
f    862    864    865
f    862    865    866
f    862    866    863
f    792    863    866
f    792    866    795
f    792    795    793
f    866    865    867
f    866    867    868
f    866    868    869
f    866    869    796
f    866    796    795
f    796    869    801
f    796    801    800
f    796    800    799
f    796    799    798
f    796    798    797
f    868    805    712
f    868    712    714
f    868    714    802
f    868    802    801
f    868    801    869
f    867    870    871
f    867    871    872
f    867    872    873
f    867    873    803
f    867    803    805
f    867    805    868
f    873    874    806
f    873    806    804
f    873    804    803
f    872    875    876
f    872    876    877
f    872    877    874
f    872    874    873
f    877    878    809
f    877    809    808
f    877    808    718
f    877    718    719
f    877    719    807
f    877    807    806
f    877    806    874
f    876    879    880
f    876    880    881
f    876    881    878
f    876    878    877
f    881    882    814
f    881    814    812
f    881    812    811
f    881    811    810
f    881    810    809
f    881    809    878
f    880    883    884
f    880    884    885
f    880    885    882
f    880    882    881
f    885    820    815
f    885    815    814
f    885    814    882
f    884    886    821
f    884    821    818
f    884    818    820
f    884    820    885
f    887    888    886
f    887    886    884
f    887    884    883
f    889    890    822
f    889    822    821
f    889    821    886
f    889    886    888
f    891    890    889
f    891    889    892
f    891    892    893
f    828    826    823
f    828    823    822
f    828    822    890
f    828    890    891
f    828    891    894
f    895    894    891
f    895    891    893
f    895    893    896
f    895    896    897
f    830    752    751
f    830    751    827
f    830    827    828
f    830    828    894
f    830    894    895
f    830    895    898
f    830    898    899
f    830    899    900
f    901    900    899
f    901    899    902
f    901    902    903
f    755    754    829
f    755    829    830
f    755    830    900
f    755    900    901
f    755    901    904
f    755    904    831
f    755    831    757
f    832    831    904
f    832    904    905
f    832    905    834
f    835    834    905
f    835    905    906
f    835    906    907
f    835    907    908
f    838    836    833
f    838    833    835
f    838    835    908
f    838    908    909
f    910    839    838
f    910    838    909
f    910    909    911
f    910    911    912
f    910    912    913
f    843    840    837
f    843    837    839
f    843    839    910
f    843    910    914
f    915    914    910
f    915    910    913
f    915    913    916
f    915    916    917
f    847    844    843
f    847    843    914
f    847    914    915
f    847    915    849
f    782    917    916
f    782    916    918
f    782    918    783
f    780    849    915
f    780    915    917
f    780    917    782
f    780    782    781
f    852    919    920
f    852    920    921
f    852    921    854
f    852    854    853
f    854    921    922
f    854    922    855
f    923    924    860
f    923    860    859
f    923    859    858
f    860    924    925
f    860    925    926
f    860    926    861
f    861    926    927
f    861    927    928
f    861    928    864
f    861    864    862
f    927    929    930
f    927    930    931
f    927    931    928
f    928    931    932
f    928    932    933
f    928    933    934
f    928    934    935
f    928    935    870
f    928    870    867
f    928    867    865
f    928    865    864
f    935    936    871
f    935    871    870
f    934    937    938
f    934    938    939
f    934    939    940
f    934    940    936
f    934    936    935
f    871    936    940
f    871    940    941
f    871    941    875
f    871    875    872
f    939    942    943
f    939    943    941
f    939    941    940
f    941    943    944
f    941    944    879
f    941    879    876
f    941    876    875
f    945    946    947
f    945    947    948
f    945    948    949
f    945    949    944
f    945    944    943
f    945    943    942
f    944    949    887
f    944    887    883
f    944    883    880
f    944    880    879
f    948    950    892
f    948    892    889
f    948    889    888
f    948    888    887
f    948    887    949
f    947    951    950
f    947    950    948
f    893    892    950
f    893    950    951
f    893    951    952
f    893    952    953
f    893    953    896
f    954    953    952
f    954    952    955
f    954    955    956
f    897    896    953
f    897    953    954
f    897    954    957
f    897    957    958
f    897    958    959
f    960    898    895
f    960    895    897
f    960    897    959
f    960    959    961
f    902    899    898
f    902    898    960
f    902    960    962
f    905    904    901
f    905    901    903
f    905    903    963
f    905    963    906
f    907    906    963
f    907    963    964
f    907    964    965
f    907    965    966
f    909    908    907
f    909    907    966
f    909    966    967
f    909    967    911
f    912    911    967
f    912    967    968
f    912    968    969
f    912    969    970
f    916    913    912
f    916    912    970
f    916    970    971
f    916    971    918
f    971    970    969
f    971    969    972
f    971    972    973
f    783    918    971
f    783    971    973
f    783    973    850
f    783    850    784
f    855    922    974
f    855    974    923
f    855    923    858
f    855    858    856
f    974    975    976
f    974    976    925
f    974    925    924
f    974    924    923
f    976    929    927
f    976    927    926
f    976    926    925
f    977    978    979
f    977    979    932
f    977    932    931
f    977    931    930
f    932    979    980
f    932    980    933
f    933    980    981
f    933    981    982
f    933    982    937
f    933    937    934
f    982    983    984
f    982    984    938
f    982    938    937
f    938    984    985
f    938    985    986
f    938    986    987
f    938    987    945
f    938    945    942
f    938    942    939
f    986    988    989
f    986    989    987
f    987    989    990
f    987    990    991
f    987    991    946
f    987    946    945
f    955    952    951
f    955    951    947
f    955    947    946
f    955    946    991
f    992    956    955
f    992    955    991
f    992    991    990
f    992    990    993
f    994    957    954
f    994    954    956
f    994    956    992
f    994    992    995
f    996    958    957
f    996    957    994
f    996    994    997
f    961    959    958
f    961    958    996
f    963    903    902
f    963    902    962
f    963    962    998
f    963    998    964
f    965    964    998
f    965    998    999
f    965    999   1000
f    965   1000   1001
f    967    966    965
f    967    965   1001
f    967   1001   1002
f    967   1002    968
f    969    968   1002
f    969   1002   1003
f    969   1003    920
f    969    920    919
f    969    919    972
f    973    972    919
f    973    919    852
f    973    852    851
f    973    851    850
f   1004   1005    977
f   1004    977    930
f   1004    930    929
f   1004    929    976
f   1004    976    975
f   1006   1007   1008
f   1006   1008    978
f   1006    978    977
f   1006    977   1005
f   1008   1009    981
f   1008    981    980
f   1008    980    979
f   1008    979    978
f    981   1009   1010
f    981   1010   1011
f    981   1011    983
f    981    983    982
f   1011   1012    985
f   1011    985    984
f   1011    984    983
f   1013    988    986
f   1013    986    985
f   1013    985   1012
f   1013   1012   1014
f    993    990    989
f    993    989    988
f    993    988   1013
f    993   1013   1015
f   1016    995    992
f   1016    992    993
f   1016    993   1015
f   1016   1015   1017
f   1018    997    994
f   1018    994    995
f   1018    995   1016
f    998    962    960
f    998    960    961
f    998    961    996
f    998    996    997
f    998    997   1018
f    998   1018    999
f   1000    999   1018
f   1000   1018   1016
f   1000   1016   1017
f   1000   1017   1019
f   1000   1019   1020
f   1000   1020   1007
f   1000   1007   1006
f   1002   1001   1000
f   1002   1000   1006
f   1002   1006   1005
f   1002   1005   1004
f   1002   1004   1003
f   1020   1021   1010
f   1020   1010   1009
f   1020   1009   1008
f   1020   1008   1007
f   1014   1012   1011
f   1014   1011   1010
f   1014   1010   1021
f   1014   1021   1022
f   1017   1015   1013
f   1017   1013   1014
f   1017   1014   1022
f   1017   1022   1019
f   1019   1022   1021
f   1019   1021   1020
f    920   1003   1004
f    920   1004    975
f    920    975    974
f    920    974    922
f    920    922    921
