v 0.000000 0.000000 0.037439
v 0.007605 0.000000 0.035990
v 0.004164 0.007305 0.040457
v -0.004183 0.007307 0.040225
v -0.008133 0.000000 0.039236
v -0.003709 -0.006439 0.035116
v 0.003602 -0.006170 0.032900
v 0.015757 0.000000 0.036164
v 0.013995 0.008071 0.036189
v 0.008434 0.014709 0.038553
v 0.000000 0.016691 0.038494
v -0.008049 0.013935 0.036107
v -0.014376 0.008313 0.037437
v -0.016838 0.000000 0.038944
v -0.013844 -0.008002 0.036004
v -0.007561 -0.013012 0.033395
v 0.000000 -0.015564 0.034873
v 0.007942 -0.013440 0.033599
v 0.013606 -0.007747 0.034044
v 0.026218 0.000000 0.037372
v 0.022542 0.008239 0.033383
v 0.019136 0.016217 0.035261
v 0.013030 0.022860 0.037037
v 0.004248 0.024358 0.034627
v -0.004025 0.022844 0.031973
v -0.012012 0.020666 0.032497
v -0.018609 0.015361 0.032051
v -0.024997 0.009249 0.038161
v -0.027082 0.000000 0.037056
v -0.024818 -0.008847 0.034502
v -0.019999 -0.016655 0.035256
v -0.012902 -0.022551 0.036333
v -0.004300 -0.024293 0.033760
v 0.004759 -0.027250 0.038613
v 0.014578 -0.025240 0.040092
v 0.022261 -0.018663 0.039915
v 0.025659 -0.009286 0.037052
v 0.040075 0.000000 0.035155
v 0.031201 0.008901 0.027133
v 0.026432 0.017042 0.028536
v 0.022696 0.026392 0.031808
v 0.015070 0.032940 0.032521
v 0.004860 0.033555 0.030188
v -0.004733 0.032763 0.029591
v -0.014574 0.031870 0.031487
v -0.023806 0.027588 0.033070
v -0.031116 0.020160 0.033984
v -0.037121 0.010763 0.033776
v -0.044507 0.000000 0.040554
v -0.041871 -0.012314 0.039445
v -0.032313 -0.020497 0.033503
v -0.024843 -0.028970 0.035034
v -0.014764 -0.032188 0.031658
v -0.004885 -0.033762 0.030418
v 0.005157 -0.035811 0.032509
v 0.017004 -0.037861 0.038333
v 0.026700 -0.030763 0.036569
v 0.034966 -0.022256 0.036579
v 0.041394 -0.012052 0.038081
v 0.062569 0.000000 0.036834
v 0.047829 0.011545 0.027030
v 0.037479 0.019425 0.023655
v 0.031682 0.027622 0.023456
v 0.028846 0.042339 0.030229
v 0.017386 0.044892 0.026945
v 0.005827 0.047913 0.027807
v -0.005559 0.045829 0.026693
v -0.016663 0.044104 0.027378
v -0.026849 0.038915 0.027318
v -0.037110 0.033600 0.030161
v -0.043920 0.022813 0.027931
v -0.057081 0.014087 0.034038
v -0.063824 0.000000 0.036755
v -0.056366 -0.013704 0.032485
v -0.043669 -0.022732 0.027913
v -0.034014 -0.030515 0.027071
v -0.024820 -0.035482 0.024402
v -0.016214 -0.042623 0.026204
v -0.005390 -0.044282 0.025663
v 0.005228 -0.042515 0.024276
v 0.015762 -0.041292 0.025258
v 0.026582 -0.039059 0.027958
v 0.035898 -0.031629 0.027322
v 0.048792 -0.025361 0.031107
v 0.060833 -0.014954 0.035960
v 0.072977 0.000000 0.023363
v 0.066344 0.014633 0.022175
v 0.053505 0.024612 0.018891
v 0.041899 0.030651 0.015546
v 0.041574 0.050018 0.021925
v 0.030980 0.058740 0.021741
v 0.017209 0.062082 0.020978
v 0.003188 0.058844 0.019167
v -0.008935 0.054601 0.018022
v -0.019950 0.050081 0.017521
v -0.030075 0.044572 0.017618
v -0.039619 0.037996 0.018277
v -0.049382 0.029632 0.018603
v -0.063244 0.021187 0.021400
v -0.075225 0.008167 0.024496
v -0.072890 -0.007870 0.023440
v -0.057645 -0.019115 0.019029
v -0.043777 -0.026672 0.017151
v -0.032326 -0.030254 0.014000
v -0.026462 -0.037965 0.014273
v -0.020344 -0.051325 0.018079
v -0.009435 -0.059215 0.020247
v 0.002733 -0.049715 0.015855
v 0.013391 -0.048657 0.016621
v 0.022082 -0.042031 0.015677
v 0.030717 -0.036363 0.015640
v 0.042160 -0.031587 0.016595
v 0.059614 -0.027489 0.021181
v 0.074060 -0.016414 0.025013
v 0.067896 0.000000 0.006723
v 0.068900 0.014583 0.007330
v 0.061470 0.027264 0.007008
v 0.049537 0.035092 0.006057
v 0.043175 0.047581 0.006661
v 0.034768 0.060343 0.007342
v 0.021691 0.067162 0.007477
v 0.006598 0.062320 0.006524
v -0.006084 0.057280 0.005968
v -0.017360 0.052918 0.005769
v -0.027337 0.047035 0.005653
v -0.036164 0.040272 0.005719
v -0.044373 0.031836 0.005581
v -0.063086 0.028944 0.007791
v -0.070091 0.014702 0.007306
v -0.074065 0.000000 0.007476
v -0.068310 -0.014429 0.007234
v -0.057912 -0.026989 0.007469
v -0.037070 -0.026164 0.004421
v -0.030598 -0.033170 0.004490
v -0.026651 -0.046197 0.005614
v -0.018252 -0.056942 0.006411
v -0.006024 -0.057686 0.006150
v 0.005625 -0.053735 0.005711
v 0.016478 -0.052978 0.006252
v 0.022816 -0.039391 0.004754
v 0.033297 -0.037390 0.005387
v 0.044884 -0.032035 0.005572
v 0.061460 -0.027557 0.007190
v 0.069859 -0.014903 0.007570
v 0.063098 0.000000 -0.006658
v 0.064677 0.013790 -0.007002
v 0.059684 0.026608 -0.006888
v 0.049578 0.035972 -0.006419
v 0.039457 0.043377 -0.006047
v 0.031099 0.053727 -0.006498
v 0.019208 0.058776 -0.006447
v 0.006025 0.056309 -0.005808
v -0.005834 0.054569 -0.005632
v -0.017212 0.051861 -0.005563
v -0.028465 0.048950 -0.005881
v -0.036507 0.040312 -0.005652
v -0.044377 0.032307 -0.005795
v -0.056832 0.025874 -0.006913
v -0.064649 0.013657 -0.006844
v -0.067952 0.000000 -0.006800
v -0.068384 -0.014691 -0.007535
v -0.053508 -0.023741 -0.006102
v -0.038273 -0.026846 -0.004496
v -0.031144 -0.034289 -0.004774
v -0.025154 -0.043671 -0.005320
v -0.016414 -0.050058 -0.005458
v -0.005719 -0.053937 -0.005629
v 0.005675 -0.054162 -0.005750
v 0.015765 -0.049076 -0.005519
v 0.024045 -0.041737 -0.005084
v 0.035141 -0.039419 -0.005664
v 0.046722 -0.033847 -0.006025
v 0.057961 -0.026181 -0.006908
v 0.061024 -0.013058 -0.006668
v 0.058221 0.000000 -0.018825
v 0.059915 0.013251 -0.020161
v 0.053666 0.024845 -0.019243
v 0.044151 0.033771 -0.018295
v 0.034924 0.041306 -0.017727
v 0.025730 0.048582 -0.017891
v 0.014446 0.051989 -0.017514
v 0.002814 0.051875 -0.016867
v -0.008489 0.051219 -0.016610
v -0.021392 0.053451 -0.018585
v -0.032937 0.048208 -0.018732
v -0.040470 0.038149 -0.017900
v -0.045010 0.026828 -0.016666
v -0.050963 0.016849 -0.016653
v -0.057067 0.006008 -0.017226
v -0.064847 -0.007079 -0.021384
v -0.059373 -0.020205 -0.020843
v -0.041074 -0.023419 -0.013509
v -0.032597 -0.030467 -0.014068
v -0.025438 -0.037444 -0.014651
v -0.018655 -0.046536 -0.016131
v -0.008914 -0.053334 -0.017109
v 0.003072 -0.055376 -0.017484
v 0.014980 -0.053627 -0.017936
v 0.024641 -0.046430 -0.017049
v 0.034124 -0.040089 -0.017038
v 0.043667 -0.032805 -0.017314
v 0.050307 -0.022843 -0.017196
v 0.055581 -0.012219 -0.018432
v 0.055212 0.000000 -0.031653
v 0.054850 0.013597 -0.033049
v 0.045776 0.023849 -0.029332
v 0.036649 0.032209 -0.027728
v 0.027800 0.039867 -0.027579
v 0.017196 0.044980 -0.027472
v 0.005668 0.046811 -0.027336
v -0.005633 0.045839 -0.026217
v -0.019125 0.050219 -0.030844
v -0.033821 0.049417 -0.035032
v -0.039916 0.034981 -0.030024
v -0.042374 0.021766 -0.026213
v -0.049418 0.012184 -0.029404
v -0.053777 0.000000 -0.030145
v -0.056121 -0.013957 -0.034071
v -0.046568 -0.024718 -0.031185
v -0.032534 -0.028432 -0.024243
v -0.025630 -0.037339 -0.026410
v -0.019000 -0.050503 -0.031511
v -0.007265 -0.059420 -0.034275
v 0.007946 -0.066351 -0.039210
v 0.020202 -0.053137 -0.032709
v 0.027950 -0.039780 -0.027239
v 0.037480 -0.033193 -0.028887
v 0.042535 -0.021541 -0.025421
v 0.049204 -0.011811 -0.027450
v 0.047472 0.000000 -0.043068
v 0.044432 0.013077 -0.041922
v 0.037239 0.024016 -0.040184
v 0.028609 0.032961 -0.039182
v 0.017637 0.038135 -0.037125
v 0.005918 0.041103 -0.037323
v -0.005967 0.041150 -0.037014
v -0.020234 0.044636 -0.044590
v -0.032365 0.037518 -0.044944
v -0.036791 0.023442 -0.038602
v -0.040207 0.011720 -0.037083
v -0.044364 0.000000 -0.039206
v -0.044546 -0.013075 -0.041770
v -0.036555 -0.023544 -0.039329
v -0.026397 -0.030179 -0.035496
v -0.018551 -0.040249 -0.039374
v -0.007680 -0.053947 -0.049645
v 0.007612 -0.053251 -0.048771
v 0.017950 -0.038322 -0.036704
v 0.025598 -0.028976 -0.033597
v 0.033303 -0.020955 -0.033874
v 0.041049 -0.011799 -0.036638
v 0.035877 0.000000 -0.050564
v 0.032635 0.011962 -0.048579
v 0.025892 0.021822 -0.046998
v 0.016814 0.029111 -0.046242
v 0.005751 0.032618 -0.045589
v -0.005764 0.032497 -0.045069
v -0.017859 0.031078 -0.049685
v -0.026872 0.022788 -0.049458
v -0.030127 0.010926 -0.043762
v -0.032055 0.000000 -0.042425
v -0.031430 -0.011325 -0.044971
v -0.025280 -0.021180 -0.045258
v -0.016237 -0.027883 -0.043814
v -0.005860 -0.032880 -0.045325
v 0.005183 -0.027966 -0.036499
v 0.013920 -0.023227 -0.034980
v 0.021983 -0.018071 -0.037573
v 0.031276 -0.011412 -0.046077
v 0.023911 0.000000 -0.055109
v 0.019974 0.011570 -0.052195
v 0.011229 0.019471 -0.050576
v 0.000000 0.021834 -0.048858
v -0.011355 0.019961 -0.052776
v -0.019026 0.011164 -0.051244
v -0.020982 0.000000 -0.046684
v -0.018386 -0.010600 -0.047535
v -0.009943 -0.017016 -0.043405
v 0.000000 -0.018347 -0.039941
v 0.009463 -0.016181 -0.041203
v 0.019205 -0.011237 -0.051378
v 0.011574 0.000000 -0.054639
v 0.005725 0.009954 -0.054353
v -0.005579 0.009807 -0.054310
v -0.010343 0.000000 -0.048386
v -0.004970 -0.008538 -0.045858
v 0.005392 -0.009465 -0.052339
v 0.000000 0.000000 -0.054261
f 1 2 3
f 1 3 4
f 1 4 5
f 1 5 6
f 1 6 7
f 1 7 2
f 2 8 9
f 2 9 3
f 3 9 10
f 3 10 11
f 3 11 4
f 4 11 12
f 4 12 13
f 4 13 5
f 5 13 14
f 5 14 15
f 5 15 6
f 6 15 16
f 6 16 17
f 6 17 7
f 7 17 18
f 7 18 19
f 7 19 2
f 2 19 8
f 8 20 21
f 8 21 9
f 9 21 22
f 9 22 10
f 10 22 23
f 10 23 24
f 10 24 11
f 11 24 25
f 11 25 12
f 12 25 26
f 12 26 27
f 12 27 13
f 13 27 28
f 13 28 14
f 14 28 29
f 14 29 30
f 14 30 15
f 15 30 31
f 15 31 16
f 16 31 32
f 16 32 33
f 16 33 17
f 17 33 34
f 17 34 18
f 18 34 35
f 18 35 36
f 18 36 19
f 19 36 37
f 19 37 8
f 8 37 20
f 20 38 39
f 20 39 21
f 21 39 40
f 21 40 22
f 22 40 41
f 22 41 23
f 23 41 42
f 23 42 24
f 24 42 43
f 24 43 44
f 24 44 25
f 25 44 45
f 25 45 26
f 26 45 46
f 26 46 27
f 27 46 47
f 27 47 28
f 28 47 48
f 28 48 29
f 29 48 49
f 29 49 50
f 29 50 30
f 30 50 51
f 30 51 31
f 31 51 52
f 31 52 32
f 32 52 53
f 32 53 33
f 33 53 54
f 33 54 55
f 33 55 34
f 34 55 56
f 34 56 35
f 35 56 57
f 35 57 36
f 36 57 58
f 36 58 37
f 37 58 59
f 37 59 20
f 20 59 38
f 38 60 61
f 38 61 39
f 39 61 62
f 39 62 40
f 40 62 63
f 40 63 41
f 41 63 64
f 41 64 42
f 42 64 65
f 42 65 43
f 43 65 66
f 43 66 67
f 43 67 44
f 44 67 68
f 44 68 45
f 45 68 69
f 45 69 46
f 46 69 70
f 46 70 47
f 47 70 71
f 47 71 48
f 48 71 72
f 48 72 49
f 49 72 73
f 49 73 74
f 49 74 50
f 50 74 75
f 50 75 51
f 51 75 76
f 51 76 52
f 52 76 77
f 52 77 53
f 53 77 78
f 53 78 54
f 54 78 79
f 54 79 80
f 54 80 55
f 55 80 81
f 55 81 56
f 56 81 82
f 56 82 57
f 57 82 83
f 57 83 58
f 58 83 84
f 58 84 59
f 59 84 85
f 59 85 38
f 38 85 60
f 60 86 87
f 60 87 61
f 61 87 88
f 61 88 62
f 62 88 89
f 62 89 63
f 63 89 90
f 63 90 64
f 64 90 91
f 64 91 65
f 65 91 92
f 65 92 66
f 66 92 93
f 66 93 67
f 67 93 94
f 67 94 68
f 68 94 95
f 68 95 96
f 68 96 69
f 69 96 97
f 69 97 70
f 70 97 98
f 70 98 71
f 71 98 99
f 71 99 72
f 72 99 100
f 72 100 73
f 73 100 101
f 73 101 74
f 74 101 102
f 74 102 75
f 75 102 103
f 75 103 76
f 76 103 104
f 76 104 77
f 77 104 105
f 77 105 106
f 77 106 78
f 78 106 107
f 78 107 79
f 79 107 108
f 79 108 80
f 80 108 109
f 80 109 81
f 81 109 110
f 81 110 82
f 82 110 111
f 82 111 83
f 83 111 112
f 83 112 84
f 84 112 113
f 84 113 85
f 85 113 114
f 85 114 60
f 60 114 86
f 86 115 116
f 86 116 87
f 87 116 117
f 87 117 88
f 88 117 118
f 88 118 89
f 89 118 119
f 89 119 90
f 90 119 120
f 90 120 91
f 91 120 121
f 91 121 92
f 92 121 122
f 92 122 93
f 93 122 123
f 93 123 94
f 94 123 124
f 94 124 95
f 95 124 125
f 95 125 96
f 96 125 126
f 96 126 97
f 97 126 127
f 97 127 98
f 98 127 128
f 98 128 99
f 99 128 129
f 99 129 100
f 100 129 130
f 100 130 101
f 101 130 131
f 101 131 102
f 102 131 132
f 102 132 103
f 103 132 133
f 103 133 104
f 104 133 134
f 104 134 105
f 105 134 135
f 105 135 106
f 106 135 136
f 106 136 107
f 107 136 137
f 107 137 108
f 108 137 138
f 108 138 109
f 109 138 139
f 109 139 110
f 110 139 140
f 110 140 111
f 111 140 141
f 111 141 112
f 112 141 142
f 112 142 113
f 113 142 143
f 113 143 114
f 114 143 144
f 114 144 86
f 86 144 115
f 115 145 116
f 116 145 146
f 116 146 117
f 117 146 147
f 117 147 118
f 118 147 148
f 118 148 119
f 119 148 149
f 119 149 120
f 120 149 150
f 120 150 121
f 121 150 151
f 121 151 122
f 122 151 152
f 122 152 123
f 123 152 153
f 123 153 124
f 124 153 154
f 124 154 125
f 125 154 155
f 125 155 126
f 126 155 156
f 126 156 127
f 127 156 157
f 127 157 128
f 128 157 158
f 128 158 129
f 129 158 159
f 129 159 130
f 130 159 160
f 130 160 131
f 131 160 161
f 131 161 132
f 132 161 162
f 132 162 133
f 133 162 163
f 133 163 134
f 134 163 164
f 134 164 135
f 135 164 165
f 135 165 136
f 136 165 166
f 136 166 137
f 137 166 167
f 137 167 138
f 138 167 168
f 138 168 139
f 139 168 169
f 139 169 140
f 140 169 170
f 140 170 141
f 141 170 171
f 141 171 142
f 142 171 172
f 142 172 143
f 143 172 173
f 143 173 144
f 144 173 174
f 144 174 115
f 115 174 145
f 145 175 146
f 146 175 176
f 146 176 147
f 147 176 177
f 147 177 148
f 148 177 178
f 148 178 149
f 149 178 179
f 149 179 150
f 150 179 180
f 150 180 151
f 151 180 181
f 151 181 152
f 152 181 182
f 152 182 153
f 153 182 183
f 153 183 154
f 154 183 184
f 154 184 155
f 155 184 185
f 155 185 156
f 156 185 186
f 156 186 157
f 157 186 187
f 157 187 158
f 158 187 188
f 158 188 159
f 159 188 189
f 159 189 160
f 160 189 190
f 160 190 161
f 161 190 191
f 161 191 162
f 162 191 192
f 162 192 163
f 163 192 193
f 163 193 164
f 164 193 194
f 164 194 165
f 165 194 195
f 165 195 166
f 166 195 196
f 166 196 167
f 167 196 197
f 167 197 168
f 168 197 198
f 168 198 169
f 169 198 199
f 169 199 170
f 170 199 200
f 170 200 171
f 171 200 201
f 171 201 172
f 172 201 202
f 172 202 173
f 173 202 203
f 173 203 174
f 174 203 145
f 145 203 175
f 175 204 176
f 176 204 205
f 176 205 177
f 177 205 206
f 177 206 178
f 178 206 207
f 178 207 179
f 179 207 208
f 179 208 180
f 180 208 209
f 180 209 181
f 181 209 210
f 181 210 182
f 182 210 211
f 182 211 183
f 183 211 212
f 183 212 184
f 184 212 185
f 185 212 213
f 185 213 186
f 186 213 214
f 186 214 187
f 187 214 215
f 187 215 188
f 188 215 216
f 188 216 189
f 189 216 217
f 189 217 190
f 190 217 218
f 190 218 191
f 191 218 219
f 191 219 192
f 192 219 220
f 192 220 193
f 193 220 221
f 193 221 194
f 194 221 195
f 195 221 222
f 195 222 196
f 196 222 223
f 196 223 197
f 197 223 224
f 197 224 198
f 198 224 225
f 198 225 199
f 199 225 226
f 199 226 200
f 200 226 227
f 200 227 201
f 201 227 228
f 201 228 202
f 202 228 229
f 202 229 203
f 203 229 175
f 175 229 204
f 204 230 205
f 205 230 231
f 205 231 206
f 206 231 232
f 206 232 207
f 207 232 233
f 207 233 208
f 208 233 234
f 208 234 209
f 209 234 235
f 209 235 210
f 210 235 211
f 211 235 236
f 211 236 212
f 212 236 237
f 212 237 213
f 213 237 238
f 213 238 214
f 214 238 239
f 214 239 215
f 215 239 240
f 215 240 216
f 216 240 217
f 217 240 241
f 217 241 218
f 218 241 242
f 218 242 219
f 219 242 243
f 219 243 220
f 220 243 244
f 220 244 221
f 221 244 245
f 221 245 222
f 222 245 246
f 222 246 223
f 223 246 224
f 224 246 247
f 224 247 225
f 225 247 248
f 225 248 226
f 226 248 249
f 226 249 227
f 227 249 250
f 227 250 228
f 228 250 251
f 228 251 229
f 229 251 204
f 204 251 230
f 230 252 231
f 231 252 253
f 231 253 232
f 232 253 254
f 232 254 233
f 233 254 255
f 233 255 234
f 234 255 256
f 234 256 235
f 235 256 236
f 236 256 257
f 236 257 237
f 237 257 258
f 237 258 238
f 238 258 259
f 238 259 239
f 239 259 260
f 239 260 240
f 240 260 241
f 241 260 261
f 241 261 242
f 242 261 262
f 242 262 243
f 243 262 263
f 243 263 244
f 244 263 264
f 244 264 245
f 245 264 265
f 245 265 246
f 246 265 247
f 247 265 266
f 247 266 248
f 248 266 267
f 248 267 249
f 249 267 268
f 249 268 250
f 250 268 269
f 250 269 251
f 251 269 230
f 230 269 252
f 252 270 253
f 253 270 271
f 253 271 254
f 254 271 255
f 255 271 272
f 255 272 256
f 256 272 273
f 256 273 257
f 257 273 258
f 258 273 274
f 258 274 259
f 259 274 275
f 259 275 260
f 260 275 261
f 261 275 276
f 261 276 262
f 262 276 277
f 262 277 263
f 263 277 264
f 264 277 278
f 264 278 265
f 265 278 279
f 265 279 266
f 266 279 267
f 267 279 280
f 267 280 268
f 268 280 281
f 268 281 269
f 269 281 252
f 252 281 270
f 270 282 271
f 271 282 272
f 272 282 283
f 272 283 273
f 273 283 274
f 274 283 284
f 274 284 275
f 275 284 276
f 276 284 285
f 276 285 277
f 277 285 278
f 278 285 286
f 278 286 279
f 279 286 280
f 280 286 287
f 280 287 281
f 281 287 270
f 270 287 282
f 282 288 283
f 283 288 284
f 284 288 285
f 285 288 286
f 286 288 287
f 287 288 282

