v 0.000000 0.000000 0.479871
v 0.156234 0.000000 0.486594
v 0.067748 0.121889 0.438163
v -0.074622 0.131295 0.468227
v -0.134328 0.000000 0.433993
v -0.065094 -0.118201 0.425980
v 0.072481 -0.128408 0.459287
v 0.318913 0.000000 0.432437
v 0.268101 0.154071 0.424613
v 0.135969 0.241064 0.385229
v 0.000000 0.289849 0.399483
v -0.159869 0.274646 0.436085
v -0.271414 0.155639 0.428805
v -0.341449 0.000000 0.457917
v -0.282131 -0.160773 0.442905
v -0.145809 -0.255093 0.407158
v 0.000000 -0.281574 0.389662
v 0.147231 -0.256719 0.408392
v 0.267975 -0.153973 0.424117
v 0.383141 0.000000 0.279511
v 0.393239 0.161229 0.305701
v 0.281978 0.283323 0.291023
v 0.147943 0.362778 0.285991
v 0.000000 0.396807 0.288648
v -0.157158 0.380336 0.298305
v -0.277886 0.280179 0.288357
v -0.386819 0.159067 0.301796
v -0.411507 0.000000 0.296858
v -0.400126 -0.163583 0.310100
v -0.271420 -0.274955 0.283315
v -0.119925 -0.307665 0.244354
v 0.000000 -0.430144 0.312667
v 0.166396 -0.399662 0.314817
v 0.275189 -0.277728 0.285371
v 0.356846 -0.148699 0.281883
v 0.444649 0.000000 0.144433
v 0.416864 0.144044 0.143645
v 0.399829 0.306888 0.161503
v 0.279871 0.424232 0.164336
v 0.123960 0.487665 0.163242
v -0.038295 0.468110 0.152757
v -0.192180 0.439718 0.155737
v -0.323554 0.351317 0.154913
v -0.406598 0.220193 0.150085
v -0.447440 0.074791 0.147569
v -0.457270 -0.076108 0.149951
v -0.402241 -0.218182 0.148628
v -0.332828 -0.359757 0.158712
v -0.192250 -0.440341 0.156342
v -0.038210 -0.467272 0.152498
v 0.126442 -0.496268 0.166472
v 0.255088 -0.393292 0.152826
v 0.371749 -0.289032 0.152423
v 0.419151 -0.144634 0.144093
v 0.441534 0.000000 0.000000
v 0.409112 0.135357 0.000000
v 0.442491 0.315421 0.000000
v 0.320266 0.435728 0.000000
v 0.169228 0.515781 0.000000
v 0.000000 0.518508 0.000000
v -0.152687 0.474231 0.000000
v -0.310681 0.423950 0.000000
v -0.417129 0.300405 0.000000
v -0.464651 0.150502 0.000000
v -0.471275 0.000000 0.000000
v -0.448961 -0.146115 0.000000
v -0.409206 -0.295524 0.000000
v -0.300825 -0.413266 0.000000
v -0.156834 -0.484793 0.000000
v 0.000000 -0.517315 0.000000
v 0.155031 -0.480145 0.000000
v 0.313324 -0.427326 0.000000
v 0.444452 -0.316630 0.000000
v 0.492583 -0.157938 0.000000
v 0.383968 0.000000 -0.129507
v 0.398976 0.138843 -0.138216
v 0.441655 0.334279 -0.176410
v 0.305898 0.457615 -0.177548
v 0.116689 0.464490 -0.155975
v -0.037859 0.463543 -0.151131
v -0.203482 0.461110 -0.163314
v -0.341897 0.368143 -0.162622
v -0.428281 0.230099 -0.157099
v -0.479262 0.079195 -0.156225
v -0.452939 -0.075520 -0.148849
v -0.406787 -0.220331 -0.150262
v -0.324392 -0.352140 -0.155343
v -0.209075 -0.471746 -0.167122
v -0.043108 -0.515492 -0.167587
v 0.123106 -0.485113 -0.162573
v 0.293601 -0.441834 -0.171294
v 0.396272 -0.305213 -0.161379
v 0.474965 -0.160711 -0.160551
v 0.375465 0.000000 -0.274788
v 0.354335 0.147720 -0.279562
v 0.280616 0.282389 -0.290501
v 0.160773 0.388039 -0.305083
v 0.000000 0.414936 -0.301751
v -0.150996 0.368911 -0.290837
v -0.292382 0.292042 -0.300151
v -0.386906 0.159031 -0.301450
v -0.401862 0.000000 -0.291496
v -0.369652 -0.153221 -0.290950
v -0.289727 -0.289737 -0.297565
v -0.151793 -0.370394 -0.291808
v 0.000000 -0.409686 -0.298213
v 0.152028 -0.370617 -0.291574
v 0.296180 -0.295089 -0.303044
v 0.389556 -0.159962 -0.303295
v 0.290192 0.000000 -0.401840
v 0.231072 0.136569 -0.377832
v 0.146974 0.256488 -0.408468
v 0.000000 0.279554 -0.386594
v -0.138847 0.245069 -0.391171
v -0.242181 0.141643 -0.390393
v -0.284355 0.000000 -0.394742
v -0.243079 -0.142109 -0.391867
v -0.149101 -0.259656 -0.413852
v 0.000000 -0.298513 -0.411664
v 0.135251 -0.239846 -0.382689
v 0.232165 -0.137025 -0.378699
v 0.142028 0.000000 -0.450194
v 0.069230 0.123719 -0.442456
v -0.067032 0.120566 -0.431258
v -0.140453 0.000000 -0.445528
v -0.070326 -0.125226 -0.447348
v 0.066966 -0.120408 -0.430284
v 0.000000 0.000000 -0.442690
v -0.144187 -0.128282 -0.428862
v 0.147436 0.127008 -0.436653
v -0.035001 0.193682 -0.439112
v 0.034018 -0.195447 -0.444339
v 0.183448 -0.065080 -0.433888
v -0.178084 0.066000 -0.430431
v -0.250009 -0.379841 -0.233013
v -0.257215 0.384529 -0.237301
v 0.237276 0.483880 -0.089513
v -0.241798 -0.367089 0.227461
v 0.416967 0.419363 -0.091974
v 0.416725 -0.081132 -0.225026
v 0.077545 -0.330879 0.345616
v 0.374811 0.390351 0.079080
v 0.382404 0.233417 -0.220843
v 0.480784 -0.081548 -0.081397
v 0.232608 -0.478414 -0.086783
v -0.363041 -0.081277 0.376448
v -0.155240 -0.134723 0.426329
v -0.353874 0.079179 0.369453
v 0.362884 -0.372113 -0.082726
v -0.077180 -0.339389 -0.356758
v 0.450587 -0.232488 -0.080905
v -0.236313 0.359510 0.222366
v 0.075844 0.330695 -0.346728
v -0.080381 0.346555 -0.362433
v 0.063760 -0.494956 0.083800
v -0.039031 -0.208408 0.437978
v -0.203843 -0.074386 0.442975
v -0.098410 -0.432732 -0.228686
v 0.073936 -0.331376 -0.349746
v 0.177355 0.150612 0.473750
v -0.073618 -0.335542 0.355346
v 0.363476 0.082719 0.373936
v 0.219731 0.077172 0.473216
v 0.219994 0.462319 0.080803
v 0.039643 0.206590 0.436739
v 0.225100 -0.078362 0.482701
v -0.100227 0.429707 -0.229822
v 0.441914 0.236274 -0.071837
v 0.348527 -0.079985 -0.361619
v 0.065000 0.292634 0.308663
v -0.205875 0.074061 0.447841
v 0.353763 -0.369178 0.077149
v 0.455088 -0.077385 0.070333
v -0.374525 0.269563 -0.235737
v 0.065272 -0.473965 0.244544
v 0.467757 -0.245857 0.076971
v 0.210828 -0.446603 0.078054
v -0.174367 0.145967 0.457132
v 0.178960 -0.150718 0.472742
v 0.333836 -0.074256 0.352968
v 0.295169 0.370835 -0.236073
v -0.331845 0.077490 -0.346803
v 0.421644 0.225031 0.071744
v -0.330579 -0.077120 -0.345916
v 0.036543 -0.203846 0.424014
v -0.101896 0.448687 0.234775
v 0.307637 0.068693 -0.332343
v -0.073863 0.329030 0.346148
v 0.446206 0.250250 -0.165105
v 0.062201 -0.494576 -0.081932
v 0.226716 0.413107 -0.236163
v 0.059625 0.485298 -0.079302
v -0.094967 -0.424885 0.222672
v 0.058620 0.480963 0.078225
v -0.097096 -0.477230 -0.077256
v 0.389361 -0.231402 -0.230167
v 0.060856 -0.450956 -0.233662
v -0.038912 -0.221084 -0.452249
v -0.095892 -0.468757 0.074885
v 0.061887 0.457477 -0.236877
v -0.355843 -0.259918 -0.228182
v -0.345398 0.254315 0.223845
v -0.280278 -0.221186 0.365305
v 0.037505 0.211065 -0.435127
v -0.364845 -0.266675 0.234524
v -0.044202 0.235111 0.485415
v -0.095231 0.468512 0.075523
v 0.201611 0.072623 -0.438926
v 0.377303 0.222225 0.227197
v -0.256883 -0.443784 -0.082831
v -0.101422 0.488976 -0.077554
v 0.062680 0.455488 0.234229
v 0.293399 -0.366432 -0.236600
v 0.406920 0.071954 0.215406
v -0.256444 -0.441555 0.081328
v 0.403901 -0.071068 0.214564
v 0.223319 -0.408248 -0.233648
v -0.212630 -0.270128 0.352521
v -0.199609 -0.072241 -0.434230
v 0.391686 0.062571 -0.068375
v -0.284411 0.224584 0.367823
v 0.222896 -0.415445 0.244808
v 0.281223 0.221860 0.365002
v -0.374371 0.332269 -0.082621
v 0.155246 -0.133319 -0.418630
v -0.217492 -0.274990 -0.358326
v -0.152809 0.132681 -0.417643
v -0.249534 0.433494 -0.081167
v 0.414615 0.065860 0.070855
v 0.273822 -0.216957 0.357398
v 0.379115 0.066495 -0.205041
v -0.216804 0.273560 0.355718
v -0.218579 0.274084 -0.354956
v -0.443207 0.120942 -0.232200
v 0.211514 0.267690 -0.347882
v 0.150948 -0.458356 0.246729
v -0.427930 -0.119827 0.229973
v -0.242142 0.420443 0.077032
v 0.216498 -0.270974 -0.349867
v 0.212832 0.468079 -0.168920
v 0.210022 0.266819 0.347372
v -0.410672 0.115370 0.221849
v -0.283968 0.227216 -0.362218
v 0.341787 0.296040 -0.227131
v 0.273715 -0.220039 -0.353027
v 0.341053 -0.206651 0.207480
v 0.269381 0.340840 0.221362
v 0.244644 0.200478 -0.325457
v 0.073228 0.000000 0.484681
v -0.036589 0.064592 0.499784
v -0.365426 -0.324933 0.080124
v 0.220254 0.406489 0.235242
v -0.275513 -0.220713 -0.355058
v -0.073687 0.000000 0.492376
v 0.222048 -0.278797 0.361664
v -0.036398 -0.064506 0.481033
v -0.427517 -0.118851 -0.227985
v -0.360175 0.319134 0.076555
v 0.267835 -0.339018 0.220209
v 0.035699 -0.063403 0.483926
v 0.034999 0.062512 0.469593
v -0.432664 0.186208 -0.077818
v 0.316590 0.450465 -0.088281
v -0.372444 -0.329182 -0.080274
v 0.155839 -0.326972 0.359460
v -0.331385 -0.158956 0.370855
v -0.136080 -0.288675 0.329386
v 0.372590 0.397738 -0.177181
v 0.143203 0.439411 -0.235467
v -0.318806 0.387052 -0.082303
v 0.252123 0.482125 0.000000
v 0.085128 -0.417793 0.315955
v -0.100185 -0.179334 0.413641
v 0.137031 -0.425991 -0.226588
v 0.301257 0.430714 0.079974
v -0.002045 -0.128789 0.461200
v 0.227276 -0.349102 0.308221
v -0.476150 0.039765 -0.078424
v 0.109171 0.064373 0.461708
v 0.143110 0.439520 0.234864
v -0.148686 -0.311593 -0.350386
v -0.107915 -0.065348 0.460047
v -0.444318 0.039627 -0.225878
v 0.241471 0.000000 0.477483
v -0.329340 0.157818 0.367264
v 0.139393 -0.484273 0.082374
v 0.105933 0.187211 0.432333
v 0.350087 -0.302873 -0.234209
v -0.173204 -0.459413 -0.078342
v 0.453645 0.332104 -0.091675
v 0.127233 -0.071035 0.514851
v 0.328331 0.157346 0.366000
v 0.002957 0.131415 0.469517
v -0.217227 0.000000 0.434875
v -0.153043 0.317557 0.358387
v 0.211258 -0.470769 -0.169307
v 0.319425 -0.154577 0.361380
v 0.398629 0.396484 0.000000
v 0.043824 -0.480221 0.159000
v -0.417961 0.261864 -0.079646
v -0.454511 0.191834 0.077510
v -0.019359 -0.451592 0.233627
v -0.474346 0.115046 -0.078949
v -0.204676 -0.204087 0.414208
v -0.177789 -0.469952 0.078869
v 0.302312 -0.433268 -0.085618
v 0.150435 0.315417 -0.352002
v -0.147663 0.310862 -0.346847
v -0.440022 -0.188680 -0.078797
v -0.319550 -0.389582 0.079281
v 0.198492 -0.458706 0.164413
v 0.140202 0.297738 0.334149
v -0.176468 0.466378 -0.079032
v -0.428511 0.037528 0.221368
v 0.335618 -0.364454 -0.162648
v -0.421533 -0.036839 -0.218971
v -0.442748 -0.038366 0.227328
v -0.070301 -0.383305 0.289491
v -0.315570 -0.386023 -0.077622
v -0.114431 0.064953 0.473592
v -0.019913 -0.451477 -0.231346
v -0.298081 -0.080403 0.435916
v 0.140264 0.484683 -0.079814
v -0.279847 0.420583 -0.165513
v -0.110049 -0.192971 -0.434576
v 0.000000 -0.359337 0.359023
v 0.139830 0.483133 0.079163
v 0.139447 -0.482970 -0.080400
v -0.415915 -0.196451 0.236223
v 0.108968 -0.191344 0.439119
v -0.311278 0.325125 -0.228120
v -0.164738 0.442585 0.073321
v -0.404084 0.193602 -0.226480
v -0.019325 0.450225 -0.232512
v -0.374575 0.000000 0.373976
v 0.309610 -0.149151 -0.345249
v -0.121841 0.209371 0.472469
v -0.467642 0.038135 0.075162
v -0.075506 -0.278571 0.412511
v 0.444450 0.232673 0.000000
v -0.215886 0.213371 0.430956
v -0.020216 -0.492275 -0.079758
v 0.393275 0.149277 0.221108
v 0.000000 -0.351797 -0.352820
v -0.120317 -0.471050 -0.160177
v -0.469782 -0.038092 0.075045
v -0.470983 -0.038159 -0.075167
v -0.297878 0.079013 0.434720
v 0.082180 0.413273 -0.311708
v -0.078326 0.397790 -0.300643
v -0.174601 -0.410392 -0.226529
v -0.076458 -0.392680 -0.296894
v -0.395748 0.306028 -0.163318
v 0.138999 -0.295976 -0.330785
v -0.412900 -0.178486 0.073821
v 0.208366 0.206651 0.418480
v -0.074974 -0.277808 -0.411242
v -0.456558 0.112400 0.074521
v -0.223867 0.335980 -0.299392
v -0.411783 0.259887 0.075678
v 0.042138 -0.495370 -0.163593
v -0.327497 0.155975 -0.359796
v -0.303413 -0.146855 -0.340450
v -0.306576 0.376341 0.076675
v -0.386743 0.185553 0.222183
v -0.018825 0.476633 0.075413
v 0.111954 0.195511 -0.442561
v 0.274666 0.136777 -0.321035
v -0.345138 -0.228184 0.304582
v 0.000000 0.347232 -0.347524
v 0.079761 0.495517 0.000000
v 0.076678 -0.398491 -0.300697
v 0.236167 -0.461279 0.000000
v -0.228054 -0.450321 0.000000
v 0.282204 -0.408489 0.077953
v 0.200322 0.454267 0.163141
v -0.078414 -0.483612 0.000000
v 0.464192 -0.081795 -0.153723
v 0.219877 0.332328 -0.295861
v -0.019769 0.501994 -0.078090
v 0.207395 -0.205473 0.416230
v -0.271952 -0.417823 -0.163480
v 0.220788 -0.330080 -0.294651
v 0.164320 0.071800 0.476014
v -0.171175 0.403992 -0.224586
v -0.108626 0.190807 -0.430593
v 0.415254 -0.155209 -0.225140
v -0.196247 -0.202227 -0.404291
v -0.019459 -0.483556 0.077315
v -0.405009 -0.255566 -0.076211
v -0.019790 0.445152 0.227036
v -0.332719 0.221867 0.296120
v 0.301083 0.081548 0.438083
v 0.041771 0.470620 -0.155655
v 0.349002 0.229326 0.306449
v 0.352098 -0.233280 -0.309748
v 0.328687 0.288104 0.224324
v 0.402312 -0.300290 -0.080924
v 0.434132 -0.233375 -0.160688
v 0.213479 0.000000 -0.427478
v -0.222868 -0.335562 -0.298550
v -0.454314 -0.110678 0.076407
v -0.335041 0.224745 -0.298313
v -0.150585 -0.068412 0.443558
v -0.466430 -0.113081 -0.077944
v -0.078261 0.283475 0.418895
v 0.394108 0.081820 0.296040
v -0.411731 -0.082384 0.306835
v 0.403305 -0.083869 -0.301091
v -0.201882 -0.305575 0.274092
v -0.262203 -0.402025 0.157993
v 0.040338 0.473086 0.156456
v -0.387214 -0.186107 -0.221013
v 0.283336 -0.077164 0.417692
v 0.079900 -0.493889 0.000000
v 0.035899 0.063697 -0.459179
v -0.079929 0.501300 0.000000
v -0.158649 -0.379648 0.208685
v -0.299544 -0.314708 0.222355
v 0.071970 0.000000 -0.459506
v 0.108689 0.064087 -0.457350
v -0.215735 0.322687 0.288396
v -0.117153 -0.460698 0.156619
v -0.401307 -0.254132 0.074476
v -0.123161 0.475316 -0.161281
v 0.377544 -0.374245 0.000000
v -0.393147 0.078872 0.295875
v 0.067627 -0.262380 0.388572
v 0.073554 0.373866 0.283224
v 0.071120 0.267505 -0.396217
v -0.035805 -0.063546 -0.459520
v -0.447028 0.153413 -0.154919
v -0.330150 -0.221169 -0.294353
v 0.310617 -0.275265 0.214833
v 0.315629 0.217646 -0.285195
v 0.152527 -0.110344 0.493324
v -0.071292 0.268828 -0.397913
v 0.207787 0.317771 0.283195
v 0.351713 0.000000 0.355661
v 0.109084 -0.062395 -0.454766
v -0.219399 0.437517 0.000000
v 0.000000 0.333847 0.335243
v 0.069633 -0.270540 -0.399520
v 0.332555 0.362784 0.161028
v 0.017313 -0.168872 0.450617
v 0.067948 0.255391 0.379325
v 0.198299 0.201428 -0.404989
v -0.399462 0.079124 -0.299235
v -0.304031 0.318160 0.225806
v -0.322919 -0.334252 -0.235904
v 0.001073 0.124383 -0.444408
v -0.392392 -0.077827 -0.295081
v 0.341365 0.000000 -0.347770
v 0.452765 0.293212 -0.128561
v -0.108630 -0.064871 -0.457879
v 0.105823 -0.186745 -0.422312
v -0.142795 0.104028 0.463973
v -0.033786 0.060694 -0.443884
v -0.334493 0.000000 -0.336993
v 0.466931 -0.154213 0.072687
v -0.354509 -0.357233 0.000000
v 0.471149 -0.155945 -0.079589
v -0.456916 0.002381 -0.150210
v -0.070703 0.000000 -0.458492
v 0.418365 -0.309166 0.078837
v -0.193150 0.198382 -0.397626
v -0.218337 0.000000 -0.433985
v -0.001607 -0.127045 -0.453009
v 0.033181 -0.059802 -0.441391
v -0.104493 0.062138 -0.443376
v -0.379760 -0.297709 0.157767
v 0.311586 -0.344041 0.152974
v -0.072021 0.375581 0.283865
v 0.268135 0.072449 -0.399217
v -0.357607 0.356089 0.000000
v -0.111095 0.448242 0.152283
v 0.265938 -0.071365 -0.396295
v 0.412266 0.305633 0.079043
v 0.469421 -0.236367 0.000000
v -0.249923 0.385411 0.151596
v -0.178923 0.417921 0.230503
v 0.183006 -0.187840 -0.379652
v 0.221161 0.369874 -0.264041
v 0.016767 -0.096451 0.473533
v -0.367963 -0.287632 -0.153535
v -0.017750 0.175523 0.468241
v -0.209376 -0.237389 0.384909
v -0.072197 -0.065158 0.472220
v 0.069844 0.062348 0.458259
v 0.195182 -0.344271 0.340378
v -0.261143 -0.071358 -0.390736
v -0.445191 0.226398 0.000000
v 0.314271 -0.213530 0.282922
v -0.368206 0.287731 0.153489
v 0.076358 -0.065675 0.489172
v 0.020055 0.096519 0.474057
v -0.265991 0.071932 -0.395819
v 0.174311 -0.458050 0.205611
v 0.481442 -0.078052 0.000000
v 0.248078 -0.344404 0.264202
v 0.221587 -0.368110 -0.264034
v -0.093376 0.031751 0.482629
v -0.436311 0.149285 0.151218
v -0.216914 0.244234 0.393786
v -0.434404 -0.149584 -0.150798
v 0.177086 0.451369 -0.200962
v 0.357774 0.346275 -0.203201
v 0.410519 0.062767 0.000000
v -0.449947 0.000346 0.148145
v 0.120167 -0.445185 0.285968
v -0.424061 -0.145428 0.147747
v -0.470375 0.075217 0.000000
f 249 2 279
f 1 261 250
f 1 250 254
f 256 488 6
f 256 276 484
f 249 291 2
f 2 284 163
f 384 163 160
f 160 9 356
f 3 287 165
f 293 486 4
f 206 406 12
f 178 341 13
f 457 171 320
f 5 171 294
f 5 294 157
f 404 157 147
f 147 15 304
f 156 339 17
f 156 17 185
f 185 17 428
f 179 18 381
f 291 166 2
f 2 166 284
f 162 20 407
f 162 21 292
f 292 21 223
f 9 223 356
f 10 241 312
f 10 312 170
f 170 23 429
f 188 473 25
f 188 295 12
f 232 422 26
f 341 221 13
f 13 221 285
f 348 148 14
f 14 148 335
f 146 28 408
f 146 29 266
f 203 369 30
f 487 218 16
f 267 218 31
f 339 161 17
f 17 161 326
f 17 326 141
f 17 141 428
f 265 490 255
f 18 230 381
f 19 230 297
f 19 297 180
f 180 35 20
f 214 36 37
f 214 343 21
f 209 37 38
f 209 38 397
f 247 38 444
f 247 39 252
f 252 39 376
f 23 280 212
f 212 40 412
f 391 41 186
f 186 476 42
f 152 480 43
f 152 449 26
f 202 494 44
f 202 44 365
f 365 44 242
f 427 242 28
f 28 314 317
f 28 237 408
f 29 237 329
f 29 329 205
f 205 47 471
f 30 419 138
f 410 138 31
f 31 418 193
f 318 193 32
f 175 50 299
f 510 236 33
f 498 51 311
f 222 52 259
f 259 472 53
f 34 434 246
f 246 53 54
f 35 216 20
f 20 216 36
f 36 55 229
f 36 229 37
f 183 56 340
f 183 478 38
f 38 478 142
f 38 142 444
f 164 271 59
f 164 59 327
f 194 59 371
f 194 60 366
f 366 60 207
f 476 207 42
f 238 61 441
f 238 62 364
f 258 475 63
f 258 63 360
f 360 63 301
f 44 301 503
f 338 64 512
f 338 65 346
f 346 65 66
f 46 355 511
f 47 355 424
f 47 424 251
f 251 461 68
f 48 215 411
f 49 215 305
f 423 199 50
f 50 199 389
f 50 155 299
f 286 155 71
f 51 177 311
f 375 177 72
f 375 72 172
f 172 72 426
f 53 465 176
f 176 73 479
f 54 460 173
f 173 74 499
f 55 75 220
f 220 75 76
f 56 168 340
f 57 168 290
f 57 290 139
f 139 268 78
f 263 78 137
f 137 78 240
f 59 192 371
f 380 192 80
f 380 80 211
f 211 80 425
f 313 81 228
f 228 324 82
f 62 270 224
f 224 353 83
f 300 83 262
f 262 83 432
f 303 84 278
f 278 463 85
f 347 405 66
f 66 405 309
f 66 309 67
f 67 390 264
f 461 264 68
f 210 382 88
f 210 289 69
f 69 289 195
f 377 195 70
f 190 361 90
f 190 90 328
f 328 90 145
f 373 145 72
f 149 91 315
f 149 92 398
f 398 92 151
f 73 151 479
f 462 93 144
f 144 93 378
f 75 94 231
f 231 94 95
f 76 95 143
f 143 435 96
f 244 96 181
f 483 379 97
f 191 269 506
f 79 269 200
f 79 200 394
f 167 350 99
f 167 385 81
f 324 136 82
f 82 136 331
f 353 174 83
f 83 174 333
f 83 333 234
f 234 448 102
f 283 102 316
f 316 102 257
f 505 257 86
f 413 103 201
f 485 201 87
f 450 104 135
f 135 401 105
f 88 158 345
f 89 158 321
f 89 321 197
f 197 106 372
f 296 217 91
f 213 501 383
f 213 108 288
f 196 108 396
f 196 109 387
f 387 109 140
f 140 409 94
f 453 110 187
f 187 474 111
f 435 248 96
f 96 248 235
f 379 235 97
f 307 112 153
f 349 153 98
f 350 154 99
f 99 154 308
f 359 233 100
f 100 233 243
f 403 243 101
f 362 115 182
f 448 182 102
f 102 459 184
f 184 116 491
f 103 253 433
f 226 388 118
f 226 118 281
f 150 357 119
f 150 344 106
f 106 159 372
f 354 159 120
f 107 239 383
f 245 239 121
f 245 121 336
f 169 477 110
f 169 110 453
f 400 122 208
f 208 122 130
f 130 122 421
f 367 123 204
f 204 123 131
f 131 451 124
f 466 227 115
f 497 134 116
f 116 134 467
f 116 219 491
f 117 219 129
f 129 125 455
f 118 325 198
f 119 132 443
f 120 132 456
f 120 456 225
f 477 133 110
f 400 133 122
f 122 416 421
f 451 416 124
f 458 464 125
f 125 431 455
f 126 431 468
f 127 420 440
f 118 129 325
f 388 129 118
f 367 130 123
f 111 130 447
f 386 131 124
f 437 131 114
f 198 126 132
f 132 126 468
f 225 127 133
f 133 127 440
f 115 227 134
f 134 124 470
f 88 135 351
f 382 135 88
f 81 385 136
f 136 359 100
f 59 137 323
f 271 137 59
f 138 48 411
f 138 418 31
f 263 139 78
f 298 139 58
f 75 140 94
f 93 140 378
f 141 272 33
f 141 33 265
f 142 298 58
f 142 275 39
f 244 143 96
f 76 143 189
f 55 144 75
f 74 144 499
f 145 296 91
f 145 91 306
f 322 146 15
f 14 335 146
f 273 147 16
f 282 147 6
f 13 285 148
f 148 427 28
f 72 149 426
f 306 91 149
f 352 150 106
f 281 118 150
f 151 399 93
f 151 93 462
f 422 152 26
f 25 481 152
f 153 430 113
f 153 370 98
f 98 370 154
f 154 437 114
f 50 389 155
f 155 70 415
f 276 156 445
f 273 16 156
f 157 322 15
f 157 15 147
f 88 351 158
f 158 352 106
f 106 344 159
f 159 119 443
f 3 160 287
f 384 160 279
f 267 31 161
f 161 318 32
f 393 162 9
f 439 20 162
f 163 393 9
f 163 9 160
f 39 164 376
f 39 275 164
f 165 10 446
f 165 11 206
f 179 19 166
f 166 19 414
f 80 167 425
f 334 98 167
f 56 76 168
f 168 76 189
f 409 169 94
f 336 121 169
f 442 170 24
f 10 170 446
f 178 13 171
f 171 348 14
f 53 172 465
f 472 172 53
f 36 173 55
f 54 173 36
f 82 331 174
f 174 403 101
f 272 510 33
f 32 302 175
f 54 176 460
f 53 176 54
f 286 71 177
f 177 373 72
f 457 178 171
f 337 12 178
f 436 179 166
f 330 18 179
f 439 180 20
f 19 180 414
f 191 483 97
f 268 181 78
f 182 497 116
f 182 459 102
f 37 183 38
f 37 56 183
f 103 184 363
f 102 184 452
f 330 185 18
f 156 185 445
f 25 186 481
f 473 186 25
f 95 187 368
f 94 187 95
f 406 188 12
f 442 24 188
f 189 143 77
f 168 189 454
f 70 190 415
f 342 89 190
f 78 191 240
f 78 181 191
f 59 323 192
f 192 79 394
f 193 423 50
f 193 302 32
f 40 194 412
f 327 59 194
f 195 88 345
f 195 89 342
f 399 196 93
f 288 108 196
f 274 197 107
f 361 197 90
f 119 198 132
f 357 198 119
f 49 305 199
f 199 377 70
f 200 349 98
f 200 98 334
f 201 103 433
f 201 104 450
f 26 202 392
f 26 449 202
f 15 203 304
f 266 29 203
f 113 204 131
f 430 204 113
f 30 205 419
f 369 205 30
f 337 206 12
f 486 206 4
f 207 60 417
f 207 332 42
f 111 208 130
f 474 208 111
f 395 209 22
f 21 343 209
f 374 210 69
f 68 319 210
f 313 211 81
f 60 211 417
f 391 212 41
f 23 212 429
f 91 213 315
f 91 217 213
f 20 214 407
f 20 36 214
f 48 310 215
f 215 374 69
f 35 54 216
f 216 54 36
f 274 107 217
f 217 501 213
f 203 30 218
f 218 410 31
f 116 467 219
f 219 125 129
f 56 220 76
f 55 220 508
f 232 26 221
f 221 26 392
f 277 222 500
f 33 236 222
f 223 395 22
f 223 241 10
f 300 224 83
f 475 224 63
f 121 225 133
f 120 225 482
f 401 226 105
f 104 253 226
f 386 124 227
f 227 124 134
f 62 228 270
f 61 228 441
f 229 55 508
f 229 56 37
f 18 255 230
f 230 34 493
f 76 231 95
f 75 231 76
f 12 232 504
f 12 295 232
f 99 308 233
f 233 466 115
f 283 234 102
f 83 234 432
f 235 111 447
f 235 112 307
f 175 51 236
f 236 51 498
f 28 317 237
f 237 46 511
f 480 238 43
f 42 332 238
f 354 120 239
f 239 120 482
f 240 191 506
f 137 240 79
f 223 22 241
f 241 22 438
f 242 44 503
f 242 314 28
f 243 233 115
f 243 115 362
f 77 244 507
f 77 143 244
f 108 245 396
f 108 239 245
f 35 246 54
f 34 246 493
f 22 247 438
f 397 38 247
f 95 368 248
f 248 111 235
f 1 249 261
f 260 7 495
f 250 293 4
f 250 4 320
f 48 251 310
f 47 251 471
f 23 252 280
f 247 252 23
f 103 363 253
f 253 117 226
f 254 502 5
f 488 282 6
f 255 277 34
f 255 34 230
f 260 256 484
f 1 254 256
f 257 102 452
f 257 103 413
f 494 258 44
f 364 62 258
f 34 259 434
f 222 259 500
f 1 260 249
f 1 256 260
f 261 249 489
f 261 496 250
f 303 262 84
f 63 262 492
f 58 263 137
f 58 139 263
f 264 485 87
f 264 319 68
f 18 265 255
f 141 265 18
f 15 266 203
f 146 266 15
f 16 267 161
f 16 218 267
f 139 77 268
f 77 507 268
f 191 97 269
f 269 97 200
f 270 228 82
f 270 82 224
f 164 58 271
f 58 137 271
f 141 32 272
f 32 175 272
f 6 273 156
f 6 147 273
f 90 274 217
f 90 197 274
f 142 58 275
f 275 58 164
f 256 6 276
f 6 156 276
f 255 490 277
f 33 222 277
f 347 278 85
f 64 278 512
f 279 160 3
f 249 279 489
f 280 252 40
f 280 40 212
f 105 281 150
f 226 281 105
f 254 5 282
f 404 147 282
f 463 283 85
f 84 234 283
f 284 166 8
f 284 8 163
f 285 221 27
f 285 27 148
f 51 286 177
f 51 155 286
f 287 160 10
f 287 10 165
f 92 288 196
f 213 288 92
f 210 88 289
f 289 88 195
f 290 168 454
f 290 77 139
f 495 7 291
f 436 166 291
f 9 292 223
f 162 292 9
f 250 496 293
f 3 165 293
f 294 171 14
f 294 14 157
f 188 25 295
f 295 25 232
f 145 90 296
f 90 217 296
f 297 230 35
f 297 35 180
f 142 57 298
f 57 139 298
f 299 155 51
f 175 299 51
f 63 300 262
f 63 224 300
f 301 63 492
f 301 358 45
f 193 50 302
f 302 50 175
f 64 303 278
f 64 262 303
f 304 487 16
f 147 304 16
f 305 215 69
f 305 69 199
f 72 306 149
f 145 306 72
f 97 307 153
f 235 307 97
f 308 154 114
f 308 114 233
f 309 505 86
f 309 390 67
f 310 251 68
f 310 68 215
f 311 177 52
f 222 311 52
f 312 241 23
f 312 23 170
f 61 313 228
f 61 211 313
f 242 45 314
f 314 509 46
f 315 213 92
f 149 315 92
f 85 316 257
f 283 316 85
f 317 314 46
f 317 46 237
f 161 31 318
f 31 193 318
f 264 87 319
f 319 87 210
f 320 171 5
f 502 320 5
f 321 158 106
f 321 106 197
f 157 14 322
f 14 146 322
f 323 137 79
f 323 79 192
f 228 81 324
f 81 136 324
f 325 129 126
f 325 126 198
f 326 161 32
f 326 32 141
f 40 327 194
f 164 327 40
f 71 328 145
f 190 328 71
f 329 237 47
f 329 47 205
f 7 330 179
f 7 185 330
f 331 136 100
f 331 100 174
f 207 61 332
f 332 61 238
f 333 174 101
f 333 101 234
f 80 334 167
f 200 334 80
f 335 148 28
f 335 28 146
f 109 336 169
f 245 336 109
f 4 337 178
f 4 206 337
f 509 338 46
f 45 358 338
f 156 16 339
f 16 161 339
f 340 168 57
f 183 340 57
f 178 12 341
f 12 504 341
f 70 342 190
f 195 342 70
f 214 37 343
f 343 37 209
f 150 119 344
f 344 119 159
f 345 158 89
f 195 345 89
f 46 346 402
f 338 346 46
f 65 347 66
f 65 278 347
f 171 13 348
f 13 148 348
f 200 97 349
f 97 153 349
f 167 98 350
f 98 154 350
f 351 135 105
f 351 105 158
f 158 105 352
f 105 150 352
f 224 82 353
f 82 174 353
f 107 354 239
f 107 159 354
f 46 402 355
f 355 66 67
f 356 223 10
f 160 356 10
f 150 118 357
f 118 198 357
f 301 64 358
f 358 64 338
f 136 99 359
f 99 233 359
f 44 360 301
f 258 360 44
f 190 89 361
f 89 197 361
f 101 362 182
f 243 362 101
f 363 184 117
f 363 117 253
f 43 364 258
f 238 364 43
f 27 365 242
f 202 365 27
f 41 366 207
f 194 366 41
f 112 367 204
f 112 130 367
f 368 187 111
f 368 111 248
f 203 29 369
f 29 205 369
f 153 113 370
f 370 113 154
f 371 192 60
f 194 371 60
f 372 159 107
f 197 372 107
f 177 71 373
f 71 145 373
f 215 68 374
f 68 210 374
f 52 375 172
f 52 177 375
f 376 164 40
f 252 376 40
f 199 69 377
f 69 195 377
f 378 140 75
f 144 378 75
f 181 96 379
f 96 235 379
f 60 380 211
f 60 192 380
f 381 230 19
f 179 381 19
f 210 87 382
f 87 135 382
f 383 239 108
f 213 383 108
f 2 384 279
f 2 163 384
f 167 99 385
f 385 99 136
f 114 386 227
f 114 131 386
f 93 387 140
f 196 387 93
f 226 117 388
f 117 129 388
f 389 199 70
f 389 70 155
f 309 86 390
f 390 86 264
f 24 391 186
f 24 212 391
f 392 202 27
f 221 392 27
f 163 8 393
f 8 162 393
f 394 200 80
f 192 394 80
f 223 21 395
f 21 209 395
f 396 245 109
f 196 396 109
f 22 397 247
f 209 397 22
f 73 398 151
f 149 398 73
f 151 92 399
f 92 196 399
f 110 400 208
f 110 133 400
f 135 104 401
f 104 226 401
f 402 346 66
f 402 66 355
f 174 100 403
f 100 243 403
f 5 404 282
f 5 157 404
f 347 85 405
f 405 85 309
f 206 11 406
f 11 188 406
f 407 214 21
f 162 407 21
f 408 237 29
f 146 408 29
f 140 109 409
f 109 169 409
f 218 30 410
f 30 138 410
f 411 215 49
f 138 411 49
f 412 194 41
f 212 412 41
f 86 413 201
f 257 413 86
f 414 180 8
f 166 414 8
f 415 190 71
f 155 415 71
f 122 420 416
f 416 128 458
f 417 211 61
f 207 417 61
f 138 49 418
f 418 49 193
f 419 205 48
f 419 48 138
f 469 128 420
f 420 128 416
f 421 416 123
f 130 421 123
f 232 25 422
f 25 152 422
f 193 49 423
f 49 199 423
f 424 355 67
f 424 67 251
f 425 167 81
f 211 425 81
f 426 149 73
f 172 426 73
f 148 27 427
f 27 242 427
f 428 141 18
f 185 428 18
f 429 212 24
f 170 429 24
f 153 112 430
f 112 204 430
f 125 464 431
f 431 128 469
f 432 234 84
f 262 432 84
f 433 253 104
f 201 433 104
f 434 259 53
f 434 53 246
f 143 95 435
f 95 248 435
f 7 436 291
f 7 179 436
f 154 113 437
f 113 131 437
f 438 247 23
f 241 438 23
f 8 439 162
f 8 180 439
f 440 420 122
f 133 440 122
f 441 228 62
f 238 441 62
f 11 442 188
f 11 170 442
f 443 132 120
f 159 443 120
f 444 142 39
f 247 444 39
f 445 185 7
f 276 445 7
f 446 170 11
f 165 446 11
f 447 130 112
f 235 447 112
f 234 101 448
f 101 182 448
f 152 43 449
f 449 43 202
f 87 450 135
f 201 450 87
f 131 123 451
f 123 416 451
f 452 184 103
f 257 452 103
f 94 453 187
f 169 453 94
f 454 189 77
f 290 454 77
f 455 431 126
f 129 455 126
f 456 132 127
f 456 127 225
f 4 457 320
f 4 178 457
f 124 458 470
f 416 458 124
f 182 116 459
f 459 116 184
f 460 176 74
f 460 74 173
f 251 67 461
f 67 264 461
f 74 462 144
f 151 462 74
f 278 84 463
f 84 283 463
f 458 128 464
f 464 128 431
f 465 172 73
f 465 73 176
f 233 114 466
f 114 227 466
f 467 134 125
f 467 125 219
f 468 431 127
f 132 468 127
f 127 469 420
f 431 469 127
f 470 458 125
f 134 470 125
f 471 251 48
f 205 471 48
f 259 52 472
f 52 172 472
f 188 24 473
f 24 186 473
f 187 110 474
f 110 208 474
f 258 62 475
f 62 224 475
f 186 41 476
f 41 207 476
f 169 121 477
f 121 133 477
f 183 57 478
f 478 57 142
f 479 151 74
f 176 479 74
f 152 42 480
f 42 238 480
f 481 186 42
f 481 42 152
f 482 225 121
f 239 482 121
f 191 181 483
f 181 379 483
f 484 276 7
f 260 484 7
f 264 86 485
f 86 201 485
f 293 165 486
f 165 206 486
f 304 203 487
f 203 218 487
f 256 254 488
f 254 282 488
f 489 279 3
f 261 489 3
f 265 33 490
f 490 33 277
f 491 219 117
f 184 491 117
f 492 262 64
f 301 492 64
f 493 246 35
f 230 493 35
f 202 43 494
f 43 258 494
f 249 495 291
f 260 495 249
f 261 3 496
f 496 3 293
f 182 115 497
f 115 134 497
f 222 498 311
f 236 498 222
f 499 144 55
f 173 499 55
f 500 259 34
f 277 500 34
f 217 107 501
f 501 107 383
f 254 250 502
f 250 320 502
f 503 301 45
f 242 503 45
f 504 232 221
f 504 221 341
f 309 85 505
f 85 257 505
f 506 269 79
f 240 506 79
f 507 244 181
f 507 181 268
f 508 220 56
f 229 508 56
f 314 45 509
f 45 338 509
f 272 175 510
f 175 236 510
f 511 355 47
f 237 511 47
f 512 278 65
f 338 512 65
