v 0.000000 0.000000 1.600000
v 0.122138 0.114533 1.593063
v -0.038119 0.163041 1.593063
v -0.160257 0.048508 1.593063
v -0.122138 -0.114533 1.593063
v 0.038119 -0.163041 1.593063
v 0.160257 -0.048508 1.593063
v 0.243767 0.228588 1.572184
v 0.096815 0.319847 1.572184
v -0.076079 0.325403 1.572184
v -0.228588 0.243767 1.572184
v -0.319847 0.096815 1.572184
v -0.325403 -0.076079 1.572184
v -0.243767 -0.228588 1.572184
v -0.096815 -0.319847 1.572184
v 0.076079 -0.325403 1.572184
v 0.228588 -0.243767 1.572184
v 0.319847 -0.096815 1.572184
v 0.325403 0.076079 1.572184
v 0.364331 0.341644 1.537172
v 0.233659 0.441431 1.537172
v 0.077667 0.493382 1.537172
v -0.086743 0.491867 1.537172
v -0.241751 0.437052 1.537172
v -0.370564 0.334874 1.537172
v -0.459219 0.196408 1.537172
v -0.498110 0.036659 1.537172
v -0.483024 -0.127065 1.537172
v -0.415595 -0.277017 1.537172
v -0.303129 -0.396951 1.537172
v -0.157816 -0.473869 1.537172
v 0.004601 -0.499436 1.537172
v 0.166518 -0.470882 1.537172
v 0.310391 -0.391300 1.537172
v 0.420628 -0.269314 1.537172
v 0.485283 -0.118145 1.537172
v 0.497350 0.045828 1.537172
v 0.455522 0.204834 1.537172
v 0.483175 0.453087 1.487729
v 0.349444 0.562703 1.487729
v 0.191898 0.633973 1.487729
v 0.021275 0.662038 1.487729
v -0.150797 0.644986 1.487729
v -0.312594 0.583979 1.487729
v -0.453087 0.483175 1.487729
v -0.562703 0.349444 1.487729
v -0.633973 0.191898 1.487729
v -0.662038 0.021275 1.487729
v -0.644986 -0.150797 1.487729
v -0.583979 -0.312594 1.487729
v -0.483175 -0.453087 1.487729
v -0.349444 -0.562703 1.487729
v -0.191898 -0.633973 1.487729
v -0.021275 -0.662038 1.487729
v 0.150797 -0.644986 1.487729
v 0.312594 -0.583979 1.487729
v 0.453087 -0.483175 1.487729
v 0.562703 -0.349444 1.487729
v 0.633973 -0.191898 1.487729
v 0.662038 -0.021275 1.487729
v 0.644986 0.150797 1.487729
v 0.583979 0.312594 1.487729
v 0.599502 0.562171 1.423488
v 0.469520 0.674530 1.423488
v 0.319018 0.757409 1.423488
v 0.154572 0.807185 1.423488
v -0.016629 0.821684 1.423488
v -0.187103 0.800270 1.423488
v -0.349400 0.743881 1.423488
v -0.496426 0.654981 1.423488
v -0.621756 0.537456 1.423488
v -0.719913 0.396441 1.423488
v -0.786606 0.238099 1.423488
v -0.818920 0.069352 1.423488
v -0.815444 -0.102427 1.423488
v -0.776329 -0.269729 1.423488
v -0.703284 -0.425242 1.423488
v -0.599502 -0.562171 1.423488
v -0.469520 -0.674530 1.423488
v -0.319018 -0.757409 1.423488
v -0.154572 -0.807185 1.423488
v 0.016629 -0.821684 1.423488
v 0.187103 -0.800270 1.423488
v 0.349400 -0.743881 1.423488
v 0.496426 -0.654981 1.423488
v 0.621756 -0.537456 1.423488
v 0.719913 -0.396441 1.423488
v 0.786606 -0.238099 1.423488
v 0.818920 -0.069352 1.423488
v 0.815444 0.102427 1.423488
v 0.776329 0.269729 1.423488
v 0.703284 0.425242 1.423488
v 0.712332 0.667974 1.344074
v 0.581613 0.784431 1.344074
v 0.432200 0.875675 1.344074
v 0.268897 0.938775 1.344074
v 0.096950 0.971702 1.344074
v -0.078111 0.973398 1.344074
v -0.250663 0.943807 1.344074
v -0.415158 0.883882 1.344074
v -0.566310 0.795549 1.344074
v -0.699260 0.681646 1.344074
v -0.809735 0.545833 1.344074
v -0.894184 0.392479 1.344074
v -0.949894 0.226508 1.344074
v -0.975074 0.053258 1.344074
v -0.968913 -0.121704 1.344074
v -0.931611 -0.292754 1.344074
v -0.864367 -0.454396 1.344074
v -0.769341 -0.601432 1.344074
v -0.649588 -0.729138 1.344074
v -0.508956 -0.833408 1.344074
v -0.351965 -0.910892 1.344074
v -0.183663 -0.959100 1.344074
v -0.009457 -0.976481 1.344074
v 0.165051 -0.962477 1.344074
v 0.334257 -0.917539 1.344074
v 0.492717 -0.843110 1.344074
v 0.635342 -0.741583 1.344074
v 0.757547 -0.616221 1.344074
v 0.855403 -0.471052 1.344074
v 0.925766 -0.310744 1.344074
v 0.966374 -0.140448 1.344074
v 0.975922 0.034361 1.344074
v 0.954103 0.208067 1.344074
v 0.901618 0.375084 1.344074
v 0.820156 0.530047 1.344074
v 0.820460 0.769369 1.249171
v 0.690003 0.888244 1.249171
v 0.542555 0.985249 1.249171
v 0.381748 1.057993 1.249171
v 0.212632 1.110380 1.257319
v 0.036127 1.124179 1.249171
v -0.140178 1.115990 1.249171
v -0.313031 1.080321 1.249171
v -0.478177 1.018052 1.249171
v -0.631548 0.930714 1.249171
v -0.769369 0.820460 1.249171
v -0.888244 0.690003 1.249171
v -0.985249 0.542555 1.249171
v -1.057993 0.381748 1.249171
v -1.104687 0.211542 1.249171
v -1.124179 0.036127 1.249171
v -1.115990 -0.140178 1.249171
v -1.080321 -0.313031 1.249171
v -1.018052 -0.478177 1.249171
v -0.930714 -0.631548 1.249171
v -0.820460 -0.769369 1.249171
v -0.690003 -0.888244 1.249171
v -0.542555 -0.985249 1.249171
v -0.381748 -1.057993 1.249171
v -0.211542 -1.104687 1.249171
v -0.036127 -1.124179 1.249171
v 0.140178 -1.115990 1.249171
v 0.313031 -1.080321 1.249171
v 0.478177 -1.018052 1.249171
v 0.631548 -0.930714 1.249171
v 0.769369 -0.820460 1.249171
v 0.888244 -0.690003 1.249171
v 0.985249 -0.542555 1.249171
v 1.057993 -0.381748 1.249171
v 1.104687 -0.211542 1.249171
v 1.124179 -0.036127 1.249171
v 1.112854 0.139784 1.244729
v 1.080321 0.313031 1.249171
v 1.018052 0.478177 1.249171
v 0.930714 0.631548 1.249171
v 0.922449 0.865007 1.138628
v 0.793086 0.984969 1.138628
v 0.648286 1.085759 1.138628
v 0.490869 1.165417 1.138628
v 0.325586 1.228767 1.146144
v 0.152201 1.268736 1.153736
v -0.025720 1.270910 1.146144
v -0.203407 1.261539 1.153736
v -0.375034 1.214588 1.146144
v -0.537618 1.144603 1.138628
v -0.695292 1.064163 1.146144
v -0.836628 0.957042 1.146144
v -0.956690 0.826978 1.138628
v -1.062473 0.685785 1.138628
v -1.147575 0.531242 1.138628
v -1.216655 0.368272 1.146144
v -1.256069 0.195362 1.146144
v -1.271034 0.018650 1.146144
v -1.254715 -0.157604 1.138628
v -1.220570 -0.330692 1.138628
v -1.162669 -0.497345 1.138628
v -1.082137 -0.654316 1.138628
v -0.985656 -0.802718 1.146144
v -0.859862 -0.927246 1.138628
v -0.722446 -1.037893 1.138628
v -0.570969 -1.128337 1.138628
v -0.408378 -1.196819 1.138628
v -0.237839 -1.242007 1.138628
v -0.062670 -1.263021 1.138628
v 0.113719 -1.259452 1.138628
v 0.287894 -1.231367 1.138628
v 0.456465 -1.179317 1.138628
v 0.619366 -1.110073 1.146144
v 0.767830 -1.013070 1.146144
v 0.901350 -0.896350 1.146144
v 1.017325 -0.762183 1.146144
v 1.107723 -0.609999 1.138628
v 1.181838 -0.449897 1.138628
v 1.232950 -0.281039 1.138628
v 1.266637 -0.107267 1.146144
v 1.269239 0.070059 1.146144
v 1.247136 0.246020 1.146144
v 1.203686 0.418211 1.149674
v 1.131011 0.580247 1.146144
v 1.033858 0.728208 1.138628
v 1.016628 0.953322 1.012571
v 0.886374 1.075498 1.012571
v 0.741565 1.180015 1.012571
v 0.584580 1.265157 1.012571
v 0.420204 1.336546 1.019340
v 0.247144 1.386627 1.026176
v 0.067439 1.399421 1.019340
v -0.112068 1.396556 1.019340
v -0.291274 1.378033 1.026176
v -0.460215 1.315506 1.012571
v -0.624660 1.245856 1.012571
v -0.782962 1.161852 1.019340
v -0.925108 1.052190 1.019340
v -1.046536 0.920390 1.012571
v -1.155642 0.779006 1.012571
v -1.245770 0.624829 1.012571
v -1.315443 0.460394 1.012571
v -1.370720 0.289923 1.019340
v -1.389203 0.111669 1.012571
v -1.399431 -0.067248 1.019340
v -1.379341 -0.245652 1.019340
v -1.336604 -0.420021 1.019340
v -1.265236 -0.584408 1.012571
v -1.180116 -0.741404 1.012571
v -1.081301 -0.890908 1.019340
v -0.953460 -1.016499 1.012571
v -0.815645 -1.130079 1.012571
v -0.664438 -1.225103 1.012571
v -0.502320 -1.300012 1.012571
v -0.331954 -1.353573 1.012571
v -0.156137 -1.384911 1.012571
v 0.022361 -1.400867 1.019340
v 0.201316 -1.386506 1.019340
v 0.376965 -1.349379 1.019340
v 0.546425 -1.290095 1.019340
v 0.710665 -1.216048 1.026176
v 0.851296 -1.103472 1.012571
v 0.985417 -0.985551 1.012571
v 1.115070 -0.860487 1.026176
v 1.215951 -0.710829 1.026176
v 1.296866 -0.549501 1.026176
v 1.349328 -0.377150 1.019340
v 1.386479 -0.201504 1.019340
v 1.415806 -0.022792 1.033081
v 1.407096 0.158444 1.033081
v 1.382648 0.338885 1.040055
v 1.320887 0.510179 1.033081
v 1.238200 0.671322 1.026176
v 1.136159 0.819799 1.019340
v 1.112971 1.043665 0.883387
v 0.984342 1.176527 0.889405
v 0.830865 1.279689 0.883387
v 0.666973 1.363184 0.877428
v 0.497797 1.433640 0.877428
v 0.324832 1.499209 0.889405
v 0.140240 1.511112 0.877428
v -0.042699 1.508927 0.871528
v -0.225468 1.500762 0.877428
v -0.402568 1.454862 0.871528
v -0.570245 1.384194 0.862412
v -0.739041 1.316245 0.871528
v -0.901901 1.230657 0.883387
v -1.051894 1.121747 0.892177
v -1.170210 0.979056 0.883387
v -1.266078 0.822027 0.871528
v -1.355931 0.663425 0.871528
v -1.426013 0.495149 0.871528
v -1.491159 0.323088 0.883387
v -1.511112 0.140240 0.877428
v -1.525150 -0.043158 0.883387
v -1.525198 -0.229139 0.895484
v -1.478441 -0.409093 0.889405
v -1.410735 -0.581178 0.883387
v -1.330396 -0.746987 0.883387
v -1.230657 -0.901901 0.883387
v -1.112971 -1.043665 0.883387
v -0.979056 -1.170210 0.883387
v -0.830865 -1.279689 0.883387
v -0.666973 -1.363184 0.877428
v -0.497797 -1.433640 0.877428
v -0.319652 -1.475298 0.871528
v -0.139493 -1.503072 0.871528
v 0.042927 -1.516998 0.877428
v 0.224269 -1.492778 0.871528
v 0.402568 -1.454862 0.871528
v 0.578072 -1.403195 0.877428
v 0.746987 -1.330396 0.883387
v 0.897081 -1.224079 0.877428
v 1.032564 -1.101133 0.871528
v 1.163955 -0.973824 0.877428
v 1.279689 -0.830865 0.883387
v 1.366701 -0.668694 0.880289
v 1.441344 -0.500472 0.883387
v 1.483189 -0.321361 0.877428
v 1.519232 -0.140993 0.883387
v 1.533383 0.043391 0.889405
v 1.525198 0.229139 0.895484
v 1.478441 0.409093 0.889405
v 1.410735 0.581178 0.883387
v 1.330396 0.746987 0.883387
v 1.230657 0.901901 0.883387
v 1.199788 1.125076 0.736484
v 1.069581 1.261422 0.741593
v 0.908794 1.360121 0.731426
v 0.739743 1.439121 0.721460
v 0.567801 1.505913 0.716551
v 0.394562 1.569270 0.721460
v 0.215437 1.621551 0.731426
v 0.028875 1.617855 0.721460
v -0.155296 1.606054 0.718886
v -0.335529 1.569318 0.713951
v -0.513703 1.525214 0.716551
v -0.684216 1.456715 0.716551
v -0.857208 1.387678 0.728774
v -1.028951 1.305204 0.746200
v -1.174379 1.182783 0.748882
v -1.277362 1.021853 0.731426
v -1.363159 0.855552 0.716551
v -1.451799 0.694587 0.716551
v -1.521513 0.524566 0.716551
v -1.588488 0.351491 0.726418
v -1.600784 0.166316 0.716551
v -1.609308 -0.017244 0.716551
v -1.623045 -0.203868 0.731426
v -1.589226 -0.387553 0.731426
v -1.534690 -0.566185 0.731426
v -1.452214 -0.733430 0.726418
v -1.366567 -0.899073 0.731426
v -1.251395 -1.045833 0.728652
v -1.121290 -1.178792 0.726418
v -0.979609 -1.298926 0.726418
v -0.825158 -1.402127 0.726418
v -0.656379 -1.479005 0.721460
v -0.486136 -1.552582 0.726418
v -0.304331 -1.589235 0.721460
v -0.121189 -1.613568 0.721460
v 0.063880 -1.625657 0.726418
v 0.246097 -1.590473 0.716551
v 0.425793 -1.552054 0.716551
v 0.599939 -1.493401 0.716551
v 0.770411 -1.422939 0.721460
v 0.924919 -1.322024 0.718833
v 1.063756 -1.201386 0.713875
v 1.193770 -1.072297 0.713875
v 1.319196 -0.937021 0.721460
v 1.417409 -0.780537 0.721460
v 1.488519 -0.610340 0.716207
v 1.548978 -0.436850 0.716551
v 1.588678 -0.257431 0.716551
v 1.616370 -0.075061 0.721460
v 1.623170 0.110276 0.726418
v 1.591366 0.292991 0.721460
v 1.547594 0.472484 0.721460
v 1.483647 0.645817 0.721460
v 1.407974 0.815138 0.726418
v 1.313011 0.975622 0.731426
v 1.267625 1.188688 0.568708
v 1.141861 1.335773 0.576743
v 0.979438 1.440709 0.570491
v 0.801677 1.514534 0.558777
v 0.621732 1.572120 0.549308
v 0.445012 1.630974 0.549308
v 0.264329 1.679166 0.553111
v 0.078634 1.711817 0.558777
v -0.109271 1.696327 0.553111
v -0.292761 1.660080 0.547294
v -0.470968 1.608785 0.543432
v -0.645088 1.547210 0.543432
v -0.818295 1.479359 0.549308
v -1.006005 1.422693 0.570628
v -1.190815 1.342171 0.591949
v -1.305795 1.180034 0.577847
v -1.378890 0.994048 0.553111
v -1.459382 0.824744 0.543432
v -1.528115 0.653576 0.537555
v -1.604416 0.485643 0.543432
v -1.671246 0.310497 0.553111
v -1.671784 0.123034 0.543432
v -1.684558 -0.061968 0.547294
v -1.681511 -0.248980 0.553111
v -1.643915 -0.432448 0.553111
v -1.595082 -0.614023 0.556953
v -1.509559 -0.781475 0.553111
v -1.422201 -0.947976 0.556952
v -1.295043 -1.086727 0.549308
v -1.167634 -1.222596 0.549308
v -1.026052 -1.343626 0.549308
v -0.876785 -1.456269 0.553111
v -0.715170 -1.552367 0.556953
v -0.543038 -1.630571 0.560832
v -0.358388 -1.671189 0.556953
v -0.172368 -1.700471 0.556953
v 0.015918 -1.728074 0.564751
v 0.203665 -1.697008 0.556952
v 0.386986 -1.655207 0.553111
v 0.563641 -1.593870 0.549308
v 0.735558 -1.522191 0.549308
v 0.898548 -1.432035 0.549308
v 1.044484 -1.316747 0.545241
v 1.179900 -1.190728 0.543432
v 1.314843 -1.062685 0.549308
v 1.419642 -0.908950 0.547294
v 1.502599 -0.743098 0.543432
v 1.575227 -0.573290 0.543432
v 1.624113 -0.395398 0.541476
v 1.648295 -0.213110 0.537555
v 1.676024 -0.030753 0.543432
v 1.683463 0.155122 0.549308
v 1.651243 0.338363 0.547235
v 1.603998 0.517960 0.547235
v 1.545802 0.695100 0.551076
v 1.476289 0.870565 0.558874
v 1.386244 1.038689 0.566421
v 1.298359 1.217508 0.379983
v 1.174641 1.363770 0.385362
v 1.027902 1.487959 0.387670
v 0.864150 1.589212 0.387800
v 0.677250 1.640379 0.378579
v 0.495006 1.689268 0.374709
v 0.312643 1.732314 0.374709
v 0.126739 1.755732 0.374709
v -0.059756 1.734694 0.368097
v -0.241709 1.703743 0.364083
v -0.417781 1.653932 0.360069
v -0.591217 1.600156 0.360070
v -0.764583 1.541615 0.364083
v -0.945326 1.484930 0.374709
v -1.147575 1.438413 0.396176
v -1.304885 1.319323 0.400352
v -1.393831 1.137329 0.385111
v -1.466350 0.956333 0.372111
v -1.546401 0.788275 0.368097
v -1.621429 0.619437 0.368097
v -1.692511 0.447394 0.372111
v -1.730478 0.264956 0.372111
v -1.733931 0.078839 0.368097
v -1.732489 -0.105913 0.368097
v -1.735649 -0.293564 0.374709
v -1.704001 -0.479028 0.377333
v -1.656921 -0.662836 0.381241
v -1.564239 -0.828401 0.377333
v -1.467323 -0.989976 0.377333
v -1.338938 -1.127831 0.372111
v -1.211472 -1.263761 0.372111
v -1.070278 -1.385373 0.372111
v -0.922017 -1.499514 0.374709
v -0.765840 -1.606720 0.379983
v -0.597354 -1.697886 0.385362
v -0.412297 -1.746680 0.383958
v -0.223697 -1.775820 0.382659
v -0.033950 -1.804355 0.386646
v 0.155864 -1.773068 0.379983
v 0.339664 -1.727219 0.374709
v 0.516957 -1.667221 0.370735
v 0.687360 -1.593823 0.368097
v 0.852880 -1.511732 0.368097
v 1.008734 -1.412511 0.368097
v 1.143248 -1.286136 0.364083
v 1.284522 -1.167365 0.368097
v 1.401328 -1.024215 0.368097
v 1.502256 -0.869461 0.368097
v 1.581490 -0.702778 0.366721
v 1.652099 -0.532263 0.368097
v 1.684709 -0.350601 0.364083
v 1.712430 -0.169541 0.364083
v 1.720848 0.013441 0.364110
v 1.724397 0.197970 0.368097
v 1.688740 0.379053 0.366761
v 1.624471 0.551515 0.362667
v 1.574346 0.729261 0.367915
v 1.513119 0.907591 0.375823
v 1.423957 1.075278 0.381176
v 1.303933 1.222735 0.187879
v 1.175462 1.359835 0.189198
v 1.044213 1.500153 0.193233
v 0.883759 1.604853 0.193805
v 0.701450 1.665375 0.190476
v 0.523643 1.729957 0.190529
v 0.338063 1.765382 0.189198
v 0.150386 1.775789 0.187160
v -0.035547 1.756503 0.183797
v -0.218957 1.743164 0.183797
v -0.394201 1.686064 0.180428
v -0.570015 1.640606 0.181130
v -0.742652 1.581124 0.182465
v -0.916988 1.516554 0.185842
v -1.104051 1.456679 0.193233
v -1.260675 1.344392 0.195257
v -1.367410 1.182009 0.190529
v -1.467119 1.021218 0.187879
v -1.538996 0.847493 0.183804
v -1.619153 0.681981 0.183804
v -1.696228 0.513434 0.185842
v -1.765382 0.338063 0.189198
v -1.775941 0.150399 0.187181
v -1.761806 -0.035654 0.184503
v -1.758414 -0.220872 0.185842
v -1.750260 -0.409210 0.189198
v -1.716907 -0.596525 0.191875
v -1.635995 -0.768425 0.190529
v -1.546710 -0.935222 0.190529
v -1.448539 -1.097882 0.191875
v -1.318467 -1.236364 0.190529
v -1.171964 -1.355788 0.188486
v -1.023825 -1.470864 0.188486
v -0.867051 -1.574512 0.189198
v -0.709495 -1.684476 0.193233
v -0.530937 -1.754053 0.193878
v -0.345689 -1.805209 0.194592
v -0.154647 -1.826112 0.193878
v 0.036958 -1.826229 0.193074
v 0.225264 -1.793379 0.190529
v 0.409210 -1.750260 0.189198
v 0.586667 -1.688534 0.187879
v 0.753443 -1.604098 0.185842
v 0.916988 -1.516554 0.185842
v 1.070455 -1.412352 0.185834
v 1.208563 -1.288819 0.185123
v 1.332846 -1.152132 0.184452
v 1.450114 -1.009381 0.185123
v 1.561095 -0.859663 0.187160
v 1.642403 -0.691774 0.187160
v 1.705715 -0.516306 0.187160
v 1.745237 -0.334205 0.186469
v 1.760527 -0.149093 0.185123
v 1.771870 0.035858 0.185842
v 1.768348 0.222120 0.187173
v 1.720432 0.402236 0.185123
v 1.658943 0.576386 0.183712
v 1.589745 0.746701 0.183732
v 1.502853 0.908704 0.183712
v 1.420295 1.076475 0.187160
v 1.290476 1.210116 0.000000
v 1.167019 1.350067 0.000000
v 1.031050 1.481244 0.000000
v 0.880334 1.598635 0.000000
v 0.702372 1.667565 0.000000
v 0.525753 1.736923 0.000000
v 0.341315 1.782364 0.000000
v 0.152678 1.802853 0.000000
v -0.036204 1.788941 0.000000
v -0.223654 1.780558 0.000000
v -0.402754 1.722643 0.000000
v -0.583996 1.680845 0.000000
v -0.752110 1.601263 0.000000
v -0.928616 1.535785 0.000000
v -1.105564 1.458674 0.000000
v -1.251981 1.335120 0.000000
v -1.369322 1.183663 0.000000
v -1.477340 1.028333 0.000000
v -1.563203 0.860822 0.000000
v -1.630380 0.686710 0.000000
v -1.708018 0.517003 0.000000
v -1.777699 0.340422 0.000000
v -1.793580 0.151893 0.000000
v -1.784184 -0.036108 0.000000
v -1.770636 -0.222408 0.000000
v -1.762471 -0.412065 0.000000
v -1.709743 -0.594036 0.000000
v -1.638284 -0.769499 0.000000
v -1.557517 -0.941757 0.000000
v -1.466885 -1.111788 0.000000
v -1.335120 -1.251980 0.000000
v -1.186704 -1.372839 0.000000
v -1.025219 -1.472866 0.000000
v -0.865646 -1.571962 0.000000
v -0.702587 -1.668075 0.000000
v -0.527303 -1.742044 0.000000
v -0.343272 -1.792582 0.000000
v -0.153973 -1.818142 0.000000
v 0.036919 -1.824277 0.000000
v 0.225580 -1.795888 0.000000
v 0.412065 -1.762471 0.000000
v 0.594036 -1.709743 0.000000
v 0.762930 -1.624299 0.000000
v 0.930994 -1.539717 0.000000
v 1.083735 -1.429873 0.000000
v 1.227217 -1.308712 0.000000
v 1.345603 -1.163160 0.000000
v 1.459815 -1.016134 0.000000
v 1.580379 -0.870281 0.000000
v 1.667659 -0.702412 0.000000
v 1.741608 -0.527171 0.000000
v 1.787171 -0.342236 0.000000
v 1.803095 -0.152698 0.000000
v 1.824627 0.036926 0.000000
v 1.805457 0.226782 0.000000
v 1.756696 0.410715 0.000000
v 1.680794 0.583978 0.000000
v 1.596748 0.749990 0.000000
v 1.509209 0.912547 0.000000
v 1.397584 1.059263 0.000000
v 1.292761 1.212259 -0.185842
v 1.159029 1.340825 -0.185855
v 1.010036 1.451054 -0.185275
v 0.869348 1.578683 -0.189831
v 0.695702 1.651728 -0.188506
v 0.526573 1.739635 -0.191874
v 0.345708 1.805309 -0.194605
v 0.154626 1.825863 -0.193845
v -0.036765 1.816666 -0.191802
v -0.225857 1.798098 -0.191162
v -0.409087 1.749738 -0.189126
v -0.593207 1.707355 -0.190529
v -0.768194 1.635505 -0.190457
v -0.935222 1.546710 -0.190529
v -1.094708 1.444351 -0.191176
v -1.228973 1.310585 -0.189092
v -1.340749 1.158964 -0.185842
v -1.454548 1.012468 -0.185842
v -1.552412 0.854881 -0.185842
v -1.619153 0.681981 -0.183804
v -1.691056 0.511868 -0.185123
v -1.755647 0.336198 -0.187879
v -1.765911 0.149549 -0.185842
v -1.766774 -0.035755 -0.185164
v -1.758514 -0.220885 -0.185855
v -1.740607 -0.406953 -0.187879
v -1.697898 -0.589921 -0.189198
v -1.640299 -0.770446 -0.191162
v -1.572073 -0.950558 -0.194472
v -1.485657 -1.126014 -0.198070
v -1.344392 -1.260675 -0.195257
v -1.178476 -1.363322 -0.189811
v -1.012468 -1.454548 -0.185842
v -0.847493 -1.538996 -0.183804
v -0.681981 -1.619153 -0.183804
v -0.513434 -1.696228 -0.185842
v -0.332330 -1.735448 -0.185143
v -0.149549 -1.765911 -0.185842
v 0.036062 -1.781933 -0.187181
v 0.222127 -1.768401 -0.187181
v 0.409210 -1.750260 -0.189198
v 0.593207 -1.707355 -0.190529
v 0.766170 -1.631195 -0.189824
v 0.937735 -1.550867 -0.191176
v 1.085727 -1.432501 -0.189198
v 1.236055 -1.318138 -0.190469
v 1.363397 -1.178541 -0.189824
v 1.483472 -1.032601 -0.190529
v 1.614505 -0.889074 -0.195271
v 1.698361 -0.715344 -0.195237
v 1.778009 -0.538188 -0.197208
v 1.810224 -0.346649 -0.195271
v 1.831557 -0.155109 -0.194605
v 1.857046 0.037582 -0.197174
v 1.838774 0.230966 -0.196615
v 1.789391 0.418358 -0.194543
v 1.692988 0.588215 -0.188506
v 1.581124 0.742652 -0.182465
v 1.503448 0.909063 -0.183804
v 1.395923 1.058003 -0.183092
v 1.280365 1.200635 -0.373347
v 1.145492 1.329927 -0.373347
v 0.997694 1.444230 -0.373373
v 0.826154 1.519337 -0.366403
v 0.660798 1.600531 -0.366981
v 0.501849 1.712622 -0.381256
v 0.320438 1.775501 -0.386515
v 0.129215 1.790023 -0.383958
v -0.061785 1.793616 -0.383958
v -0.252798 1.781911 -0.385322
v -0.440543 1.744045 -0.385073
v -0.629822 1.704643 -0.390035
v -0.815113 1.643497 -0.394677
v -0.969455 1.522831 -0.386796
v -1.106843 1.387358 -0.378606
v -1.215747 1.229198 -0.366252
v -1.324803 1.081003 -0.361144
v -1.441355 0.940032 -0.364083
v -1.546401 0.788275 -0.368097
v -1.621429 0.619437 -0.368097
v -1.696751 0.448515 -0.373291
v -1.740024 0.266418 -0.374709
v -1.733931 0.078839 -0.368097
v -1.732489 -0.105913 -0.368097
v -1.721085 -0.291101 -0.370735
v -1.680392 -0.472391 -0.370735
v -1.643430 -0.657440 -0.377333
v -1.586002 -0.839926 -0.383958
v -1.526726 -1.030053 -0.396610
v -1.398535 -1.178031 -0.393073
v -1.245559 -1.299320 -0.385362
v -1.082144 -1.400733 -0.377333
v -0.909144 -1.478578 -0.368097
v -0.737393 -1.547038 -0.362197
v -0.571017 -1.623028 -0.364014
v -0.389778 -1.651282 -0.357589
v -0.211478 -1.678819 -0.356358
v -0.032110 -1.706555 -0.360332
v 0.151227 -1.720313 -0.365736
v 0.339197 -1.724841 -0.374057
v 0.531312 -1.713514 -0.383774
v 0.710324 -1.647070 -0.383697
v 0.881557 -1.562561 -0.383797
v 1.027318 -1.438534 -0.376700
v 1.172062 -1.318551 -0.375751
v 1.299069 -1.180586 -0.373385
v 1.432055 -1.046673 -0.378336
v 1.546921 -0.895312 -0.381980
v 1.645157 -0.731070 -0.385464
v 1.726077 -0.556097 -0.389006
v 1.758736 -0.366007 -0.384424
v 1.786257 -0.176850 -0.384041
v 1.813246 0.014163 -0.388967
v 1.799865 0.206634 -0.388533
v 1.765041 0.396179 -0.387799
v 1.654742 0.561793 -0.371268
v 1.535113 0.711088 -0.356284
v 1.449401 0.869372 -0.355834
v 1.373910 1.037485 -0.364306
v 1.222788 1.146643 -0.543432
v 1.095328 1.281338 -0.547294
v 0.920229 1.353615 -0.527183
v 0.754737 1.425854 -0.517516
v 0.602754 1.524132 -0.528087
v 0.440005 1.612622 -0.541485
v 0.264257 1.678709 -0.552921
v 0.077983 1.697637 -0.552940
v -0.110156 1.710076 -0.558777
v -0.298479 1.692502 -0.560832
v -0.482610 1.648553 -0.560471
v -0.668490 1.603338 -0.568439
v -0.847233 1.531674 -0.573893
v -0.991820 1.402632 -0.560525
v -1.112514 1.253918 -0.543432
v -1.226203 1.108107 -0.533731
v -1.336612 0.963570 -0.531679
v -1.455242 0.822404 -0.541476
v -1.549428 0.662692 -0.547088
v -1.626945 0.492462 -0.553111
v -1.694205 0.314763 -0.562714
v -1.686035 0.124083 -0.549308
v -1.675173 -0.061623 -0.543432
v -1.658227 -0.245532 -0.543432
v -1.607331 -0.422825 -0.537555
v -1.564398 -0.602211 -0.543432
v -1.509559 -0.781475 -0.553111
v -1.461258 -0.974010 -0.576255
v -1.345061 -1.128699 -0.576159
v -1.203212 -1.259849 -0.570491
v -1.043061 -1.365899 -0.560832
v -0.876527 -1.455840 -0.552906
v -0.705342 -1.531034 -0.547294
v -0.525153 -1.576867 -0.537555
v -0.340641 -1.588431 -0.522147
v -0.163661 -1.614579 -0.521450
v 0.014965 -1.624535 -0.522171
v 0.196453 -1.636914 -0.532063
v 0.385505 -1.648872 -0.550436
v 0.565967 -1.600445 -0.552176
v 0.745335 -1.542424 -0.558549
v 0.895945 -1.427885 -0.547294
v 1.039281 -1.310188 -0.541798
v 1.168387 -1.179110 -0.536705
v 1.300640 -1.051206 -0.541798
v 1.412159 -0.904159 -0.543640
v 1.498291 -0.740968 -0.541456
v 1.584398 -0.576628 -0.547445
v 1.640403 -0.399364 -0.548371
v 1.669440 -0.215843 -0.546323
v 1.687805 -0.030969 -0.548277
v 1.685741 0.155332 -0.550248
v 1.674532 0.343136 -0.557011
v 1.591371 0.513883 -0.541778
v 1.472595 0.662181 -0.518068
v 1.377981 0.812594 -0.511942
v 1.303866 0.976964 -0.524090
v 1.154346 1.082463 -0.701381
v 1.029064 1.213637 -0.706290
v 0.856736 1.282210 -0.678626
v 0.704991 1.371513 -0.678626
v 0.547632 1.452419 -0.684337
v 0.380563 1.513590 -0.689108
v 0.207704 1.563349 -0.698342
v 0.028014 1.569648 -0.694291
v -0.151505 1.566852 -0.696693
v -0.331021 1.548232 -0.701801
v -0.506583 1.504073 -0.703981
v -0.680897 1.449648 -0.712152
v -0.851109 1.377805 -0.722234
v -0.992884 1.259454 -0.713372
v -1.108240 1.116170 -0.695987
v -1.220318 0.976219 -0.690263
v -1.328955 0.834084 -0.693796
v -1.447516 0.692537 -0.713875
v -1.538068 0.530273 -0.726418
v -1.596359 0.353232 -0.730961
v -1.631023 0.169458 -0.733682
v -1.609308 -0.017244 -0.716551
v -1.583496 -0.198901 -0.708966
v -1.537640 -0.374973 -0.701507
v -1.484666 -0.547730 -0.701381
v -1.424568 -0.719467 -0.708966
v -1.365877 -0.898619 -0.730961
v -1.282450 -1.071786 -0.751458
v -1.148851 -1.207766 -0.748951
v -0.984694 -1.305669 -0.731178
v -0.822635 -1.397840 -0.723615
v -0.656188 -1.478574 -0.721195
v -0.475462 -1.518493 -0.706290
v -0.294204 -1.536353 -0.691120
v -0.115841 -1.542366 -0.681226
v 0.060918 -1.550285 -0.683914
v 0.239939 -1.550675 -0.693858
v 0.419291 -1.528355 -0.702703
v 0.595781 -1.483051 -0.710266
v 0.757657 -1.399383 -0.706366
v 0.907591 -1.297257 -0.701801
v 1.034619 -1.168479 -0.689108
v 1.160854 -1.042730 -0.688943
v 1.276338 -0.906580 -0.691838
v 1.375255 -0.757324 -0.694343
v 1.460960 -0.599040 -0.699423
v 1.523784 -0.429744 -0.701801
v 1.571845 -0.254704 -0.706942
v 1.577037 -0.073235 -0.699272
v 1.582231 0.107495 -0.703296
v 1.564780 0.288097 -0.706227
v 1.521221 0.464433 -0.705922
v 1.418662 0.617529 -0.681523
v 1.320197 0.764321 -0.669266
v 1.241502 0.922488 -0.681226
v 1.088913 1.021105 -0.859287
v 0.973590 1.163676 -0.877162
v 0.812639 1.251618 -0.858930
v 0.644882 1.318033 -0.840699
v 0.474510 1.366574 -0.825552
v 0.309803 1.429846 -0.837545
v 0.135999 1.465417 -0.843895
v -0.041183 1.455340 -0.832356
v -0.218824 1.456535 -0.844748
v -0.390487 1.411200 -0.838425
v -0.560682 1.360982 -0.844068
v -0.722238 1.286319 -0.846450
v -0.875656 1.194845 -0.850944
v -1.015969 1.083436 -0.853801
v -1.136157 0.950566 -0.850944
v -1.251791 0.812752 -0.859081
v -1.359270 0.665058 -0.874244
v -1.449124 0.503174 -0.889405
v -1.506583 0.326430 -0.894919
v -1.522890 0.141333 -0.886071
v -1.508927 -0.042699 -0.871528
v -1.468104 -0.220562 -0.853296
v -1.422913 -0.393728 -0.847305
v -1.376614 -0.567121 -0.856421
v -1.316245 -0.739041 -0.871528
v -1.233781 -0.904191 -0.886217
v -1.124483 -1.054460 -0.894919
v -0.976098 -1.166674 -0.880018
v -0.819393 -1.262020 -0.867993
v -0.659630 -1.348175 -0.865219
v -0.485562 -1.398403 -0.850172
v -0.305511 -1.410035 -0.822733
v -0.132527 -1.428007 -0.816441
v 0.040723 -1.439106 -0.820489
v 0.215637 -1.435323 -0.829074
v 0.392587 -1.418792 -0.844181
v 0.565613 -1.372952 -0.853527
v 0.726826 -1.294489 -0.853296
v 0.872713 -1.190829 -0.847305
v 1.001689 -1.068208 -0.838547
v 1.125891 -0.941977 -0.841163
v 1.228221 -0.797448 -0.838547
v 1.323046 -0.647335 -0.844777
v 1.391428 -0.483140 -0.844777
v 1.451589 -0.314514 -0.853801
v 1.482721 -0.137605 -0.856593
v 1.484677 0.042013 -0.853801
v 1.475177 0.221624 -0.858523
v 1.431995 0.396241 -0.854192
v 1.364964 0.562322 -0.847214
v 1.273050 0.714789 -0.835331
v 1.180766 0.865339 -0.838190
v 0.994706 0.932765 -0.984937
v 0.876661 1.063713 -0.998528
v 0.723410 1.151126 -0.981196
v 0.566866 1.226822 -0.973739
v 0.406460 1.292830 -0.977202
v 0.239559 1.344069 -0.986426
v 0.066236 1.374457 -0.996357
v -0.109097 1.359538 -0.985191
v -0.281942 1.333883 -0.984682
v -0.452070 1.292225 -0.989891
v -0.607535 1.211701 -0.977438
v -0.753904 1.118732 -0.971527
v -0.888019 1.010007 -0.967690
v -0.999167 0.878730 -0.954565
v -1.127965 0.760350 -0.981880
v -1.242285 0.623081 -1.008986
v -1.329408 0.465282 -1.026176
v -1.381449 0.292192 -1.029423
v -1.396541 0.112259 -1.019340
v -1.392078 -0.066895 -1.012571
v -1.360897 -0.242367 -1.002113
v -1.318731 -0.414405 -1.002113
v -1.254911 -0.579638 -1.002113
v -1.170486 -0.735353 -1.002113
v -1.066842 -0.878995 -1.002113
v -0.953460 -1.016499 -1.012571
v -0.800117 -1.108565 -0.988174
v -0.644608 -1.188540 -0.974323
v -0.487973 -1.262881 -0.975968
v -0.319338 -1.302129 -0.963865
v -0.148891 -1.320635 -0.953093
v 0.021274 -1.332769 -0.956714
v 0.192320 -1.324551 -0.961773
v 0.365804 -1.309427 -0.981196
v 0.534711 -1.262441 -0.991723
v 0.697461 -1.193455 -1.002113
v 0.837402 -1.085462 -0.991655
v 0.961737 -0.961867 -0.981775
v 1.078335 -0.832139 -0.983509
v 1.174363 -0.686518 -0.981880
v 1.262879 -0.535100 -0.992233
v 1.317286 -0.368194 -0.988747
v 1.372239 -0.199435 -1.006108
v 1.381025 -0.022232 -1.001095
v 1.376711 0.155023 -1.004964
v 1.335555 0.327342 -0.995469
v 1.264928 0.488565 -0.977920
v 1.178628 0.639024 -0.963865
v 1.097229 0.791709 -0.975197
v 0.900148 0.844094 -1.103788
v 0.754272 0.936764 -1.068100
v 0.612236 1.025381 -1.058491
v 0.464535 1.102893 -1.061315
v 0.309078 1.166464 -1.072696
v 0.146980 1.225217 -1.103788
v -0.025397 1.254955 -1.127959
v -0.199622 1.238064 -1.126638
v -0.367241 1.189350 -1.116044
v -0.523357 1.114242 -1.100403
v -0.673337 1.030561 -1.100403
v -0.801313 0.916643 -1.084997
v -0.920188 0.795425 -1.083645
v -1.048793 0.676955 -1.120073
v -1.156437 0.535344 -1.149755
v -1.213345 0.367270 -1.142203
v -1.249551 0.194349 -1.138628
v -1.264439 0.018553 -1.138628
v -1.254715 -0.157604 -1.138628
v -1.210734 -0.328027 -1.127014
v -1.147141 -0.490703 -1.119382
v -1.067684 -0.645578 -1.119382
v -0.964737 -0.785682 -1.115401
v -0.852932 -0.919773 -1.127014
v -0.699158 -1.004436 -1.092174
v -0.549540 -1.085988 -1.084542
v -0.394163 -1.155161 -1.088468
v -0.228419 -1.192816 -1.081552
v -0.060117 -1.211579 -1.079933
v 0.110174 -1.220190 -1.093705
v 0.283253 -1.211521 -1.115401
v 0.455204 -1.176059 -1.134647
v 0.624187 -1.118712 -1.157419
v 0.767830 -1.013070 -1.146144
v 0.895753 -0.890784 -1.137148
v 1.006564 -0.754120 -1.130821
v 1.105879 -0.608984 -1.136229
v 1.186201 -0.451558 -1.143948
v 1.238431 -0.282289 -1.145035
v 1.278982 -0.108312 -1.160263
v 1.275531 0.070406 -1.153325
v 1.248479 0.246285 -1.147704
v 1.175809 0.408525 -1.116044
v 1.096782 0.562686 -1.102304
v 1.009407 0.710986 -1.104547
v 0.791351 0.742073 -1.193080
v 0.656442 0.845041 -1.172274
v 0.516847 0.938565 -1.174259
v 0.364670 1.010660 -1.178440
v 0.206187 1.076723 -1.209151
v 0.036071 1.122448 -1.246737
v -0.141630 1.127551 -1.265549
v -0.312176 1.077372 -1.244855
v -0.473101 1.007247 -1.232391
v -0.625628 0.921990 -1.234351
v -0.760459 0.810959 -1.230862
v -0.885820 0.688119 -1.244855
v -0.987610 0.543855 -1.252959
v -1.060587 0.382684 -1.253047
v -1.095890 0.209858 -1.236581
v -1.124179 0.036127 -1.249171
v -1.121741 -0.140900 -1.257319
v -1.080321 -0.313031 -1.249171
v -1.009945 -0.474369 -1.236581
v -0.923351 -0.626552 -1.236664
v -0.813926 -0.763242 -1.236581
v -0.679013 -0.874098 -1.223991
v -0.525273 -0.953866 -1.198811
v -0.371518 -1.029641 -1.206803
v -0.205381 -1.072514 -1.203127
v -0.034930 -1.086926 -1.196780
v 0.138038 -1.098956 -1.225040
v 0.316274 -1.091512 -1.265549
v 0.495737 -1.055439 -1.307232
v 0.656620 -0.967662 -1.311933
v 0.791598 -0.844165 -1.294849
v 0.906669 -0.704315 -1.281965
v 1.011152 -0.556819 -1.290735
v 1.096848 -0.395768 -1.307232
v 1.144966 -0.219255 -1.306817
v 1.177851 -0.037852 -1.324652
v 1.153171 0.144848 -1.301845
v 1.085588 0.314557 -1.256878
v 1.004250 0.471694 -1.227738
v 0.911020 0.618184 -1.215717
v 0.695498 0.652188 -1.303874
v 0.567868 0.765894 -1.303875
v 0.423244 0.857529 -1.308822
v 0.264660 0.923985 -1.317274
v 0.097445 0.976656 -1.352747
v -0.080343 1.001218 -1.392691
v -0.255168 0.960769 -1.374645
v -0.417179 0.888185 -1.352356
v -0.572026 0.803579 -1.361245
v -0.715480 0.697457 -1.383533
v -0.828560 0.558523 -1.383623
v -0.907998 0.398542 -1.370353
v -0.942412 0.224723 -1.330674
v -0.967393 0.052839 -1.330674
v -0.968913 -0.121704 -1.344074
v -0.931611 -0.292754 -1.344074
v -0.864367 -0.454396 -1.344074
v -0.773263 -0.604498 -1.352747
v -0.647833 -0.727169 -1.339481
v -0.504947 -0.826843 -1.330674
v -0.348215 -0.901185 -1.325947
v -0.182217 -0.951545 -1.330674
v -0.009432 -0.973844 -1.339481
v 0.167601 -0.977346 -1.370353
v 0.347044 -0.952640 -1.409151
v 0.510552 -0.873627 -1.405648
v 0.663165 -0.774059 -1.418569
v 0.788521 -0.641417 -1.413629
v 0.895801 -0.493299 -1.424412
v 0.985779 -0.330889 -1.454350
v 1.034372 -0.150330 -1.463769
v 1.033309 0.036381 -1.444103
v 0.973317 0.212257 -1.378331
v 0.894516 0.372130 -1.330674
v 0.807235 0.521697 -1.317274
v 0.594825 0.557784 -1.409430
v 0.471891 0.677936 -1.432586
v 0.324567 0.770584 -1.454827
v 0.158085 0.825526 -1.464425
v -0.017226 0.851188 -1.488180
v -0.196337 0.839768 -1.512408
v -0.365966 0.779152 -1.508908
v -0.520928 0.687309 -1.512408
v -0.645317 0.557822 -1.491757
v -0.738458 0.406653 -1.469897
v -0.794590 0.240516 -1.441775
v -0.818920 0.069352 -1.423488
v -0.809081 -0.101628 -1.409430
v -0.776329 -0.269729 -1.423488
v -0.706836 -0.427390 -1.432586
v -0.602530 -0.565010 -1.432586
v -0.474286 -0.681377 -1.441775
v -0.324697 -0.770891 -1.455558
v -0.157316 -0.821511 -1.455464
v 0.016883 -0.834257 -1.451056
v 0.191401 -0.818657 -1.464882
v 0.354746 -0.755264 -1.451056
v 0.507858 -0.670065 -1.464977
v 0.647722 -0.559901 -1.498726
v 0.758444 -0.417659 -1.519913
v 0.846260 -0.256156 -1.560118
v 0.872614 -0.073899 -1.541613
v 0.841961 0.105758 -1.482073
v 0.780249 0.271091 -1.432586
v 0.697797 0.421924 -1.409430
v 0.481893 0.451885 -1.482733
v 0.357428 0.575559 -1.530748
v 0.197705 0.653156 -1.544703
v 0.022307 0.694129 -1.579002
v -0.161159 0.689306 -1.617113
v -0.336097 0.627887 -1.629301
v -0.475485 0.507061 -1.580811
v -0.578334 0.359151 -1.540033
v -0.643597 0.194811 -1.516313
v -0.662038 0.021275 -1.487729
v -0.639993 -0.149630 -1.473154
v -0.582384 -0.311740 -1.482587
v -0.483175 -0.453087 -1.487729
v -0.352963 -0.568370 -1.506690
v -0.196272 -0.648424 -1.530649
v -0.021650 -0.673695 -1.520884
v 0.151553 -0.648217 -1.497163
v 0.312594 -0.583979 -1.487729
v 0.458739 -0.489202 -1.511216
v 0.581339 -0.361017 -1.550090
v 0.658356 -0.199278 -1.560147
v 0.680631 -0.021873 -1.540611
v 0.649752 0.151911 -1.501644
v 0.579458 0.310174 -1.473154
v 0.367977 0.345062 -1.556641
v 0.240168 0.453728 -1.591367
v 0.080783 0.513178 -1.615231
v -0.092062 0.522032 -1.656482
v -0.252515 0.456512 -1.623796
v -0.378055 0.341644 -1.576501
v -0.462603 0.197856 -1.551511
v -0.498110 0.036659 -1.537172
v -0.479309 -0.126087 -1.522207
v -0.412398 -0.274886 -1.522206
v -0.303129 -0.396951 -1.537172
v -0.158602 -0.476228 -1.546858
v 0.004624 -0.501923 -1.546858
v 0.166518 -0.470882 -1.537172
v 0.310391 -0.391300 -1.537172
v 0.424837 -0.272009 -1.556641
v 0.490139 -0.119327 -1.556641
v 0.502327 0.046287 -1.556641
v 0.457790 0.205854 -1.546858
v 0.247428 0.232021 -1.602066
v 0.098986 0.327019 -1.616804
v -0.078161 0.334305 -1.626617
v -0.230865 0.246196 -1.592006
v -0.319847 0.096815 -1.572184
v -0.324549 -0.075880 -1.566961
v -0.243767 -0.228588 -1.572184
v -0.096815 -0.319847 -1.572184
v 0.076456 -0.327016 -1.582046
v 0.228588 -0.243767 -1.572184
v 0.319847 -0.096815 -1.572184
v 0.327016 0.076456 -1.582046
v 0.122742 0.115099 -1.603029
v -0.038307 0.163847 -1.603029
v -0.160257 0.048508 -1.593063
v -0.122138 -0.114533 -1.593063
v 0.038307 -0.163847 -1.603029
v 0.161049 -0.048748 -1.603029
v 0.000000 0.000000 -1.594704
f 1 2 3
f 1 3 4
f 1 4 5
f 1 5 6
f 1 6 7
f 1 7 2
f 2 8 9
f 2 9 3
f 3 9 10
f 3 10 11
f 3 11 4
f 4 11 12
f 4 12 13
f 4 13 5
f 5 13 14
f 5 14 15
f 5 15 6
f 6 15 16
f 6 16 17
f 6 17 7
f 7 17 18
f 7 18 19
f 7 19 2
f 2 19 8
f 8 20 21
f 8 21 9
f 9 21 22
f 9 22 23
f 9 23 10
f 10 23 24
f 10 24 11
f 11 24 25
f 11 25 26
f 11 26 12
f 12 26 27
f 12 27 13
f 13 27 28
f 13 28 29
f 13 29 14
f 14 29 30
f 14 30 31
f 14 31 15
f 15 31 32
f 15 32 16
f 16 32 33
f 16 33 34
f 16 34 17
f 17 34 35
f 17 35 18
f 18 35 36
f 18 36 37
f 18 37 19
f 19 37 38
f 19 38 8
f 8 38 20
f 20 39 40
f 20 40 21
f 21 40 41
f 21 41 22
f 22 41 42
f 22 42 23
f 23 42 43
f 23 43 44
f 23 44 24
f 24 44 45
f 24 45 25
f 25 45 46
f 25 46 26
f 26 46 47
f 26 47 27
f 27 47 48
f 27 48 49
f 27 49 28
f 28 49 50
f 28 50 29
f 29 50 51
f 29 51 30
f 30 51 52
f 30 52 31
f 31 52 53
f 31 53 54
f 31 54 32
f 32 54 55
f 32 55 33
f 33 55 56
f 33 56 34
f 34 56 57
f 34 57 35
f 35 57 58
f 35 58 59
f 35 59 36
f 36 59 60
f 36 60 37
f 37 60 61
f 37 61 38
f 38 61 62
f 38 62 20
f 20 62 39
f 39 63 64
f 39 64 40
f 40 64 65
f 40 65 41
f 41 65 66
f 41 66 42
f 42 66 67
f 42 67 43
f 43 67 68
f 43 68 69
f 43 69 44
f 44 69 70
f 44 70 45
f 45 70 71
f 45 71 46
f 46 71 72
f 46 72 47
f 47 72 73
f 47 73 74
f 47 74 48
f 48 74 75
f 48 75 49
f 49 75 76
f 49 76 50
f 50 76 77
f 50 77 51
f 51 77 78
f 51 78 79
f 51 79 52
f 52 79 80
f 52 80 53
f 53 80 81
f 53 81 54
f 54 81 82
f 54 82 55
f 55 82 83
f 55 83 84
f 55 84 56
f 56 84 85
f 56 85 57
f 57 85 86
f 57 86 58
f 58 86 87
f 58 87 59
f 59 87 88
f 59 88 89
f 59 89 60
f 60 89 90
f 60 90 61
f 61 90 91
f 61 91 62
f 62 91 92
f 62 92 39
f 39 92 63
f 63 93 94
f 63 94 64
f 64 94 95
f 64 95 65
f 65 95 96
f 65 96 66
f 66 96 97
f 66 97 67
f 67 97 98
f 67 98 68
f 68 98 99
f 68 99 69
f 69 99 100
f 69 100 101
f 69 101 70
f 70 101 102
f 70 102 71
f 71 102 103
f 71 103 72
f 72 103 104
f 72 104 73
f 73 104 105
f 73 105 74
f 74 105 106
f 74 106 75
f 75 106 107
f 75 107 108
f 75 108 76
f 76 108 109
f 76 109 77
f 77 109 110
f 77 110 78
f 78 110 111
f 78 111 79
f 79 111 112
f 79 112 80
f 80 112 113
f 80 113 81
f 81 113 114
f 81 114 115
f 81 115 82
f 82 115 116
f 82 116 83
f 83 116 117
f 83 117 84
f 84 117 118
f 84 118 85
f 85 118 119
f 85 119 86
f 86 119 120
f 86 120 87
f 87 120 121
f 87 121 122
f 87 122 88
f 88 122 123
f 88 123 89
f 89 123 124
f 89 124 90
f 90 124 125
f 90 125 91
f 91 125 126
f 91 126 92
f 92 126 127
f 92 127 63
f 63 127 93
f 93 128 129
f 93 129 94
f 94 129 130
f 94 130 95
f 95 130 131
f 95 131 96
f 96 131 132
f 96 132 97
f 97 132 133
f 97 133 98
f 98 133 134
f 98 134 99
f 99 134 135
f 99 135 100
f 100 135 136
f 100 136 137
f 100 137 101
f 101 137 138
f 101 138 102
f 102 138 139
f 102 139 103
f 103 139 140
f 103 140 104
f 104 140 141
f 104 141 105
f 105 141 142
f 105 142 106
f 106 142 143
f 106 143 107
f 107 143 144
f 107 144 145
f 107 145 108
f 108 145 146
f 108 146 109
f 109 146 147
f 109 147 110
f 110 147 148
f 110 148 111
f 111 148 149
f 111 149 112
f 112 149 150
f 112 150 113
f 113 150 151
f 113 151 114
f 114 151 152
f 114 152 153
f 114 153 115
f 115 153 154
f 115 154 116
f 116 154 155
f 116 155 117
f 117 155 156
f 117 156 118
f 118 156 157
f 118 157 119
f 119 157 158
f 119 158 120
f 120 158 159
f 120 159 121
f 121 159 160
f 121 160 161
f 121 161 122
f 122 161 162
f 122 162 123
f 123 162 163
f 123 163 124
f 124 163 164
f 124 164 125
f 125 164 165
f 125 165 126
f 126 165 166
f 126 166 127
f 127 166 167
f 127 167 93
f 93 167 128
f 128 168 169
f 128 169 129
f 129 169 170
f 129 170 130
f 130 170 171
f 130 171 131
f 131 171 172
f 131 172 132
f 132 172 173
f 132 173 133
f 133 173 174
f 133 174 134
f 134 174 175
f 134 175 135
f 135 175 176
f 135 176 136
f 136 176 177
f 136 177 178
f 136 178 137
f 137 178 179
f 137 179 138
f 138 179 180
f 138 180 139
f 139 180 181
f 139 181 140
f 140 181 182
f 140 182 141
f 141 182 183
f 141 183 142
f 142 183 184
f 142 184 143
f 143 184 185
f 143 185 144
f 144 185 186
f 144 186 187
f 144 187 145
f 145 187 188
f 145 188 146
f 146 188 189
f 146 189 147
f 147 189 190
f 147 190 148
f 148 190 191
f 148 191 149
f 149 191 192
f 149 192 150
f 150 192 193
f 150 193 151
f 151 193 194
f 151 194 195
f 151 195 152
f 152 195 196
f 152 196 153
f 153 196 197
f 153 197 154
f 154 197 198
f 154 198 155
f 155 198 199
f 155 199 156
f 156 199 200
f 156 200 157
f 157 200 201
f 157 201 158
f 158 201 202
f 158 202 159
f 159 202 203
f 159 203 160
f 160 203 204
f 160 204 205
f 160 205 161
f 161 205 206
f 161 206 162
f 162 206 207
f 162 207 163
f 163 207 208
f 163 208 164
f 164 208 209
f 164 209 165
f 165 209 210
f 165 210 166
f 166 210 211
f 166 211 167
f 167 211 212
f 167 212 168
f 167 168 128
f 168 213 214
f 168 214 169
f 169 214 215
f 169 215 170
f 170 215 216
f 170 216 171
f 171 216 217
f 171 217 172
f 172 217 218
f 172 218 173
f 173 218 219
f 173 219 174
f 174 219 220
f 174 220 175
f 175 220 221
f 175 221 176
f 176 221 222
f 176 222 177
f 177 222 223
f 177 223 178
f 178 223 224
f 178 224 179
f 179 224 225
f 179 225 226
f 179 226 180
f 180 226 227
f 180 227 181
f 181 227 228
f 181 228 182
f 182 228 229
f 182 229 183
f 183 229 230
f 183 230 184
f 184 230 231
f 184 231 185
f 185 231 232
f 185 232 186
f 186 232 233
f 186 233 187
f 187 233 234
f 187 234 188
f 188 234 235
f 188 235 189
f 189 235 236
f 189 236 190
f 190 236 237
f 190 237 238
f 190 238 191
f 191 238 239
f 191 239 192
f 192 239 240
f 192 240 193
f 193 240 241
f 193 241 194
f 194 241 242
f 194 242 195
f 195 242 243
f 195 243 196
f 196 243 244
f 196 244 197
f 197 244 245
f 197 245 198
f 198 245 246
f 198 246 199
f 199 246 247
f 199 247 200
f 200 247 248
f 200 248 201
f 201 248 249
f 201 249 250
f 201 250 202
f 202 250 251
f 202 251 203
f 203 251 252
f 203 252 204
f 204 252 253
f 204 253 205
f 205 253 254
f 205 254 206
f 206 254 255
f 206 255 207
f 207 255 256
f 207 256 208
f 208 256 257
f 208 257 209
f 209 257 258
f 209 258 210
f 210 258 259
f 210 259 211
f 211 259 260
f 211 260 212
f 212 260 261
f 212 261 168
f 168 261 213
f 213 262 263
f 213 263 214
f 214 263 264
f 214 264 215
f 215 264 265
f 215 265 216
f 216 265 266
f 216 266 217
f 217 266 267
f 217 267 218
f 218 267 268
f 218 268 219
f 219 268 269
f 219 269 220
f 220 269 270
f 220 270 221
f 221 270 271
f 221 271 222
f 222 271 272
f 222 272 223
f 223 272 273
f 223 273 224
f 224 273 274
f 224 274 225
f 225 274 275
f 225 275 226
f 226 275 276
f 226 276 227
f 227 276 277
f 227 277 228
f 228 277 278
f 228 278 229
f 229 278 279
f 229 279 280
f 229 280 230
f 230 280 281
f 230 281 231
f 231 281 282
f 231 282 232
f 232 282 283
f 232 283 233
f 233 283 284
f 233 284 234
f 234 284 285
f 234 285 235
f 235 285 286
f 235 286 236
f 236 286 287
f 236 287 237
f 237 287 288
f 237 288 238
f 238 288 289
f 238 289 239
f 239 289 290
f 239 290 240
f 240 290 291
f 240 291 241
f 241 291 292
f 241 292 242
f 242 292 293
f 242 293 243
f 243 293 294
f 243 294 244
f 244 294 295
f 244 295 245
f 245 295 296
f 245 296 297
f 245 297 246
f 246 297 298
f 246 298 247
f 247 298 299
f 247 299 248
f 248 299 300
f 248 300 249
f 249 300 301
f 249 301 250
f 250 301 302
f 250 302 251
f 251 302 303
f 251 303 252
f 252 303 304
f 252 304 253
f 253 304 305
f 253 305 254
f 254 305 306
f 254 306 255
f 255 306 307
f 255 307 256
f 256 307 308
f 256 308 257
f 257 308 309
f 257 309 258
f 258 309 310
f 258 310 259
f 259 310 311
f 259 311 260
f 260 311 312
f 260 312 261
f 261 312 313
f 261 313 213
f 213 313 262
f 262 314 315
f 262 315 263
f 263 315 316
f 263 316 264
f 264 316 317
f 264 317 265
f 265 317 318
f 265 318 266
f 266 318 319
f 266 319 267
f 267 319 320
f 267 320 268
f 268 320 321
f 268 321 269
f 269 321 322
f 269 322 270
f 270 322 323
f 270 323 271
f 271 323 324
f 271 324 272
f 272 324 325
f 272 325 273
f 273 325 326
f 273 326 274
f 274 326 327
f 274 327 275
f 275 327 328
f 275 328 276
f 276 328 329
f 276 329 277
f 277 329 330
f 277 330 278
f 278 330 331
f 278 331 279
f 279 331 332
f 279 332 333
f 279 333 280
f 280 333 334
f 280 334 281
f 281 334 335
f 281 335 282
f 282 335 336
f 282 336 283
f 283 336 337
f 283 337 284
f 284 337 338
f 284 338 285
f 285 338 339
f 285 339 286
f 286 339 340
f 286 340 287
f 287 340 341
f 287 341 288
f 288 341 342
f 288 342 289
f 289 342 343
f 289 343 290
f 290 343 344
f 290 344 291
f 291 344 345
f 291 345 292
f 292 345 346
f 292 346 293
f 293 346 347
f 293 347 294
f 294 347 348
f 294 348 295
f 295 348 349
f 295 349 296
f 296 349 350
f 296 350 351
f 296 351 297
f 297 351 352
f 297 352 298
f 298 352 353
f 298 353 299
f 299 353 354
f 299 354 300
f 300 354 355
f 300 355 301
f 301 355 356
f 301 356 302
f 302 356 357
f 302 357 303
f 303 357 358
f 303 358 304
f 304 358 359
f 304 359 305
f 305 359 360
f 305 360 306
f 306 360 361
f 306 361 307
f 307 361 362
f 307 362 308
f 308 362 363
f 308 363 309
f 309 363 364
f 309 364 310
f 310 364 365
f 310 365 311
f 311 365 366
f 311 366 312
f 312 366 367
f 312 367 313
f 313 367 368
f 313 368 262
f 262 368 314
f 314 369 370
f 314 370 315
f 315 370 371
f 315 371 316
f 316 371 372
f 316 372 317
f 317 372 373
f 317 373 318
f 318 373 374
f 318 374 319
f 319 374 375
f 319 375 320
f 320 375 376
f 320 376 321
f 321 376 377
f 321 377 322
f 322 377 378
f 322 378 323
f 323 378 379
f 323 379 324
f 324 379 380
f 324 380 325
f 325 380 381
f 325 381 326
f 326 381 382
f 326 382 327
f 327 382 383
f 327 383 328
f 328 383 384
f 328 384 329
f 329 384 385
f 329 385 330
f 330 385 386
f 330 386 331
f 331 386 387
f 331 387 332
f 332 387 388
f 332 388 333
f 333 388 389
f 333 389 334
f 334 389 390
f 334 390 335
f 335 390 391
f 335 391 336
f 336 391 392
f 336 392 337
f 337 392 393
f 337 393 338
f 338 393 394
f 338 394 339
f 339 394 395
f 339 395 340
f 340 395 396
f 340 396 341
f 341 396 397
f 341 397 398
f 341 398 342
f 342 398 399
f 342 399 343
f 343 399 400
f 343 400 344
f 344 400 401
f 344 401 345
f 345 401 402
f 345 402 346
f 346 402 403
f 346 403 347
f 347 403 404
f 347 404 348
f 348 404 405
f 348 405 349
f 349 405 406
f 349 406 350
f 350 406 407
f 350 407 351
f 351 407 408
f 351 408 352
f 352 408 409
f 352 409 353
f 353 409 410
f 353 410 354
f 354 410 411
f 354 411 355
f 355 411 412
f 355 412 356
f 356 412 413
f 356 413 357
f 357 413 414
f 357 414 358
f 358 414 415
f 358 415 359
f 359 415 416
f 359 416 360
f 360 416 417
f 360 417 361
f 361 417 418
f 361 418 362
f 362 418 419
f 362 419 363
f 363 419 420
f 363 420 364
f 364 420 421
f 364 421 365
f 365 421 422
f 365 422 366
f 366 422 423
f 366 423 367
f 367 423 424
f 367 424 368
f 368 424 425
f 368 425 314
f 314 425 369
f 369 426 427
f 369 427 370
f 370 427 428
f 370 428 371
f 371 428 429
f 371 429 372
f 372 429 430
f 372 430 373
f 373 430 431
f 373 431 374
f 374 431 432
f 374 432 375
f 375 432 433
f 375 433 376
f 376 433 434
f 376 434 377
f 377 434 435
f 377 435 378
f 378 435 436
f 378 436 379
f 379 436 437
f 379 437 380
f 380 437 438
f 380 438 381
f 381 438 439
f 381 439 382
f 382 439 440
f 382 440 383
f 383 440 441
f 383 441 384
f 384 441 442
f 384 442 385
f 385 442 443
f 385 443 386
f 386 443 444
f 386 444 387
f 387 444 445
f 387 445 388
f 388 445 446
f 388 446 389
f 389 446 447
f 389 447 390
f 390 447 448
f 390 448 391
f 391 448 449
f 391 449 392
f 392 449 450
f 392 450 393
f 393 450 451
f 393 451 394
f 394 451 452
f 394 452 395
f 395 452 453
f 395 453 396
f 396 453 454
f 396 454 397
f 397 454 455
f 397 455 456
f 397 456 398
f 398 456 457
f 398 457 399
f 399 457 458
f 399 458 400
f 400 458 459
f 400 459 401
f 401 459 460
f 401 460 402
f 402 460 461
f 402 461 403
f 403 461 462
f 403 462 404
f 404 462 463
f 404 463 405
f 405 463 464
f 405 464 406
f 406 464 465
f 406 465 407
f 407 465 466
f 407 466 408
f 408 466 467
f 408 467 409
f 409 467 468
f 409 468 410
f 410 468 469
f 410 469 411
f 411 469 470
f 411 470 412
f 412 470 471
f 412 471 413
f 413 471 472
f 413 472 414
f 414 472 473
f 414 473 415
f 415 473 474
f 415 474 416
f 416 474 475
f 416 475 417
f 417 475 476
f 417 476 418
f 418 476 477
f 418 477 419
f 419 477 478
f 419 478 420
f 420 478 479
f 420 479 421
f 421 479 480
f 421 480 422
f 422 480 481
f 422 481 423
f 423 481 482
f 423 482 424
f 424 482 483
f 424 483 425
f 425 483 484
f 425 484 369
f 369 484 426
f 426 485 486
f 426 486 427
f 427 486 487
f 427 487 428
f 428 487 488
f 428 488 429
f 429 488 489
f 429 489 430
f 430 489 490
f 430 490 431
f 431 490 491
f 431 491 432
f 432 491 492
f 432 492 433
f 433 492 493
f 433 493 434
f 434 493 494
f 434 494 435
f 435 494 495
f 435 495 436
f 436 495 496
f 436 496 437
f 437 496 497
f 437 497 438
f 438 497 498
f 438 498 439
f 439 498 499
f 439 499 440
f 440 499 500
f 440 500 441
f 441 500 501
f 441 501 442
f 442 501 502
f 442 502 443
f 443 502 503
f 443 503 444
f 444 503 504
f 444 504 445
f 445 504 505
f 445 505 446
f 446 505 506
f 446 506 447
f 447 506 507
f 447 507 448
f 448 507 508
f 448 508 449
f 449 508 509
f 449 509 450
f 450 509 510
f 450 510 451
f 451 510 511
f 451 511 452
f 452 511 512
f 452 512 453
f 453 512 513
f 453 513 454
f 454 513 514
f 454 514 455
f 455 514 515
f 455 515 456
f 456 515 516
f 456 516 457
f 457 516 517
f 457 517 458
f 458 517 518
f 458 518 459
f 459 518 519
f 459 519 460
f 460 519 520
f 460 520 461
f 461 520 521
f 461 521 462
f 462 521 522
f 462 522 463
f 463 522 523
f 463 523 464
f 464 523 524
f 464 524 465
f 465 524 525
f 465 525 466
f 466 525 526
f 466 526 467
f 467 526 527
f 467 527 468
f 468 527 528
f 468 528 469
f 469 528 529
f 469 529 470
f 470 529 530
f 470 530 471
f 471 530 531
f 471 531 472
f 472 531 532
f 472 532 473
f 473 532 533
f 473 533 474
f 474 533 534
f 474 534 475
f 475 534 535
f 475 535 476
f 476 535 536
f 476 536 477
f 477 536 537
f 477 537 478
f 478 537 538
f 478 538 479
f 479 538 539
f 479 539 480
f 480 539 540
f 480 540 481
f 481 540 541
f 481 541 482
f 482 541 542
f 482 542 483
f 483 542 543
f 483 543 484
f 484 543 544
f 484 544 426
f 426 544 485
f 485 545 486
f 486 545 546
f 486 546 487
f 487 546 547
f 487 547 488
f 488 547 548
f 488 548 489
f 489 548 549
f 489 549 490
f 490 549 550
f 490 550 491
f 491 550 551
f 491 551 492
f 492 551 552
f 492 552 493
f 493 552 553
f 493 553 494
f 494 553 554
f 494 554 495
f 495 554 555
f 495 555 496
f 496 555 556
f 496 556 497
f 497 556 557
f 497 557 498
f 498 557 558
f 498 558 499
f 499 558 559
f 499 559 500
f 500 559 560
f 500 560 501
f 501 560 561
f 501 561 502
f 502 561 562
f 502 562 503
f 503 562 563
f 503 563 504
f 504 563 564
f 504 564 505
f 505 564 565
f 505 565 506
f 506 565 566
f 506 566 507
f 507 566 567
f 507 567 508
f 508 567 568
f 508 568 509
f 509 568 569
f 509 569 510
f 510 569 570
f 510 570 511
f 511 570 571
f 511 571 512
f 512 571 572
f 512 572 513
f 513 572 573
f 513 573 514
f 514 573 574
f 514 574 515
f 515 574 575
f 515 575 516
f 516 575 576
f 516 576 517
f 517 576 577
f 517 577 518
f 518 577 578
f 518 578 519
f 519 578 579
f 519 579 520
f 520 579 580
f 520 580 521
f 521 580 581
f 521 581 522
f 522 581 582
f 522 582 523
f 523 582 583
f 523 583 524
f 524 583 584
f 524 584 525
f 525 584 585
f 525 585 526
f 526 585 586
f 526 586 527
f 527 586 587
f 527 587 528
f 528 587 588
f 528 588 529
f 529 588 589
f 529 589 530
f 530 589 590
f 530 590 531
f 531 590 591
f 531 591 532
f 532 591 592
f 532 592 533
f 533 592 593
f 533 593 534
f 534 593 594
f 534 594 535
f 535 594 595
f 535 595 536
f 536 595 596
f 536 596 537
f 537 596 597
f 537 597 538
f 538 597 598
f 538 598 539
f 539 598 599
f 539 599 540
f 540 599 600
f 540 600 541
f 541 600 601
f 541 601 542
f 542 601 602
f 542 602 543
f 543 602 603
f 543 603 544
f 544 603 604
f 544 604 485
f 485 604 545
f 545 605 546
f 546 605 606
f 546 606 547
f 547 606 607
f 547 607 548
f 548 607 608
f 548 608 549
f 549 608 609
f 549 609 550
f 550 609 610
f 550 610 551
f 551 610 611
f 551 611 552
f 552 611 612
f 552 612 553
f 553 612 613
f 553 613 554
f 554 613 614
f 554 614 555
f 555 614 615
f 555 615 556
f 556 615 616
f 556 616 557
f 557 616 617
f 557 617 558
f 558 617 618
f 558 618 559
f 559 618 619
f 559 619 560
f 560 619 620
f 560 620 561
f 561 620 621
f 561 621 562
f 562 621 622
f 562 622 563
f 563 622 623
f 563 623 564
f 564 623 624
f 564 624 565
f 565 624 625
f 565 625 566
f 566 625 626
f 566 626 567
f 567 626 627
f 567 627 568
f 568 627 628
f 568 628 569
f 569 628 629
f 569 629 570
f 570 629 630
f 570 630 571
f 571 630 631
f 571 631 572
f 572 631 632
f 572 632 573
f 573 632 633
f 573 633 574
f 574 633 634
f 574 634 575
f 575 634 635
f 575 635 576
f 576 635 636
f 576 636 577
f 577 636 637
f 577 637 578
f 578 637 638
f 578 638 579
f 579 638 639
f 579 639 580
f 580 639 640
f 580 640 581
f 581 640 641
f 581 641 582
f 582 641 642
f 582 642 583
f 583 642 643
f 583 643 584
f 584 643 644
f 584 644 585
f 585 644 645
f 585 645 586
f 586 645 646
f 586 646 587
f 587 646 647
f 587 647 588
f 588 647 648
f 588 648 589
f 589 648 649
f 589 649 590
f 590 649 650
f 590 650 591
f 591 650 651
f 591 651 592
f 592 651 652
f 592 652 593
f 593 652 653
f 593 653 594
f 594 653 654
f 594 654 595
f 595 654 655
f 595 655 596
f 596 655 656
f 596 656 597
f 597 656 657
f 597 657 598
f 598 657 658
f 598 658 599
f 599 658 659
f 599 659 600
f 600 659 660
f 600 660 601
f 601 660 661
f 601 661 602
f 602 661 662
f 602 662 603
f 603 662 663
f 603 663 604
f 604 663 664
f 604 664 545
f 545 664 605
f 605 665 606
f 606 665 666
f 606 666 607
f 607 666 667
f 607 667 608
f 608 667 668
f 608 668 609
f 609 668 669
f 609 669 610
f 610 669 670
f 610 670 611
f 611 670 671
f 611 671 612
f 612 671 672
f 612 672 613
f 613 672 673
f 613 673 614
f 614 673 674
f 614 674 615
f 615 674 675
f 615 675 616
f 616 675 676
f 616 676 617
f 617 676 677
f 617 677 618
f 618 677 678
f 618 678 619
f 619 678 679
f 619 679 620
f 620 679 680
f 620 680 621
f 621 680 681
f 621 681 622
f 622 681 682
f 622 682 623
f 623 682 683
f 623 683 624
f 624 683 684
f 624 684 625
f 625 684 685
f 625 685 626
f 626 685 686
f 626 686 627
f 627 686 687
f 627 687 628
f 628 687 688
f 628 688 629
f 629 688 689
f 629 689 630
f 630 689 690
f 630 690 631
f 631 690 691
f 631 691 632
f 632 691 692
f 632 692 633
f 633 692 693
f 633 693 634
f 634 693 694
f 634 694 635
f 635 694 695
f 635 695 636
f 636 695 696
f 636 696 637
f 637 696 697
f 637 697 638
f 638 697 698
f 638 698 639
f 639 698 699
f 639 699 640
f 640 699 700
f 640 700 641
f 641 700 701
f 641 701 642
f 642 701 702
f 642 702 643
f 643 702 703
f 643 703 644
f 644 703 704
f 644 704 645
f 645 704 705
f 645 705 646
f 646 705 706
f 646 706 647
f 647 706 707
f 647 707 648
f 648 707 708
f 648 708 649
f 649 708 709
f 649 709 650
f 650 709 710
f 650 710 651
f 651 710 711
f 651 711 652
f 652 711 712
f 652 712 653
f 653 712 713
f 653 713 654
f 654 713 714
f 654 714 655
f 655 714 715
f 655 715 656
f 656 715 716
f 656 716 657
f 657 716 717
f 657 717 658
f 658 717 718
f 658 718 659
f 659 718 719
f 659 719 660
f 660 719 720
f 660 720 661
f 661 720 721
f 661 721 662
f 662 721 722
f 662 722 663
f 663 722 723
f 663 723 664
f 664 723 605
f 605 723 665
f 665 724 666
f 666 724 725
f 666 725 667
f 667 725 726
f 667 726 668
f 668 726 727
f 668 727 669
f 669 727 728
f 669 728 670
f 670 728 729
f 670 729 671
f 671 729 730
f 671 730 672
f 672 730 731
f 672 731 673
f 673 731 732
f 673 732 674
f 674 732 733
f 674 733 675
f 675 733 734
f 675 734 676
f 676 734 735
f 676 735 677
f 677 735 736
f 677 736 678
f 678 736 737
f 678 737 679
f 679 737 738
f 679 738 680
f 680 738 739
f 680 739 681
f 681 739 740
f 681 740 682
f 682 740 741
f 682 741 683
f 683 741 742
f 683 742 684
f 684 742 743
f 684 743 685
f 685 743 744
f 685 744 686
f 686 744 745
f 686 745 687
f 687 745 746
f 687 746 688
f 688 746 747
f 688 747 689
f 689 747 748
f 689 748 690
f 690 748 749
f 690 749 691
f 691 749 750
f 691 750 692
f 692 750 751
f 692 751 693
f 693 751 752
f 693 752 694
f 694 752 695
f 695 752 753
f 695 753 696
f 696 753 754
f 696 754 697
f 697 754 755
f 697 755 698
f 698 755 756
f 698 756 699
f 699 756 757
f 699 757 700
f 700 757 758
f 700 758 701
f 701 758 759
f 701 759 702
f 702 759 760
f 702 760 703
f 703 760 761
f 703 761 704
f 704 761 762
f 704 762 705
f 705 762 763
f 705 763 706
f 706 763 764
f 706 764 707
f 707 764 765
f 707 765 708
f 708 765 766
f 708 766 709
f 709 766 767
f 709 767 710
f 710 767 768
f 710 768 711
f 711 768 769
f 711 769 712
f 712 769 770
f 712 770 713
f 713 770 771
f 713 771 714
f 714 771 772
f 714 772 715
f 715 772 773
f 715 773 716
f 716 773 774
f 716 774 717
f 717 774 775
f 717 775 718
f 718 775 776
f 718 776 719
f 719 776 777
f 719 777 720
f 720 777 778
f 720 778 721
f 721 778 779
f 721 779 722
f 722 779 780
f 722 780 723
f 723 780 665
f 665 780 724
f 724 781 725
f 725 781 782
f 725 782 726
f 726 782 783
f 726 783 727
f 727 783 784
f 727 784 728
f 728 784 785
f 728 785 729
f 729 785 786
f 729 786 730
f 730 786 787
f 730 787 731
f 731 787 788
f 731 788 732
f 732 788 789
f 732 789 733
f 733 789 790
f 733 790 734
f 734 790 791
f 734 791 735
f 735 791 792
f 735 792 736
f 736 792 793
f 736 793 737
f 737 793 794
f 737 794 738
f 738 794 795
f 738 795 739
f 739 795 796
f 739 796 740
f 740 796 797
f 740 797 741
f 741 797 798
f 741 798 742
f 742 798 799
f 742 799 743
f 743 799 800
f 743 800 744
f 744 800 801
f 744 801 745
f 745 801 802
f 745 802 746
f 746 802 803
f 746 803 747
f 747 803 804
f 747 804 748
f 748 804 805
f 748 805 749
f 749 805 806
f 749 806 750
f 750 806 807
f 750 807 751
f 751 807 808
f 751 808 752
f 752 808 753
f 753 808 809
f 753 809 754
f 754 809 810
f 754 810 755
f 755 810 811
f 755 811 756
f 756 811 812
f 756 812 757
f 757 812 813
f 757 813 758
f 758 813 814
f 758 814 759
f 759 814 815
f 759 815 760
f 760 815 816
f 760 816 761
f 761 816 817
f 761 817 762
f 762 817 818
f 762 818 763
f 763 818 819
f 763 819 764
f 764 819 820
f 764 820 765
f 765 820 821
f 765 821 766
f 766 821 822
f 766 822 767
f 767 822 823
f 767 823 768
f 768 823 824
f 768 824 769
f 769 824 825
f 769 825 770
f 770 825 826
f 770 826 771
f 771 826 827
f 771 827 772
f 772 827 828
f 772 828 773
f 773 828 829
f 773 829 774
f 774 829 830
f 774 830 775
f 775 830 831
f 775 831 776
f 776 831 832
f 776 832 777
f 777 832 833
f 777 833 778
f 778 833 834
f 778 834 779
f 779 834 835
f 779 835 780
f 780 835 724
f 724 835 781
f 781 836 782
f 782 836 837
f 782 837 783
f 783 837 838
f 783 838 784
f 784 838 839
f 784 839 785
f 785 839 840
f 785 840 786
f 786 840 841
f 786 841 787
f 787 841 842
f 787 842 788
f 788 842 843
f 788 843 789
f 789 843 844
f 789 844 790
f 790 844 845
f 790 845 791
f 791 845 846
f 791 846 792
f 792 846 847
f 792 847 793
f 793 847 848
f 793 848 794
f 794 848 849
f 794 849 795
f 795 849 850
f 795 850 796
f 796 850 851
f 796 851 797
f 797 851 852
f 797 852 798
f 798 852 853
f 798 853 799
f 799 853 800
f 800 853 854
f 800 854 801
f 801 854 855
f 801 855 802
f 802 855 856
f 802 856 803
f 803 856 857
f 803 857 804
f 804 857 858
f 804 858 805
f 805 858 859
f 805 859 806
f 806 859 860
f 806 860 807
f 807 860 861
f 807 861 808
f 808 861 862
f 808 862 809
f 809 862 863
f 809 863 810
f 810 863 864
f 810 864 811
f 811 864 865
f 811 865 812
f 812 865 866
f 812 866 813
f 813 866 867
f 813 867 814
f 814 867 868
f 814 868 815
f 815 868 869
f 815 869 816
f 816 869 870
f 816 870 817
f 817 870 818
f 818 870 871
f 818 871 819
f 819 871 872
f 819 872 820
f 820 872 873
f 820 873 821
f 821 873 874
f 821 874 822
f 822 874 875
f 822 875 823
f 823 875 876
f 823 876 824
f 824 876 877
f 824 877 825
f 825 877 878
f 825 878 826
f 826 878 879
f 826 879 827
f 827 879 880
f 827 880 828
f 828 880 881
f 828 881 829
f 829 881 882
f 829 882 830
f 830 882 883
f 830 883 831
f 831 883 884
f 831 884 832
f 832 884 885
f 832 885 833
f 833 885 886
f 833 886 834
f 834 886 887
f 834 887 835
f 835 887 781
f 781 887 836
f 836 888 837
f 837 888 889
f 837 889 838
f 838 889 890
f 838 890 839
f 839 890 891
f 839 891 840
f 840 891 892
f 840 892 841
f 841 892 893
f 841 893 842
f 842 893 894
f 842 894 843
f 843 894 895
f 843 895 844
f 844 895 896
f 844 896 845
f 845 896 897
f 845 897 846
f 846 897 898
f 846 898 847
f 847 898 899
f 847 899 848
f 848 899 900
f 848 900 849
f 849 900 901
f 849 901 850
f 850 901 902
f 850 902 851
f 851 902 903
f 851 903 852
f 852 903 904
f 852 904 853
f 853 904 854
f 854 904 905
f 854 905 855
f 855 905 906
f 855 906 856
f 856 906 907
f 856 907 857
f 857 907 908
f 857 908 858
f 858 908 909
f 858 909 859
f 859 909 910
f 859 910 860
f 860 910 911
f 860 911 861
f 861 911 912
f 861 912 862
f 862 912 913
f 862 913 863
f 863 913 914
f 863 914 864
f 864 914 915
f 864 915 865
f 865 915 916
f 865 916 866
f 866 916 917
f 866 917 867
f 867 917 918
f 867 918 868
f 868 918 919
f 868 919 869
f 869 919 920
f 869 920 870
f 870 920 871
f 871 920 921
f 871 921 872
f 872 921 922
f 872 922 873
f 873 922 923
f 873 923 874
f 874 923 924
f 874 924 875
f 875 924 925
f 875 925 876
f 876 925 926
f 876 926 877
f 877 926 927
f 877 927 878
f 878 927 928
f 878 928 879
f 879 928 929
f 879 929 880
f 880 929 930
f 880 930 881
f 881 930 931
f 881 931 882
f 882 931 932
f 882 932 883
f 883 932 933
f 883 933 884
f 884 933 934
f 884 934 885
f 885 934 935
f 885 935 886
f 886 935 936
f 886 936 887
f 887 936 836
f 836 936 888
f 888 937 889
f 889 937 938
f 889 938 890
f 890 938 939
f 890 939 891
f 891 939 940
f 891 940 892
f 892 940 941
f 892 941 893
f 893 941 942
f 893 942 894
f 894 942 943
f 894 943 895
f 895 943 944
f 895 944 896
f 896 944 945
f 896 945 897
f 897 945 946
f 897 946 898
f 898 946 947
f 898 947 899
f 899 947 948
f 899 948 900
f 900 948 901
f 901 948 949
f 901 949 902
f 902 949 950
f 902 950 903
f 903 950 951
f 903 951 904
f 904 951 952
f 904 952 905
f 905 952 953
f 905 953 906
f 906 953 954
f 906 954 907
f 907 954 955
f 907 955 908
f 908 955 956
f 908 956 909
f 909 956 957
f 909 957 910
f 910 957 958
f 910 958 911
f 911 958 959
f 911 959 912
f 912 959 913
f 913 959 960
f 913 960 914
f 914 960 961
f 914 961 915
f 915 961 962
f 915 962 916
f 916 962 963
f 916 963 917
f 917 963 964
f 917 964 918
f 918 964 965
f 918 965 919
f 919 965 966
f 919 966 920
f 920 966 967
f 920 967 921
f 921 967 968
f 921 968 922
f 922 968 969
f 922 969 923
f 923 969 970
f 923 970 924
f 924 970 925
f 925 970 971
f 925 971 926
f 926 971 972
f 926 972 927
f 927 972 973
f 927 973 928
f 928 973 974
f 928 974 929
f 929 974 975
f 929 975 930
f 930 975 976
f 930 976 931
f 931 976 977
f 931 977 932
f 932 977 978
f 932 978 933
f 933 978 979
f 933 979 934
f 934 979 980
f 934 980 935
f 935 980 981
f 935 981 936
f 936 981 937
f 936 937 888
f 937 982 938
f 938 982 983
f 938 983 939
f 939 983 984
f 939 984 940
f 940 984 985
f 940 985 941
f 941 985 986
f 941 986 942
f 942 986 987
f 942 987 943
f 943 987 988
f 943 988 944
f 944 988 989
f 944 989 945
f 945 989 946
f 946 989 990
f 946 990 947
f 947 990 991
f 947 991 948
f 948 991 992
f 948 992 949
f 949 992 993
f 949 993 950
f 950 993 994
f 950 994 951
f 951 994 995
f 951 995 952
f 952 995 996
f 952 996 953
f 953 996 997
f 953 997 954
f 954 997 955
f 955 997 998
f 955 998 956
f 956 998 999
f 956 999 957
f 957 999 1000
f 957 1000 958
f 958 1000 1001
f 958 1001 959
f 959 1001 1002
f 959 1002 960
f 960 1002 1003
f 960 1003 961
f 961 1003 1004
f 961 1004 962
f 962 1004 1005
f 962 1005 963
f 963 1005 964
f 964 1005 1006
f 964 1006 965
f 965 1006 1007
f 965 1007 966
f 966 1007 1008
f 966 1008 967
f 967 1008 1009
f 967 1009 968
f 968 1009 1010
f 968 1010 969
f 969 1010 1011
f 969 1011 970
f 970 1011 1012
f 970 1012 971
f 971 1012 1013
f 971 1013 972
f 972 1013 973
f 973 1013 1014
f 973 1014 974
f 974 1014 1015
f 974 1015 975
f 975 1015 1016
f 975 1016 976
f 976 1016 1017
f 976 1017 977
f 977 1017 1018
f 977 1018 978
f 978 1018 1019
f 978 1019 979
f 979 1019 1020
f 979 1020 980
f 980 1020 1021
f 980 1021 981
f 981 1021 937
f 937 1021 982
f 982 1022 983
f 983 1022 1023
f 983 1023 984
f 984 1023 1024
f 984 1024 985
f 985 1024 1025
f 985 1025 986
f 986 1025 1026
f 986 1026 987
f 987 1026 1027
f 987 1027 988
f 988 1027 1028
f 988 1028 989
f 989 1028 990
f 990 1028 1029
f 990 1029 991
f 991 1029 1030
f 991 1030 992
f 992 1030 1031
f 992 1031 993
f 993 1031 1032
f 993 1032 994
f 994 1032 1033
f 994 1033 995
f 995 1033 1034
f 995 1034 996
f 996 1034 1035
f 996 1035 997
f 997 1035 998
f 998 1035 1036
f 998 1036 999
f 999 1036 1037
f 999 1037 1000
f 1000 1037 1038
f 1000 1038 1001
f 1001 1038 1039
f 1001 1039 1002
f 1002 1039 1040
f 1002 1040 1003
f 1003 1040 1041
f 1003 1041 1004
f 1004 1041 1042
f 1004 1042 1005
f 1005 1042 1006
f 1006 1042 1043
f 1006 1043 1007
f 1007 1043 1044
f 1007 1044 1008
f 1008 1044 1045
f 1008 1045 1009
f 1009 1045 1046
f 1009 1046 1010
f 1010 1046 1047
f 1010 1047 1011
f 1011 1047 1048
f 1011 1048 1012
f 1012 1048 1049
f 1012 1049 1013
f 1013 1049 1014
f 1014 1049 1050
f 1014 1050 1015
f 1015 1050 1051
f 1015 1051 1016
f 1016 1051 1052
f 1016 1052 1017
f 1017 1052 1053
f 1017 1053 1018
f 1018 1053 1054
f 1018 1054 1019
f 1019 1054 1055
f 1019 1055 1020
f 1020 1055 1056
f 1020 1056 1021
f 1021 1056 982
f 982 1056 1022
f 1022 1057 1023
f 1023 1057 1058
f 1023 1058 1024
f 1024 1058 1059
f 1024 1059 1025
f 1025 1059 1060
f 1025 1060 1026
f 1026 1060 1061
f 1026 1061 1027
f 1027 1061 1062
f 1027 1062 1028
f 1028 1062 1029
f 1029 1062 1063
f 1029 1063 1030
f 1030 1063 1064
f 1030 1064 1031
f 1031 1064 1065
f 1031 1065 1032
f 1032 1065 1066
f 1032 1066 1033
f 1033 1066 1067
f 1033 1067 1034
f 1034 1067 1068
f 1034 1068 1035
f 1035 1068 1036
f 1036 1068 1069
f 1036 1069 1037
f 1037 1069 1070
f 1037 1070 1038
f 1038 1070 1071
f 1038 1071 1039
f 1039 1071 1072
f 1039 1072 1040
f 1040 1072 1073
f 1040 1073 1041
f 1041 1073 1074
f 1041 1074 1042
f 1042 1074 1043
f 1043 1074 1075
f 1043 1075 1044
f 1044 1075 1076
f 1044 1076 1045
f 1045 1076 1077
f 1045 1077 1046
f 1046 1077 1078
f 1046 1078 1047
f 1047 1078 1079
f 1047 1079 1048
f 1048 1079 1080
f 1048 1080 1049
f 1049 1080 1050
f 1050 1080 1081
f 1050 1081 1051
f 1051 1081 1082
f 1051 1082 1052
f 1052 1082 1083
f 1052 1083 1053
f 1053 1083 1084
f 1053 1084 1054
f 1054 1084 1085
f 1054 1085 1055
f 1055 1085 1086
f 1055 1086 1056
f 1056 1086 1022
f 1022 1086 1057
f 1057 1087 1058
f 1058 1087 1088
f 1058 1088 1059
f 1059 1088 1089
f 1059 1089 1060
f 1060 1089 1090
f 1060 1090 1061
f 1061 1090 1062
f 1062 1090 1091
f 1062 1091 1063
f 1063 1091 1092
f 1063 1092 1064
f 1064 1092 1093
f 1064 1093 1065
f 1065 1093 1094
f 1065 1094 1066
f 1066 1094 1067
f 1067 1094 1095
f 1067 1095 1068
f 1068 1095 1096
f 1068 1096 1069
f 1069 1096 1097
f 1069 1097 1070
f 1070 1097 1098
f 1070 1098 1071
f 1071 1098 1072
f 1072 1098 1099
f 1072 1099 1073
f 1073 1099 1100
f 1073 1100 1074
f 1074 1100 1101
f 1074 1101 1075
f 1075 1101 1102
f 1075 1102 1076
f 1076 1102 1077
f 1077 1102 1103
f 1077 1103 1078
f 1078 1103 1104
f 1078 1104 1079
f 1079 1104 1105
f 1079 1105 1080
f 1080 1105 1106
f 1080 1106 1081
f 1081 1106 1082
f 1082 1106 1107
f 1082 1107 1083
f 1083 1107 1108
f 1083 1108 1084
f 1084 1108 1109
f 1084 1109 1085
f 1085 1109 1110
f 1085 1110 1086
f 1086 1110 1057
f 1057 1110 1087
f 1087 1111 1088
f 1088 1111 1112
f 1088 1112 1089
f 1089 1112 1113
f 1089 1113 1090
f 1090 1113 1114
f 1090 1114 1091
f 1091 1114 1092
f 1092 1114 1115
f 1092 1115 1093
f 1093 1115 1116
f 1093 1116 1094
f 1094 1116 1117
f 1094 1117 1095
f 1095 1117 1118
f 1095 1118 1096
f 1096 1118 1097
f 1097 1118 1119
f 1097 1119 1098
f 1098 1119 1120
f 1098 1120 1099
f 1099 1120 1121
f 1099 1121 1100
f 1100 1121 1122
f 1100 1122 1101
f 1101 1122 1102
f 1102 1122 1123
f 1102 1123 1103
f 1103 1123 1124
f 1103 1124 1104
f 1104 1124 1125
f 1104 1125 1105
f 1105 1125 1126
f 1105 1126 1106
f 1106 1126 1107
f 1107 1126 1127
f 1107 1127 1108
f 1108 1127 1128
f 1108 1128 1109
f 1109 1128 1129
f 1109 1129 1110
f 1110 1129 1087
f 1087 1129 1111
f 1111 1130 1112
f 1112 1130 1131
f 1112 1131 1113
f 1113 1131 1114
f 1114 1131 1132
f 1114 1132 1115
f 1115 1132 1133
f 1115 1133 1116
f 1116 1133 1117
f 1117 1133 1134
f 1117 1134 1118
f 1118 1134 1135
f 1118 1135 1119
f 1119 1135 1120
f 1120 1135 1136
f 1120 1136 1121
f 1121 1136 1122
f 1122 1136 1137
f 1122 1137 1123
f 1123 1137 1138
f 1123 1138 1124
f 1124 1138 1125
f 1125 1138 1139
f 1125 1139 1126
f 1126 1139 1140
f 1126 1140 1127
f 1127 1140 1128
f 1128 1140 1141
f 1128 1141 1129
f 1129 1141 1111
f 1111 1141 1130
f 1130 1142 1131
f 1131 1142 1132
f 1132 1142 1143
f 1132 1143 1133
f 1133 1143 1134
f 1134 1143 1144
f 1134 1144 1135
f 1135 1144 1136
f 1136 1144 1145
f 1136 1145 1137
f 1137 1145 1138
f 1138 1145 1146
f 1138 1146 1139
f 1139 1146 1140
f 1140 1146 1147
f 1140 1147 1141
f 1141 1147 1130
f 1130 1147 1142
f 1142 1148 1143
f 1143 1148 1144
f 1144 1148 1145
f 1145 1148 1146
f 1146 1148 1147
f 1147 1148 1142
