v    -0.082657     0.071565     0.559494
v    -0.082969     0.066942     0.559980
v    -0.077279     0.052040     0.560887
v    -0.079441     0.068349     0.559494
v    -0.023819    -0.083969     0.561760
v    -0.023774    -0.084309     0.561731
v    -0.023447    -0.084635     0.561731
v    -0.017022    -0.094997     0.561084
v    -0.013904    -0.107429     0.559552
v    -0.008138    -0.113738     0.558363
v    -0.002588    -0.108188     0.558363
v    -0.067255     0.112019     0.550310
v    -0.067385     0.021208     0.561760
v     0.018453    -0.118266     0.553246
v     0.028132    -0.118266     0.550310
v    -0.067782     0.121532     0.548833
v    -0.072135     0.125885     0.548833
v    -0.085751     0.122085     0.551696
v    -0.085751     0.108902     0.553864
v    -0.105544     0.208324     0.528023
v    -0.086931     0.124548     0.551097
v    -0.144352     0.349884     0.484412
v    -0.148290     0.359158     0.481104
v    -0.144761     0.339313     0.487567
v    -0.138751     0.324435     0.492836
v    -0.087458     0.115020     0.552577
v    -0.088236     0.113143     0.552577
v    -0.091209     0.074027     0.556590
v    -0.065923     0.001978     0.559787
v    -0.026353    -0.093552     0.559787
v    -0.025407    -0.110638     0.557133
v    -0.034802    -0.133896     0.548898
v     0.010505    -0.152663     0.548898
v     0.035055    -0.177763     0.540734
v     0.028727    -0.175997     0.542065
v     0.049386    -0.224660     0.524707
v     0.083748    -0.264627     0.508266
v     0.104571    -0.256001     0.508266
v     0.098660    -0.241368     0.513448
v     0.131477    -0.162141     0.513448
v     0.143278    -0.162141     0.508341
v     0.292294    -0.209139     0.435421
v     0.496143    -0.209139     0.326462
v     0.435087     0.018721     0.326462
v     0.251190     0.127316     0.409204
v     0.245773     0.127045     0.412138
v     0.227296     0.131605     0.419317
v    -0.139290     0.498191     0.419317
v    -0.145792     0.524540     0.409079
v    -0.184852     0.510696     0.422073
v    -0.184852     0.499507     0.426915
v    -0.143934     0.561674     0.388964
v    -0.157188     0.584119     0.378866
v    -0.202393     0.596231     0.378866
v    -0.202393     0.566310     0.394859
v    -0.228409     0.641205     0.351101
v    -0.232825     0.640021     0.351101
v    -0.204224     0.566960     0.394249
v    -0.203394     0.542636     0.404925
v    -0.234701     0.641423     0.349710
v    -0.259014     0.617110     0.349710
v    -0.147955     0.281639     0.496524
v    -0.202303     0.078808     0.496524
v    -0.202638     0.074027     0.497030
v    -0.204585     0.072209     0.495729
v    -0.143321    -0.156428     0.495729
v    -0.118642    -0.146767     0.510304
v    -0.045166    -0.144259     0.542554
v    -0.192605    -0.222419     0.446803
v    -0.085201    -0.329824     0.446803
v    -0.073053    -0.320752     0.455810
v    -0.049102    -0.259567     0.491944
v     0.117558    -0.371825     0.455810
v     0.118918    -0.373539     0.454824
v     0.169332    -0.460687     0.401022
v     0.244331    -0.541006     0.347349
v     0.292051    -0.528219     0.347349
v     0.249637    -0.419869     0.411338
v     0.248972    -0.400403     0.419882
v     0.361953    -0.580423     0.295524
v     0.488426    -0.453950     0.295524
v     0.361444    -0.404242     0.370517
v     0.520941    -0.455577     0.277911
v     0.574784    -0.254632     0.277911
v     0.606239    -0.254632     0.254930
v     0.647084    -0.264879     0.223082
v     0.747807    -0.264879     0.140421
v     0.735385    -0.202428     0.140421
v     0.726328    -0.184540     0.144933
v     0.689806    -0.122480     0.164776
v     0.664436    -0.093464     0.180859
v     0.663194    -0.091770     0.181435
v     0.578791     0.000002     0.225135
v     0.547488     0.014029     0.245260
v     0.289740     0.399776     0.245260
v     0.274875     0.406353     0.253041
v     0.098938     0.582290     0.253041
v     0.085070     0.613631     0.236635
v    -0.147138     0.768787     0.236635
v    -0.151564     0.765618     0.241188
v    -0.162756     0.717488     0.282515
v    -0.228409     0.693781     0.312688
v    -0.206842     0.776614     0.241188
v    -0.218335     0.766322     0.251510
v    -0.229310     0.752340     0.264776
v    -0.229310     0.697370     0.309890
v    -0.282644     0.741732     0.264776
v    -0.276271     0.714327     0.288307
v    -0.276701     0.704027     0.295748
v    -0.307776     0.759725     0.238924
v    -0.342195     0.736727     0.238924
v    -0.312537     0.707069     0.275692
v    -0.307672     0.649754     0.307768
v    -0.386090     0.750282     0.199572
v    -0.430076     0.684452     0.199572
v    -0.402402     0.645799     0.239332
v    -0.403162     0.635059     0.240879
v    -0.489554     0.200740     0.240879
v    -0.500751     0.051005     0.256133
v    -0.289103     0.051005     0.429828
v    -0.559017    -0.014064     0.197693
v    -0.554002    -0.081137     0.190860
v    -0.501850    -0.343319     0.190860
v    -0.425041    -0.325458     0.256812
v    -0.350812    -0.328557     0.310437
v    -0.513596    -0.359724     0.173985
v    -0.467816    -0.428238     0.173985
v    -0.453127    -0.434738     0.181674
v    -0.371224    -0.409445     0.255102
v    -0.356422    -0.394643     0.273452
v    -0.114935    -0.374145     0.408600
v    -0.221858    -0.509248     0.255102
v    -0.108216    -0.535076     0.292338
v    -0.088047    -0.553625     0.282734
v    -0.070545    -0.575656     0.267511
v     0.263235    -0.642049     0.267511
v     0.263235    -0.616355     0.288598
v     0.263274    -0.642098     0.267464
v     0.354039    -0.723375     0.185945
v     0.355765    -0.724048     0.185111
v     0.368944    -0.723063     0.183769
v     0.418570    -0.713191     0.183769
v     0.408226    -0.668711     0.221962
v     0.408985    -0.650530     0.235096
v     0.440531    -0.728915     0.161178
v     0.507261    -0.684328     0.161178
v     0.518117    -0.659793     0.174020
v     0.537381    -0.640529     0.174020
v     0.521727    -0.456105     0.277234
v     0.539831    -0.639445     0.172738
v     0.666370    -0.450066     0.172738
v     0.666418    -0.450044     0.172708
v     0.700546    -0.412936     0.155038
v     0.730472    -0.389162     0.134359
v     0.737544    -0.381074     0.129876
v     0.746768    -0.365400     0.124864
v     0.762712    -0.285244     0.124864
v     0.763170    -0.279124     0.125488
v     0.756581    -0.271766     0.132096
v     0.772033    -0.279124     0.114688
v     0.770112    -0.266998     0.114688
v     0.763093    -0.251769     0.120302
v     0.762702    -0.250854     0.120537
v     0.630689    -0.027975     0.181435
v     0.582434     0.040981     0.196667
v     0.499668     0.176324     0.189631
v     0.450991     0.234758     0.198470
v     0.303741     0.398861     0.232972
v     0.282445     0.446669     0.208081
v     0.082945     0.646168     0.208081
v     0.064098     0.686011     0.183077
v     0.057836     0.693396     0.180139
v    -0.051743     0.791721     0.157100
v    -0.139086     0.783956     0.217779
v    -0.054438     0.795554     0.154244
v    -0.116562     0.827208     0.154244
v    -0.129708     0.830494     0.158206
v    -0.140199     0.824894     0.170912
v    -0.141950     0.812779     0.186012
v    -0.203175     0.792843     0.222121
v    -0.172122     0.829950     0.170912
v    -0.176239     0.830287     0.171297
v    -0.203175     0.812149     0.198596
v    -0.203607     0.812113     0.198556
v    -0.307167     0.795711     0.198556
v    -0.307097     0.795226     0.199161
v    -0.310175     0.764245     0.233306
v    -0.315800     0.800319     0.188100
v    -0.352008     0.791269     0.177189
v    -0.390952     0.771426     0.177189
v    -0.401767     0.768532     0.173213
v    -0.401925     0.766118     0.175332
v    -0.443050     0.780243     0.123458
v    -0.451659     0.776408     0.118976
v    -0.464345     0.763722     0.118976
v    -0.461959     0.762198     0.122646
v    -0.456284     0.698363     0.166993
v    -0.478977     0.762988     0.102423
v    -0.484871     0.758845     0.098031
v    -0.509902     0.709719     0.098031
v    -0.514178     0.692611     0.103187
v    -0.531723     0.669376     0.088656
v    -0.550278     0.625943     0.077507
v    -0.553182     0.616728     0.076303
v    -0.568124     0.442025     0.098575
v    -0.599117     0.246348     0.098575
v    -0.620398    -0.014064     0.122901
v    -0.644090    -0.049247     0.087242
v    -0.650047    -0.071182     0.075749
v    -0.639261    -0.203175     0.063419
v    -0.624365    -0.297220     0.063419
v    -0.619780    -0.350830     0.056585
v    -0.612587    -0.360356     0.062542
v    -0.594977    -0.372993     0.079516
v    -0.547486    -0.377712     0.131858
v    -0.590371    -0.382034     0.079516
v    -0.588863    -0.383168     0.080596
v    -0.554920    -0.407028     0.105887
v    -0.550113    -0.407269     0.111324
v    -0.511866    -0.425362     0.135328
v    -0.502995    -0.434232     0.135328
v    -0.502003    -0.434835     0.135694
v    -0.451656    -0.457263     0.161907
v    -0.440459    -0.467310     0.159552
v    -0.411303    -0.485139     0.161068
v    -0.296444    -0.515878     0.203286
v    -0.210166    -0.559839     0.203286
v    -0.068601    -0.595222     0.245947
v    -0.031075    -0.623558     0.222480
v     0.074695    -0.668745     0.195329
v     0.128946    -0.685840     0.188241
v     0.154203    -0.693953     0.183230
v     0.324969    -0.720999     0.183230
v     0.383082    -0.742443     0.157425
v     0.404568    -0.748279     0.146167
v     0.421004    -0.746936     0.144632
v     0.435302    -0.744671     0.144632
v     0.441860    -0.744110     0.143796
v     0.442922    -0.733420     0.155578
v     0.450260    -0.748594     0.133623
v     0.460651    -0.745997     0.130491
v     0.479033    -0.736630     0.130491
v     0.485352    -0.734939     0.128168
v     0.498590    -0.723061     0.130952
v     0.505715    -0.707999     0.140404
v     0.550674    -0.663040     0.140404
v     0.561824    -0.638009     0.153437
v     0.649865    -0.539891     0.132808
v     0.671290    -0.504856     0.134629
v     0.672147    -0.503631     0.134359
v     0.772660    -0.331111     0.103421
v     0.773073    -0.330379     0.103120
v     0.773569    -0.329219     0.102823
v     0.774289    -0.320795     0.103897
v     0.777597    -0.299908     0.103897
v     0.778525    -0.288556     0.104957
v     0.778307    -0.287879     0.105354
v     0.773617    -0.280914     0.112412
v     0.777147    -0.279068     0.105354
v     0.774967    -0.275616     0.108582
v     0.721807    -0.173624     0.144933
v     0.690067    -0.116734     0.159929
v     0.675984    -0.090577     0.161077
v     0.665697    -0.075079     0.164710
v     0.281367     0.455817     0.198470
v     0.278549     0.461256     0.195347
v     0.237973     0.512135     0.183077
v     0.033851     0.726439     0.156460
v     0.022260     0.739172     0.150249
v    -0.055057     0.798499     0.150249
v    -0.061807     0.807056     0.142474
v    -0.082475     0.822417     0.135135
v    -0.101076     0.827913     0.141184
v    -0.110400     0.831776     0.141184
v    -0.130906     0.837323     0.146588
v    -0.131906     0.837887     0.145879
v    -0.138488     0.838521     0.146594
v    -0.164526     0.841949     0.146594
v    -0.176239     0.842977     0.147556
v    -0.178824     0.844097     0.144824
v    -0.211489     0.841230     0.142142
v    -0.281633     0.831995     0.142142
v    -0.309872     0.829276     0.139074
v    -0.310815     0.828744     0.139743
v    -0.355608     0.816625     0.127938
v    -0.410407     0.793927     0.127938
v    -0.442145     0.784548     0.117617
v    -0.458303     0.786083     0.095077
v    -0.458650     0.785918     0.094914
v    -0.474561     0.773709     0.094914
v    -0.477918     0.771970     0.092987
v    -0.482914     0.771268     0.085776
v    -0.484476     0.770135     0.084657
v    -0.494729     0.756773     0.084657
v    -0.499580     0.752945     0.080249
v    -0.507228     0.742655     0.076595
v    -0.510844     0.730419     0.080575
v    -0.523426     0.700041     0.080575
v    -0.588570     0.509640     0.044059
v    -0.609863     0.288522     0.068082
v    -0.623608     0.184118     0.068082
v    -0.658970    -0.091775     0.053984
v    -0.662578    -0.115753     0.041328
v    -0.653882    -0.214843     0.033192
v    -0.649914    -0.244983     0.033192
v    -0.641864    -0.328570     0.024111
v    -0.636161    -0.338696     0.031285
v    -0.626697    -0.349617     0.044818
v    -0.625912    -0.351512     0.044818
v    -0.616444    -0.361575     0.054541
v    -0.612771    -0.364403     0.059129
v    -0.612734    -0.364434     0.059162
v    -0.591075    -0.381521     0.078843
v    -0.582187    -0.388210     0.085136
v    -0.556037    -0.407192     0.103875
v    -0.554881    -0.407355     0.105543
v    -0.491046    -0.443242     0.135694
v    -0.404928    -0.489878     0.158804
v    -0.338412    -0.525690     0.155886
v    -0.221158    -0.560339     0.194016
v    -0.139075    -0.594339     0.194016
v     0.258297    -0.728351     0.151887
v     0.285744    -0.730994     0.154869
v     0.351954    -0.739711     0.154869
v     0.410692    -0.750933     0.139694
v     0.423899    -0.752920     0.132723
v     0.433705    -0.752059     0.131918
v     0.438588    -0.751416     0.131918
v     0.449957    -0.750322     0.130683
v     0.459745    -0.753130     0.118093
v     0.463176    -0.752202     0.117189
v     0.476424    -0.746714     0.117189
v     0.483305    -0.744681     0.114951
v     0.484396    -0.744785     0.113429
v     0.510942    -0.724415     0.113429
v     0.513172    -0.721343     0.115631
v     0.543214    -0.691301     0.115631
v     0.548559    -0.680983     0.121554
v     0.638513    -0.563753     0.121554
v     0.738346    -0.414560     0.102733
v     0.738971    -0.412443     0.103421
v     0.780848    -0.316296     0.093667
v     0.781101    -0.313660     0.093953
v     0.783158    -0.298042     0.093953
v     0.781141    -0.293387     0.098873
v     0.781862    -0.288520     0.094689
v     0.784316    -0.298376     0.090258
v     0.786744    -0.298376     0.082254
v     0.785928    -0.296248     0.084155
v     0.777203    -0.279086     0.105187
v     0.768672    -0.254704     0.105187
v     0.762402    -0.244453     0.114096
v     0.495245     0.196194     0.164710
v     0.485699     0.213422     0.156250
v     0.205646     0.554643     0.156460
v     0.011576     0.751683     0.140318
v    -0.052081     0.804891     0.130276
v    -0.053241     0.805936     0.129296
v    -0.076274     0.820409     0.129296
v    -0.083080     0.823806     0.132016
v    -0.084154     0.824421     0.131549
v    -0.107024     0.831617     0.137786
v    -0.114251     0.834146     0.137786
v    -0.132362     0.839280     0.141781
v    -0.139288     0.841836     0.136730
v    -0.149264     0.843985     0.134163
v    -0.150157     0.844076     0.134243
v    -0.178824     0.847306     0.134243
v    -0.182269     0.848153     0.130171
v    -0.208515     0.853403     0.103117
v    -0.234890     0.856374     0.083525
v    -0.250514     0.854942     0.082443
v    -0.280942     0.851514     0.082443
v    -0.303348     0.849214     0.080444
v    -0.315363     0.849565     0.065320
v    -0.335522     0.843850     0.060873
v    -0.422257     0.813500     0.060873
v    -0.444039     0.806646     0.054932
v    -0.447934     0.804414     0.056628
v    -0.451546     0.801597     0.060246
v    -0.478363     0.784747     0.060246
v    -0.479948     0.782385     0.064467
v    -0.479208     0.781342     0.069130
v    -0.494570     0.767763     0.064467
v    -0.495896     0.766019     0.065560
v    -0.495935     0.765918     0.065722
v    -0.497201     0.763634     0.066843
v    -0.508775     0.745214     0.066843
v    -0.510836     0.741084     0.068494
v    -0.514648     0.734433     0.065598
v    -0.523068     0.707672     0.072897
v    -0.544353     0.646843     0.072897
v    -0.591511     0.501670     0.038245
v    -0.603032     0.458382     0.020357
v    -0.628079     0.214311     0.042130
v    -0.643273     0.079458     0.042130
v    -0.669030    -0.148007     0.008080
v    -0.664496    -0.197456     0.004657
v    -0.658797    -0.248040     0.004657
v    -0.652402    -0.310354    -0.000902
v    -0.649725    -0.317608     0.004389
v    -0.644784    -0.327615     0.015525
v    -0.643845    -0.330297     0.015525
v    -0.639666    -0.337130     0.021463
v    -0.636047    -0.341110     0.028857
v    -0.632303    -0.345911     0.033666
v    -0.627605    -0.350774     0.041017
v    -0.624596    -0.354110     0.043838
v    -0.617237    -0.361042     0.053123
v    -0.601751    -0.373813     0.067879
v    -0.558318    -0.406362     0.100081
v    -0.556016    -0.407249     0.103782
v    -0.491059    -0.443239     0.135678
v    -0.462790    -0.461002     0.135678
v    -0.307114    -0.543628     0.142259
v    -0.307021    -0.543662     0.142272
v    -0.147171    -0.593959     0.185869
v     0.031814    -0.656589     0.185869
v     0.279806    -0.736289     0.136198
v     0.285199    -0.737724     0.133969
v     0.332554    -0.742584     0.138194
v     0.389017    -0.748946     0.138194
v     0.442488    -0.756638     0.113562
v     0.445769    -0.756337     0.113335
v     0.455324    -0.755261     0.113335
v     0.459178    -0.754865     0.112991
v     0.475346    -0.755337     0.092639
v     0.484060    -0.752287     0.092639
v     0.483752    -0.751237     0.096485
v     0.485725    -0.746707     0.106656
v     0.504258    -0.742581     0.083411
v     0.494024    -0.750648     0.078354
v     0.505061    -0.743713     0.078354
v     0.510221    -0.741725     0.070060
v     0.570793    -0.681154     0.070060
v     0.582115    -0.671485     0.061073
v     0.618835    -0.627553     0.054143
v     0.627988    -0.611033     0.062255
v     0.746489    -0.422439     0.062255
v     0.753775    -0.407839     0.068090
v     0.768506    -0.382138     0.056900
v     0.771021    -0.374147     0.059079
v     0.789626    -0.320974     0.059079
v     0.789432    -0.314302     0.067478
v     0.786687    -0.314385     0.076497
v     0.789911    -0.310050     0.067478
v     0.787354    -0.299648     0.079773
v     0.790698    -0.302796     0.053243
v     0.790698    -0.310050     0.060497
v     0.792079    -0.310933     0.047357
v     0.793333    -0.310933     0.034621
v     0.791748    -0.303219     0.043002
v     0.787981    -0.290802     0.043002
v     0.782108    -0.276810     0.061094
v     0.775099    -0.261554     0.074011
v     0.679679    -0.083034     0.074011
v     0.656882    -0.042985     0.089668
v     0.513985     0.184434     0.089668
v     0.504486     0.197170     0.099569
v     0.194578     0.574794     0.099569
v     0.189389     0.580675     0.103334
v     0.029699     0.740365     0.103334
v     0.028700     0.741246     0.102695
v    -0.053719     0.808886     0.102695
v    -0.058670     0.812213     0.110359
v    -0.065409     0.816048     0.112993
v    -0.066583     0.816676     0.112993
v    -0.083343     0.824375     0.127183
v    -0.084721     0.824954     0.128966
v    -0.111633     0.833632     0.134679
v    -0.120859     0.836430     0.134679
v    -0.174184     0.848153     0.122086
v    -0.270068     0.857025     0.041735
v    -0.307102     0.857025     0.004701
v    -0.309559     0.856783     0.004701
v    -0.310299     0.854942     0.022658
v    -0.332567     0.852055    -0.020299
v    -0.392718     0.833808    -0.020299
v    -0.402237     0.830739    -0.018278
v    -0.406921     0.829100    -0.018278
v    -0.432761     0.817230     0.003599
v    -0.448552     0.808789     0.003599
v    -0.455446     0.804865     0.006294
v    -0.468260     0.796256     0.026131
v    -0.469686     0.795192     0.027239
v    -0.478548     0.784948     0.058147
v    -0.477769     0.788558     0.027239
v    -0.480564     0.786093     0.029028
v    -0.486965     0.779691     0.040970
v    -0.487497     0.779088     0.041356
v    -0.495416     0.769438     0.041356
v    -0.500433     0.762714     0.046585
v    -0.501426     0.761235     0.048874
v    -0.504540     0.755764     0.051013
v    -0.517588     0.731354     0.051013
v    -0.517637     0.731248     0.051103
v    -0.540743     0.665213     0.051103
v    -0.560271     0.604654     0.038245
v    -0.614854     0.404311    -0.030502
v    -0.643273     0.152090    -0.030502
v    -0.646458     0.121784    -0.032537
v    -0.673030    -0.148007    -0.032537
v    -0.673030    -0.173547    -0.058078
v    -0.665362    -0.251404    -0.058078
v    -0.664496    -0.259639    -0.057525
v    -0.662626    -0.276242    -0.057525
v    -0.656850    -0.302656    -0.032681
v    -0.655028    -0.307881    -0.021736
v    -0.648651    -0.323072    -0.002094
v    -0.648393    -0.323635    -0.001618
v    -0.647920    -0.324623    -0.000636
v    -0.646971    -0.326470     0.001709
v    -0.646064    -0.327933     0.004765
v    -0.639342    -0.337937     0.020252
v    -0.637989    -0.339751     0.021662
v    -0.634818    -0.343735     0.026078
v    -0.633670    -0.345037     0.026911
v    -0.605962    -0.370989     0.060341
v    -0.604830    -0.371890     0.061597
v    -0.557773    -0.406992     0.098181
v    -0.529584    -0.424704     0.098181
v    -0.473051    -0.456883     0.120282
v    -0.333072    -0.531704     0.120282
v    -0.004934    -0.649367     0.142272
v     0.023675    -0.658592     0.136198
v     0.312290    -0.743648     0.108487
v     0.359310    -0.748946     0.108487
v     0.366384    -0.749689     0.108012
v     0.442488    -0.757185     0.108012
v     0.475164    -0.757185     0.075335
v     0.475505    -0.756337     0.083599
v     0.475803    -0.756020     0.086112
v     0.477888    -0.756881     0.069530
v     0.494359    -0.753496     0.051633
v     0.494429    -0.752360     0.064015
v     0.494964    -0.751858     0.066450
v     0.497649    -0.752417     0.043971
v     0.501350    -0.751127     0.036221
v     0.509595    -0.747666     0.025559
v     0.509087    -0.746190     0.045260
v     0.511625    -0.743255     0.054113
v     0.516046    -0.744095     0.007632
v     0.517854    -0.742974     0.003857
v     0.538119    -0.729358    -0.027515
v     0.551624    -0.718275    -0.027515
v     0.554451    -0.715781    -0.029324
v     0.570662    -0.699570    -0.059567
v     0.586970    -0.681085    -0.071400
v     0.660445    -0.591555    -0.071400
v     0.671767    -0.576378    -0.083200
v     0.701975    -0.528301    -0.083200
v     0.708841    -0.516239    -0.078484
v     0.770022    -0.401777    -0.078484
v     0.779314    -0.381551    -0.061359
v     0.786084    -0.365422    -0.040504
v     0.784076    -0.365546    -0.018617
v     0.792418    -0.323095     0.031747
v     0.792079    -0.322613     0.035677
v     0.790594    -0.350556    -0.040504
v     0.793469    -0.336566    -0.025304
v     0.794591    -0.326495    -0.003838
v     0.794591    -0.322221     0.010561
v     0.792543    -0.336566    -0.034698
v     0.792543    -0.326843    -0.024975
v     0.793187    -0.325930    -0.017528
v     0.790442    -0.337909    -0.054690
v     0.790440    -0.337909    -0.054709
v     0.790432    -0.337839    -0.054709
v     0.790717    -0.328064    -0.042404
v     0.786263    -0.290696     0.024274
v     0.774913    -0.282898    -0.042404
v     0.772879    -0.276434    -0.040641
v     0.739693    -0.218532    -0.065851
v     0.710930    -0.160896    -0.042815
v     0.529328     0.128122    -0.042815
v     0.483528     0.210783    -0.002225
v     0.277478     0.457302    -0.041114
v     0.224207     0.527349     0.002746
v     0.014634     0.736923     0.002746
v    -0.009352     0.765010     0.025040
v    -0.022883     0.776320     0.027175
v    -0.036447     0.788555     0.038649
v    -0.053810     0.808624     0.099201
v    -0.049803     0.796947     0.038649
v    -0.058736     0.810602     0.091809
v    -0.064801     0.815004     0.104884
v    -0.085302     0.824760     0.124858
v    -0.308201     0.854685    -0.017968
v    -0.307102     0.856404    -0.001609
v    -0.282310     0.856404     0.023184
v    -0.315468     0.851637    -0.041645
v    -0.332735     0.851637    -0.024378
v    -0.323759     0.847089    -0.073719
v    -0.338031     0.845481    -0.073719
v    -0.338518     0.845495    -0.073106
v    -0.350421     0.842121    -0.070480
v    -0.377552     0.832627    -0.070480
v    -0.391899     0.828113    -0.066567
v    -0.411391     0.824905    -0.038622
v    -0.423688     0.818769    -0.033708
v    -0.431687     0.813742    -0.033708
v    -0.442682     0.807651    -0.028309
v    -0.458211     0.801669    -0.003349
v    -0.464803     0.796656     0.000779
v    -0.484545     0.779717     0.016017
v    -0.470787     0.790672     0.000779
v    -0.480202     0.782632     0.008252
v    -0.488133     0.775740     0.019381
v    -0.507710     0.744583     0.019381
v    -0.509955     0.740085     0.017583
v    -0.510833     0.738553     0.018250
v    -0.553093     0.604244    -0.018381
v    -0.569651     0.556924    -0.018381
v    -0.612208     0.406803    -0.051497
v    -0.610887     0.361491    -0.108536
v    -0.636452     0.112367    -0.130760
v    -0.646458     0.023561    -0.130760
v    -0.663067    -0.157610    -0.143302
v    -0.666254    -0.173547    -0.126874
v    -0.665362    -0.183282    -0.126200
v    -0.663515    -0.199676    -0.126200
v    -0.661686    -0.217501    -0.124610
v    -0.661046    -0.236244    -0.111540
v    -0.660955    -0.248154    -0.100444
v    -0.661134    -0.256303    -0.090707
v    -0.661739    -0.277064    -0.064574
v    -0.661747    -0.277069    -0.064494
v    -0.656768    -0.302405    -0.034436
v    -0.656813    -0.302658    -0.033092
v    -0.661036    -0.279074    -0.064574
v    -0.659302    -0.286311    -0.058395
v    -0.656667    -0.302326    -0.035436
v    -0.656261    -0.302972    -0.035436
v    -0.643527    -0.330998     0.004545
v    -0.642997    -0.331733     0.005300
v    -0.630810    -0.346004     0.016627
v    -0.629864    -0.347413     0.019146
v    -0.613903    -0.361810     0.032647
v    -0.485908    -0.442235     0.032647
v    -0.479324    -0.445520     0.030016
v    -0.339532    -0.525641     0.090878
v    -0.153324    -0.584232     0.040091
v     0.104681    -0.674512     0.040091
v     0.259723    -0.718463     0.005889
v     0.303941    -0.734781     0.038142
v     0.344676    -0.738961     0.034508
v     0.439888    -0.749689     0.034508
v     0.477888    -0.753173     0.031878
v     0.481664    -0.752417     0.027986
v     0.505698    -0.746509    -0.000419
v     0.507045    -0.745864    -0.003047
v     0.509753    -0.743986    -0.010242
v     0.525739    -0.735575    -0.032033
v     0.530112    -0.732474    -0.040628
v     0.538090    -0.729273    -0.028659
v     0.532148    -0.730152    -0.047530
v     0.532650    -0.729619    -0.048964
v     0.549326    -0.714455    -0.079943
v     0.551036    -0.713121    -0.081656
v     0.553286    -0.711707    -0.081656
v     0.557918    -0.707529    -0.085574
v     0.569641    -0.690060    -0.116805
v     0.584893    -0.672199    -0.130982
v     0.605203    -0.651890    -0.130982
v     0.624359    -0.626700    -0.146755
v     0.652460    -0.593080    -0.141451
v     0.656725    -0.585382    -0.145231
v     0.714343    -0.493684    -0.145231
v     0.717851    -0.488748    -0.142547
v     0.725030    -0.475879    -0.139155
v     0.754745    -0.424033    -0.116582
v     0.765242    -0.406871    -0.101667
v     0.772573    -0.385920    -0.101667
v     0.774537    -0.381240    -0.099146
v     0.781442    -0.367256    -0.083584
v     0.782529    -0.365190    -0.080769
v     0.786810    -0.354037    -0.070799
v     0.790442    -0.350617    -0.041982
v     0.787093    -0.351523    -0.070799
v     0.784858    -0.351523    -0.078168
v     0.786900    -0.337731    -0.066313
v     0.783754    -0.351841    -0.081689
v     0.781671    -0.336020    -0.081689
v     0.781520    -0.335781    -0.081913
v     0.777490    -0.328626    -0.086982
v     0.776967    -0.326692    -0.086473
v     0.730701    -0.214998    -0.086473
v     0.730571    -0.214559    -0.086330
v     0.577936    -0.009185    -0.159251
v     0.544028     0.062087    -0.125637
v     0.285683     0.398768    -0.125637
v     0.250153     0.467356    -0.086265
v     0.049552     0.667957    -0.086265
v     0.030200     0.694617    -0.067161
v    -0.086213     0.783943    -0.067161
v    -0.085564     0.784882    -0.063854
v    -0.085410     0.784973    -0.063370
v    -0.073026     0.787482    -0.035716
v    -0.109899     0.781694    -0.100200
v    -0.127312     0.786839    -0.105863
v    -0.138561     0.789261    -0.110893
v    -0.284066     0.820618    -0.148235
v    -0.293806     0.821900    -0.148235
v    -0.307816     0.829486    -0.130592
v    -0.302430     0.830284    -0.125962
v    -0.315944     0.833008    -0.122000
v    -0.317343     0.837860    -0.106526
v    -0.317343     0.839705    -0.100443
v    -0.338170     0.840944    -0.088624
v    -0.326464     0.831623    -0.122000
v    -0.339953     0.835493    -0.104651
v    -0.344885     0.834159    -0.103351
v    -0.366831     0.825069    -0.103351
v    -0.369311     0.824336    -0.102545
v    -0.392582     0.826546    -0.070084
v    -0.408772     0.818843    -0.062449
v    -0.444430     0.802899    -0.036160
v    -0.419536     0.810584    -0.062449
v    -0.430626     0.804839    -0.056083
v    -0.451498     0.797769    -0.031095
v    -0.487185     0.751260    -0.031095
v    -0.487940     0.749674    -0.031843
v    -0.487810     0.748299    -0.033760
v    -0.529878     0.605937    -0.080056
v    -0.555967     0.542952    -0.080056
v    -0.604496     0.363582    -0.127329
v    -0.598444     0.342488    -0.154460
v    -0.619208     0.126864    -0.177886
v    -0.628334     0.057541    -0.177886
v    -0.642269    -0.101233    -0.190922
v    -0.653264    -0.141714    -0.169712
v    -0.660152    -0.157610    -0.152911
v    -0.659085    -0.169762    -0.151913
v    -0.658353    -0.175327    -0.151913
v    -0.657659    -0.182532    -0.151130
v    -0.660764    -0.214290    -0.128740
v    -0.660552    -0.268697    -0.078236
v    -0.659899    -0.257865    -0.092318
v    -0.660131    -0.264259    -0.084426
v    -0.658874    -0.287211    -0.057971
v    -0.655488    -0.302424    -0.038891
v    -0.657164    -0.289440    -0.057971
v    -0.656016    -0.291654    -0.056700
v    -0.654450    -0.302806    -0.040606
v    -0.653336    -0.304339    -0.039507
v    -0.586054    -0.355967    -0.039507
v    -0.582384    -0.357713    -0.041238
v    -0.486545    -0.428941    -0.007209
v    -0.292753    -0.486207    -0.070230
v    -0.043688    -0.589373    -0.070230
v     0.160496    -0.644615    -0.124042
v     0.252521    -0.696449    -0.058844
v     0.310166    -0.702000    -0.065107
v     0.460568    -0.721801    -0.065107
v     0.509541    -0.726099    -0.069128
v     0.509753    -0.726836    -0.066779
v     0.524431    -0.718037    -0.087880
v     0.536980    -0.716384    -0.087880
v     0.539291    -0.714925    -0.090041
v     0.554427    -0.699443    -0.115278
v     0.554564    -0.699324    -0.115447
v     0.557592    -0.698070    -0.115447
v     0.565009    -0.691091    -0.122614
v     0.569795    -0.680794    -0.137867
v     0.576487    -0.672311    -0.145576
v     0.588143    -0.663367    -0.145576
v     0.598994    -0.648419    -0.156288
v     0.618590    -0.628823    -0.156288
v     0.621678    -0.622861    -0.159710
v     0.659295    -0.573838    -0.159710
v     0.663197    -0.565636    -0.163578
v     0.671423    -0.552184    -0.164278
v     0.681470    -0.537828    -0.161107
v     0.714032    -0.494014    -0.145550
v     0.733138    -0.456305    -0.139155
v     0.746496    -0.432625    -0.129432
v     0.754985    -0.418914    -0.121733
v     0.760444    -0.407072    -0.117368
v     0.770582    -0.389073    -0.104616
v     0.776415    -0.366974    -0.099146
v     0.780330    -0.359744    -0.090042
v     0.775462    -0.366974    -0.100929
v     0.775003    -0.361358    -0.100405
v     0.769600    -0.327242    -0.100405
v     0.749171    -0.305044    -0.121013
v     0.727886    -0.276857    -0.138641
v     0.700195    -0.256984    -0.165331
v     0.573455    -0.008243    -0.165331
v     0.537286     0.017181    -0.192281
v     0.317318     0.262325    -0.243822
v     0.296166     0.309808    -0.219101
v    -0.027584     0.633558    -0.219101
v    -0.049371     0.679615    -0.190196
v    -0.085248     0.711807    -0.182653
v    -0.099458     0.732022    -0.167591
v    -0.216347     0.791580    -0.167591
v    -0.167600     0.793798    -0.126480
v    -0.243500     0.798366    -0.175773
v    -0.247038     0.801622    -0.172489
v    -0.248184     0.808159    -0.161368
v    -0.283408     0.807383    -0.172489
v    -0.285909     0.809596    -0.169310
v    -0.266909     0.814437    -0.155573
v    -0.292830     0.814256    -0.162295
v    -0.293806     0.818477    -0.154639
v    -0.326116     0.826710    -0.131278
v    -0.309027     0.811691    -0.162295
v    -0.325427     0.820445    -0.142432
v    -0.326724     0.823244    -0.137175
v    -0.347260     0.809321    -0.142432
v    -0.370747     0.815984    -0.114124
v    -0.370999     0.816304    -0.113442
v    -0.431272     0.755458    -0.114124
v    -0.436005     0.759189    -0.104044
v    -0.428545     0.745844    -0.125712
v    -0.448175     0.672495    -0.152672
v    -0.525960     0.519832    -0.152672
v    -0.565357     0.362206    -0.200173
v    -0.577470     0.346166    -0.190141
v    -0.589338     0.207412    -0.207830
v    -0.608655     0.085449    -0.207830
v    -0.620564    -0.060279    -0.221443
v    -0.628644    -0.080999    -0.211429
v    -0.652420    -0.152045    -0.168747
v    -0.651021    -0.160881    -0.168747
v    -0.650462    -0.167407    -0.167915
v    -0.653185    -0.174150    -0.161282
v    -0.660084    -0.217013    -0.127919
v    -0.660933    -0.235677    -0.112179
v    -0.657454    -0.222174    -0.127919
v    -0.657283    -0.222812    -0.127685
v    -0.622115    -0.295649    -0.092318
v    -0.617275    -0.297805    -0.094838
v    -0.589793    -0.322465    -0.089060
v    -0.400086    -0.373235    -0.158788
v    -0.187745    -0.481428    -0.158788
v     0.048691    -0.540524    -0.230038
v     0.156521    -0.621946    -0.162606
v     0.189144    -0.624737    -0.166765
v     0.450768    -0.666174    -0.166765
v     0.503213    -0.670460    -0.171664
v     0.522500    -0.683447    -0.152116
v     0.524431    -0.691799    -0.136966
v     0.556866    -0.678004    -0.152116
v     0.557908    -0.680253    -0.147892
v     0.559784    -0.672369    -0.158420
v     0.578477    -0.662844    -0.158420
v     0.586574    -0.651326    -0.167002
v     0.588426    -0.649664    -0.167391
v     0.590268    -0.645770    -0.169835
v     0.622814    -0.613224    -0.169835
v     0.625098    -0.608096    -0.172505
v     0.707599    -0.486547    -0.161107
v     0.713500    -0.482312    -0.155419
v     0.764383    -0.382201    -0.117368
v     0.767837    -0.378297    -0.112406
v     0.730076    -0.382201    -0.159171
v     0.725016    -0.381057    -0.165116
v     0.724578    -0.380568    -0.165556
v     0.689539    -0.353065    -0.198800
v     0.669828    -0.253967    -0.198800
v     0.523514    -0.137732    -0.299902
v     0.519328    -0.136830    -0.303190
v     0.392261    -0.079894    -0.384881
v     0.156585     0.272820    -0.384881
v     0.065691     0.313040    -0.432458
v     0.026249     0.352482    -0.432458
v    -0.015373     0.446545    -0.383221
v    -0.196062     0.567278    -0.383221
v    -0.214398     0.608198    -0.356914
v    -0.233877     0.698593    -0.285908
v    -0.238945     0.704973    -0.281500
v    -0.246299     0.778999    -0.199913
v    -0.252688     0.707707    -0.281500
v    -0.278456     0.740535    -0.250352
v    -0.279242     0.742021    -0.248858
v    -0.279242     0.768271    -0.219343
v    -0.283408     0.786705    -0.197685
v    -0.306502     0.794225    -0.184064
v    -0.282597     0.744422    -0.245407
v    -0.306901     0.790212    -0.188487
v    -0.336743     0.792865    -0.167755
v    -0.312328     0.724556    -0.245407
v    -0.339434     0.751662    -0.203915
v    -0.293544     0.663732    -0.299938
v    -0.429329     0.460515    -0.299938
v    -0.442190     0.403927    -0.318480
v    -0.454499     0.390544    -0.312107
v    -0.479422     0.370744    -0.294885
v    -0.541272     0.059805    -0.294885
v    -0.543845     0.025396    -0.298390
v    -0.627965    -0.090078    -0.210504
v    -0.620273    -0.128750    -0.210504
v    -0.646411    -0.165257    -0.172951
v    -0.612666    -0.215759    -0.172951
v    -0.622021    -0.225114    -0.158630
v    -0.536023    -0.192090    -0.241663
v    -0.464270    -0.209463    -0.269716
v    -0.240413    -0.359040    -0.269716
v    -0.016835    -0.409853    -0.342975
v     0.027845    -0.450946    -0.321699
v     0.041499    -0.468134    -0.309822
v     0.410970    -0.541626    -0.309822
v     0.417770    -0.550288    -0.301603
v     0.498320    -0.622418    -0.229259
v     0.503213    -0.644068    -0.203822
v     0.558286    -0.662002    -0.171341
v     0.526219    -0.616869    -0.229259
v     0.552591    -0.635750    -0.202131
v     0.559585    -0.648927    -0.185752
v     0.588754    -0.611587    -0.202131
v     0.592426    -0.612721    -0.198839
v     0.599031    -0.609798    -0.195382
v     0.661122    -0.516872    -0.195382
v     0.668150    -0.515358    -0.189861
v     0.703961    -0.486909    -0.165116
v     0.577366    -0.353065    -0.290858
v     0.460002    -0.323621    -0.382370
v     0.453928    -0.317949    -0.386429
v     0.289637    -0.222910    -0.487856
v     0.255034    -0.195432    -0.507758
v     0.222173    -0.072793    -0.507758
v     0.101988    -0.001821    -0.561834
v     0.051869     0.047203    -0.574737
v     0.045511     0.075296    -0.565512
v    -0.110425     0.231232    -0.565512
v    -0.119383     0.256480    -0.557108
v    -0.122862     0.266981    -0.553486
v    -0.139302     0.333597    -0.527602
v    -0.139059     0.338450    -0.524973
v    -0.170684     0.392006    -0.500876
v    -0.191395     0.455511    -0.463966
v    -0.195391     0.462418    -0.459702
v    -0.235756     0.596182    -0.369874
v    -0.235756     0.600486    -0.366730
v    -0.252688     0.667975    -0.314107
v    -0.262399     0.671482    -0.309644
v    -0.263798     0.637980    -0.333847
v    -0.268163     0.638350    -0.331404
v    -0.194618     0.446986    -0.468061
v    -0.237375     0.404229    -0.468061
v    -0.248949     0.411995    -0.458084
v    -0.206333     0.362664    -0.498878
v    -0.264941     0.143934    -0.498878
v    -0.348082     0.095838    -0.447549
v    -0.391969     0.054858    -0.418222
v    -0.509402     0.025396    -0.326657
v    -0.560003    -0.114735    -0.262255
v    -0.374128    -0.011726    -0.418222
v    -0.529565    -0.116006    -0.284244
v    -0.290261    -0.007530    -0.463651
v    -0.117741    -0.180049    -0.463651
v    -0.025558    -0.200912    -0.493921
v    -0.023034    -0.199027    -0.495793
v     0.237823    -0.268923    -0.495793
v     0.283493    -0.326436    -0.462715
v     0.298900    -0.353069    -0.446272
v     0.391243    -0.451961    -0.380188
v     0.410970    -0.530595    -0.318875
v     0.501712    -0.563362    -0.277171
v     0.518217    -0.582455    -0.258808
v     0.397216    -0.450361    -0.380188
v     0.454707    -0.493297    -0.337563
v     0.563462    -0.586295    -0.233486
v     0.483610    -0.464394    -0.337563
v     0.557312    -0.513839    -0.274036
v     0.634261    -0.510626    -0.218446
v     0.438476    -0.403959    -0.382370
v     0.209602    -0.181103    -0.529990
v     0.134093    -0.116184    -0.561052
v     0.083168    -0.054920    -0.579498
v     0.081627    -0.053717    -0.579949
v     0.060579    -0.032669    -0.585286
v     0.021382     0.012687    -0.594119
v     0.007709     0.045696    -0.594119
v    -0.007841     0.051998    -0.598045
v    -0.011276     0.055432    -0.598045
v    -0.080204     0.146627    -0.588594
v    -0.087188     0.162444    -0.584845
v    -0.099299     0.192327    -0.577302
v    -0.138603     0.304057    -0.540261
v    -0.149361     0.330031    -0.530948
v    -0.156336     0.341340    -0.525902
v    -0.170684     0.386834    -0.503641
v    -0.171134     0.386993    -0.503491
v    -0.170044     0.355048    -0.517512
v    -0.188484     0.355677    -0.509419
v    -0.098982     0.190902    -0.577694
v    -0.111507     0.160666    -0.577694
v    -0.119367     0.160666    -0.574292
v    -0.172419     0.143934    -0.548332
v    -0.215766     0.021632    -0.507646
v    -0.083379     0.148725    -0.587727
v    -0.081468     0.147233    -0.588287
v    -0.032041     0.027904    -0.588287
v    -0.019550     0.022842    -0.591439
v    -0.016078     0.019370    -0.591439
v    -0.006198    -0.005009    -0.585286
v    -0.011846    -0.170447    -0.512672
v     0.132758    -0.119195    -0.560777
v     0.226486    -0.232977    -0.513383
v     0.134257    -0.120441    -0.560326
v     0.215005    -0.214361    -0.521689
v     0.368298    -0.376487    -0.423816
v     0.337326    -0.345515    -0.444806
v     0.329835    -0.336326    -0.450126
v     0.205536    -0.190919    -0.529990
v     0.007985     0.026084    -0.596500
v    -0.005664     0.048094    -0.597875
v    -0.087233     0.162537    -0.584822
v    -0.011012     0.053442    -0.597875
v     0.135368    -0.120751    -0.560092
f      1      2      3
f      1      3      4
f      5      6      7
f      8      9     10
f      8     10     11
f     12      4      3
f     12      3     13
f     12     13      5
f     12      5      7
f     12      7      8
f     12      8     11
f     12     11     14
f     12     14     15
f     16     17     18
f     16     18     19
f     16     19      1
f     16      1      4
f     16      4     12
f     20     21     18
f     20     18     17
f     22     23     24
f     22     24     25
f     18     21     26
f     18     26     19
f     19     26     27
f     19     27     28
f     19     28      2
f     19      2      1
f     13     29     30
f     13     30      6
f     13      6      5
f      7      6     30
f      7     30     31
f      7     31      9
f      7      9      8
f     31     32     33
f     31     33     10
f     31     10      9
f     34     35     36
f     34     36     37
f     34     37     38
f     34     38     39
f     11     10     33
f     11     33     35
f     11     35     34
f     11     34     14
f     15     14     34
f     15     34     39
f     15     39     40
f     41     42     43
f     41     43     44
f     41     44     45
f     41     45     46
f     46     47     16
f     46     16     12
f     46     12     15
f     46     15     40
f     46     40     41
f     47     48     22
f     47     22     25
f     47     25     20
f     47     20     17
f     47     17     16
f     49     50     51
f     49     51     23
f     49     23     22
f     49     22     48
f     52     53     54
f     52     54     55
f     52     55     50
f     52     50     49
f     54     56     57
f     54     57     58
f     54     58     55
f     55     58     59
f     55     59     51
f     55     51     50
f     57     60     61
f     57     61     59
f     57     59     58
f     25     24     62
f     25     62     27
f     25     27     26
f     25     26     21
f     25     21     20
f     62     63     64
f     62     64     28
f     62     28     27
f      3      2     28
f      3     28     64
f      3     64     65
f      3     65     66
f      3     66     67
f      3     67     29
f      3     29     13
f     67     68     32
f     67     32     31
f     67     31     30
f     67     30     29
f     66     69     70
f     66     70     71
f     66     71     72
f     66     72     68
f     66     68     67
f     33     32     68
f     33     68     72
f     33     72     36
f     33     36     35
f     36     72     71
f     36     71     73
f     36     73     37
f     74     75     76
f     74     76     77
f     74     77     78
f     38     37     73
f     38     73     74
f     38     74     78
f     38     78     79
f     79     78     77
f     79     77     80
f     79     80     81
f     79     81     82
f     40     39     38
f     40     38     79
f     40     79     82
f     40     82     42
f     40     42     41
f     42     82     81
f     42     81     83
f     42     83     84
f     42     84     43
f     85     86     87
f     85     87     88
f     85     88     89
f     85     89     90
f     85     90     91
f     43     84     85
f     43     85     91
f     43     91     92
f     43     92     93
f     43     93     94
f     43     94     44
f     44     94     95
f     44     95     96
f     44     96     45
f     46     45     96
f     46     96     97
f     46     97     52
f     46     52     49
f     46     49     48
f     46     48     47
f     97     98     99
f     97     99    100
f     97    100    101
f     97    101     53
f     97     53     52
f    101    102     56
f    101     56     54
f    101     54     53
f    100    103    104
f    100    104    105
f    100    105    106
f    100    106    102
f    100    102    101
f    105    107    108
f    105    108    106
f    106    108    109
f    106    109     60
f    106     60     57
f    106     57     56
f    106     56    102
f    110    111    112
f    110    112    109
f    110    109    108
f    110    108    107
f     61     60    109
f     61    109    112
f     61    112    113
f    113    112    111
f    113    111    114
f    113    114    115
f    113    115    116
f     51     59     61
f     51     61    113
f     51    113    116
f     51    116    117
f     51    117     63
f     51     63     62
f     51     62     24
f     51     24     23
f     64     63    117
f     64    117    118
f     64    118    119
f     64    119    120
f     64    120     65
f    119    121    122
f    119    122    123
f    119    123    124
f    119    124    120
f     65    120    124
f     65    124    125
f     65    125     69
f     65     69     66
f    124    123    126
f    124    126    127
f    124    127    128
f    124    128    129
f    124    129    130
f    124    130    125
f    125    130    131
f    125    131     70
f    125     70     69
f    131    130    129
f    131    129    132
f    131    132    133
f     73     71     70
f     73     70    131
f     73    131    133
f     73    133    134
f     73    134     75
f     73     75     74
f    134    135    136
f    134    136    137
f    134    137     76
f    134     76     75
f    137    136    138
f    137    138    139
f    137    139    140
f    137    140    141
f    137    141    142
f    137    142    143
f     77     76    137
f     77    137    143
f     77    143    144
f     77    144     80
f    144    143    142
f    144    142    145
f    144    145    146
f    144    146    147
f     81     80    144
f     81    144    147
f     81    147    148
f     81    148    149
f     81    149     83
f    148    150    151
f    148    151    149
f     83    149    151
f     83    151    152
f     83    152    153
f     83    153     86
f     83     86     85
f     83     85     84
f    153    154    155
f    153    155    156
f    153    156    157
f    153    157    158
f    153    158    159
f    153    159     87
f    153     87     86
f    158    160    161
f    158    161    162
f    158    162    159
f     87    159    162
f     87    162    163
f     87    163     88
f     92    164    165
f     92    165     93
f     93    165    166
f     93    166    167
f     93    167    168
f     93    168     95
f     93     95     94
f     96     95    168
f     96    168    169
f     96    169    170
f     96    170     98
f     96     98     97
f    170    171    172
f    170    172    173
f    170    173    174
f    170    174     99
f    170     99     98
f    173    175    176
f    173    176    177
f    173    177    178
f    173    178    179
f    173    179    174
f     99    174    179
f     99    179    180
f     99    180    103
f     99    103    100
f    179    178    181
f    179    181    182
f    179    182    183
f    179    183    180
f    180    183    184
f    180    184    185
f    180    185    186
f    180    186    104
f    180    104    103
f    104    186    187
f    104    187    110
f    104    110    107
f    104    107    105
f    185    188    189
f    185    189    190
f    185    190    187
f    185    187    186
f    187    190    191
f    187    191    192
f    187    192    114
f    187    114    111
f    187    111    110
f    191    193    194
f    191    194    195
f    191    195    196
f    191    196    192
f    114    192    196
f    114    196    197
f    114    197    115
f    197    196    195
f    197    195    198
f    197    198    199
f    197    199    200
f    197    200    201
f    116    115    197
f    116    197    201
f    116    201    202
f    116    202    203
f    116    203    204
f    116    204    205
f    116    205    118
f    116    118    117
f    118    205    206
f    118    206    207
f    118    207    121
f    118    121    119
f    207    208    209
f    207    209    210
f    207    210    211
f    207    211    122
f    207    122    121
f    122    211    212
f    122    212    213
f    122    213    214
f    122    214    215
f    122    215    126
f    122    126    123
f    214    216    217
f    214    217    218
f    214    218    219
f    214    219    215
f    126    215    219
f    126    219    220
f    126    220    127
f    127    220    221
f    127    221    222
f    127    222    223
f    127    223    128
f    128    223    224
f    128    224    225
f    128    225    226
f    128    226    132
f    128    132    129
f    133    132    226
f    133    226    227
f    133    227    228
f    133    228    135
f    133    135    134
f    228    229    230
f    228    230    231
f    228    231    138
f    228    138    136
f    228    136    135
f    138    231    232
f    138    232    233
f    138    233    139
f    140    234    235
f    140    235    236
f    140    236    237
f    140    237    141
f    142    141    237
f    142    237    238
f    142    238    239
f    142    239    145
f    238    240    241
f    238    241    242
f    238    242    239
f    145    239    242
f    145    242    243
f    145    243    244
f    145    244    245
f    145    245    146
f    147    146    245
f    147    245    246
f    147    246    247
f    147    247    150
f    147    150    148
f    151    150    247
f    151    247    248
f    151    248    249
f    151    249    152
f    152    249    250
f    152    250    154
f    152    154    153
f    156    251    252
f    156    252    253
f    156    253    254
f    156    254    157
f    157    254    255
f    157    255    256
f    157    256    257
f    157    257    258
f    157    258    160
f    157    160    158
f    257    259    260
f    257    260    258
f    258    260    161
f    258    161    160
f     89    261    262
f     89    262     90
f     91     90    262
f     91    262    263
f     91    263    264
f     91    264    164
f     91    164     92
f    168    167    265
f    168    265    169
f    169    265    266
f    169    266    267
f    169    267    171
f    169    171    170
f    172    268    269
f    172    269    270
f    172    270    175
f    172    175    173
f    270    271    272
f    270    272    273
f    270    273    176
f    270    176    175
f    176    273    274
f    176    274    275
f    176    275    177
f    177    275    276
f    177    276    277
f    177    277    181
f    177    181    178
f    181    277    278
f    181    278    279
f    181    279    182
f    182    279    280
f    182    280    281
f    182    281    282
f    182    282    184
f    182    184    183
f    184    282    283
f    184    283    284
f    184    284    188
f    184    188    185
f    284    285    286
f    284    286    189
f    284    189    188
f    189    286    287
f    189    287    193
f    189    193    191
f    189    191    190
f    287    288    289
f    287    289    290
f    287    290    194
f    287    194    193
f    195    194    290
f    195    290    291
f    195    291    198
f    198    291    292
f    198    292    293
f    198    293    294
f    198    294    199
f    199    294    295
f    199    295    296
f    199    296    297
f    199    297    200
f    201    200    297
f    201    297    298
f    201    298    202
f    204    299    300
f    204    300    206
f    204    206    205
f    206    300    301
f    206    301    208
f    206    208    207
f    209    302    303
f    209    303    304
f    209    304    305
f    209    305    210
f    210    305    306
f    210    306    307
f    210    307    308
f    210    308    212
f    210    212    211
f    212    308    309
f    212    309    310
f    212    310    311
f    212    311    213
f    213    311    312
f    213    312    313
f    213    313    216
f    213    216    214
f    217    314    315
f    217    315    316
f    217    316    218
f    219    218    316
f    219    316    221
f    219    221    220
f    222    317    224
f    222    224    223
f    226    225    318
f    226    318    319
f    226    319    320
f    226    320    227
f    227    320    321
f    227    321    229
f    227    229    228
f    232    322    323
f    232    323    233
f    139    233    323
f    139    323    324
f    139    324    234
f    139    234    140
f    235    325    326
f    235    326    327
f    235    327    328
f    235    328    236
f    237    236    328
f    237    328    329
f    237    329    240
f    237    240    238
f    329    330    331
f    329    331    332
f    329    332    241
f    329    241    240
f    242    241    332
f    242    332    333
f    242    333    243
f    243    333    334
f    243    334    335
f    243    335    336
f    243    336    244
f    245    244    336
f    245    336    337
f    245    337    338
f    245    338    246
f    246    338    339
f    246    339    248
f    246    248    247
f    250    340    341
f    250    341    155
f    250    155    154
f    155    341    251
f    155    251    156
f    253    342    343
f    253    343    255
f    253    255    254
f    255    343    344
f    255    344    345
f    255    345    256
f    346    345    344
f    346    344    347
f    346    347    348
f    346    348    349
f    256    345    346
f    256    346    350
f    256    350    259
f    256    259    257
f    162    161    260
f    162    260    259
f    162    259    350
f    162    350    351
f    162    351    352
f    162    352    163
f     88    163    352
f     88    352    261
f     88    261     89
f    264    353    166
f    264    166    165
f    264    165    164
f    166    353    354
f    166    354    266
f    166    266    265
f    166    265    167
f    267    355    268
f    267    268    172
f    267    172    171
f    269    356    357
f    269    357    271
f    269    271    270
f    357    358    359
f    357    359    360
f    357    360    272
f    357    272    271
f    272    360    361
f    272    361    362
f    272    362    274
f    272    274    273
f    274    362    363
f    274    363    364
f    274    364    276
f    274    276    275
f    276    364    365
f    276    365    366
f    276    366    367
f    276    367    278
f    276    278    277
f    278    367    368
f    278    368    280
f    278    280    279
f    280    368    369
f    280    369    370
f    280    370    371
f    280    371    372
f    280    372    373
f    280    373    281
f    281    373    374
f    281    374    283
f    281    283    282
f    283    374    375
f    283    375    376
f    283    376    377
f    283    377    285
f    283    285    284
f    377    378    379
f    377    379    380
f    377    380    288
f    377    288    287
f    377    287    286
f    377    286    285
f    380    381    382
f    380    382    383
f    380    383    289
f    380    289    288
f    290    289    383
f    290    383    292
f    290    292    291
f    292    383    382
f    292    382    384
f    292    384    385
f    292    385    386
f    292    386    293
f    293    386    387
f    293    387    295
f    293    295    294
f    295    387    388
f    295    388    389
f    295    389    296
f    297    296    389
f    297    389    390
f    297    390    391
f    297    391    298
f    202    298    391
f    202    391    392
f    202    392    203
f    393    394    395
f    393    395    301
f    393    301    300
f    393    300    299
f    301    395    396
f    301    396    302
f    301    302    209
f    301    209    208
f    303    397    398
f    303    398    399
f    303    399    304
f    304    399    400
f    304    400    401
f    304    401    402
f    304    402    306
f    304    306    305
f    306    402    403
f    306    403    404
f    306    404    405
f    306    405    307
f    307    405    406
f    307    406    407
f    307    407    309
f    307    309    308
f    309    407    408
f    309    408    409
f    309    409    310
f    312    410    313
f    315    314    411
f    315    411    412
f    221    316    315
f    221    315    412
f    221    412    413
f    221    413    317
f    221    317    222
f    224    317    413
f    224    413    414
f    224    414    318
f    224    318    225
f    319    415    416
f    319    416    417
f    319    417    321
f    319    321    320
f    321    417    418
f    321    418    230
f    321    230    229
f    323    322    419
f    323    419    420
f    323    420    421
f    323    421    324
f    324    421    422
f    324    422    325
f    324    325    235
f    324    235    234
f    326    423    424
f    326    424    425
f    326    425    327
f    328    327    425
f    328    425    426
f    328    426    330
f    328    330    329
f    426    427    428
f    426    428    429
f    426    429    331
f    426    331    330
f    332    331    429
f    332    429    430
f    332    430    334
f    332    334    333
f    431    430    429
f    431    429    428
f    431    428    432
f    431    432    433
f    334    430    431
f    334    431    335
f    336    335    431
f    336    431    433
f    336    433    434
f    336    434    435
f    336    435    337
f    337    435    436
f    337    436    437
f    337    437    438
f    337    438    339
f    337    339    338
f    248    339    438
f    248    438    439
f    248    439    440
f    248    440    340
f    248    340    250
f    248    250    249
f    440    441    442
f    440    442    252
f    440    252    251
f    440    251    341
f    440    341    340
f    252    442    443
f    252    443    444
f    252    444    445
f    252    445    342
f    252    342    253
f    445    347    344
f    445    344    343
f    445    343    342
f    444    446    447
f    444    447    348
f    444    348    347
f    444    347    445
f    448    449    450
f    448    450    451
f    448    451    452
f    447    446    449
f    447    449    448
f    349    348    447
f    349    447    448
f    349    448    452
f    349    452    453
f    349    453    454
f    351    350    346
f    351    346    349
f    351    349    454
f    351    454    455
f    262    261    352
f    262    352    351
f    262    351    455
f    262    455    456
f    262    456    457
f    262    457    263
f    263    457    458
f    263    458    459
f    263    459    354
f    263    354    353
f    263    353    264
f    266    354    459
f    266    459    460
f    266    460    461
f    266    461    355
f    266    355    267
f    461    462    356
f    461    356    269
f    461    269    268
f    461    268    355
f    463    464    465
f    463    465    358
f    463    358    357
f    463    357    356
f    463    356    462
f    465    466    359
f    465    359    358
f    359    466    467
f    359    467    468
f    359    468    469
f    359    469    361
f    359    361    360
f    361    469    470
f    361    470    363
f    361    363    362
f    363    470    471
f    363    471    365
f    363    365    364
f    366    472    369
f    366    369    368
f    366    368    367
f    369    472    370
f    371    473    474
f    371    474    475
f    371    475    476
f    371    476    372
f    372    476    375
f    372    375    374
f    372    374    373
f    375    476    475
f    375    475    477
f    375    477    478
f    375    478    479
f    375    479    376
f    376    479    480
f    376    480    481
f    376    481    378
f    376    378    377
f    481    482    483
f    481    483    484
f    481    484    379
f    481    379    378
f    379    484    485
f    379    485    486
f    379    486    381
f    379    381    380
f    485    487    488
f    485    488    489
f    485    489    486
f    382    381    486
f    382    486    489
f    382    489    490
f    382    490    384
f    384    490    491
f    384    491    492
f    384    492    493
f    384    493    385
f    385    493    494
f    385    494    388
f    385    388    387
f    385    387    386
f    389    388    494
f    389    494    495
f    389    495    496
f    389    496    390
f    391    390    496
f    391    496    497
f    391    497    392
f    203    392    497
f    203    497    498
f    203    498    393
f    203    393    299
f    203    299    204
f    499    500    396
f    499    396    395
f    499    395    394
f    396    500    501
f    396    501    502
f    396    502    397
f    396    397    303
f    396    303    302
f    502    503    504
f    502    504    505
f    502    505    398
f    502    398    397
f    398    505    506
f    398    506    507
f    398    507    508
f    398    508    400
f    398    400    399
f    400    508    509
f    400    509    401
f    401    509    510
f    401    510    511
f    401    511    512
f    401    512    513
f    401    513    403
f    401    403    402
f    403    513    514
f    403    514    404
f    404    514    515
f    404    515    516
f    404    516    406
f    404    406    405
f    406    516    517
f    406    517    408
f    406    408    407
f    310    409    518
f    310    518    519
f    310    519    410
f    310    410    312
f    310    312    311
f    313    410    519
f    313    519    520
f    313    520    411
f    313    411    314
f    313    314    217
f    313    217    216
f    412    411    520
f    412    520    521
f    412    521    522
f    412    522    414
f    412    414    413
f    318    414    522
f    318    522    523
f    318    523    415
f    318    415    319
f    416    524    418
f    416    418    417
f    230    418    524
f    230    524    525
f    230    525    419
f    230    419    322
f    230    322    232
f    230    232    231
f    420    526    527
f    420    527    422
f    420    422    421
f    422    527    528
f    422    528    529
f    422    529    423
f    422    423    326
f    422    326    325
f    529    530    531
f    529    531    424
f    529    424    423
f    425    424    531
f    425    531    532
f    425    532    427
f    425    427    426
f    531    530    533
f    531    533    534
f    531    534    535
f    531    535    532
f    428    427    532
f    428    532    535
f    428    535    536
f    428    536    432
f    536    535    534
f    536    534    537
f    536    537    538
f    536    538    539
f    536    539    540
f    433    432    536
f    433    536    540
f    433    540    541
f    433    541    434
f    540    539    542
f    540    542    543
f    540    543    544
f    540    544    545
f    540    545    541
f    434    541    545
f    434    545    546
f    434    546    436
f    434    436    435
f    436    546    547
f    436    547    548
f    436    548    549
f    436    549    437
f    438    437    549
f    438    549    550
f    438    550    551
f    438    551    552
f    438    552    439
f    439    552    553
f    439    553    554
f    439    554    555
f    439    555    556
f    439    556    441
f    439    441    440
f    556    557    558
f    556    558    443
f    556    443    442
f    556    442    441
f    555    559    560
f    555    560    561
f    555    561    562
f    555    562    557
f    555    557    556
f    443    558    450
f    443    450    449
f    443    449    446
f    443    446    444
f    451    450    558
f    451    558    557
f    451    557    562
f    561    560    563
f    561    563    564
f    561    564    565
f    564    563    566
f    564    566    567
f    564    567    568
f    564    568    569
f    453    452    451
f    453    451    562
f    453    562    561
f    453    561    565
f    453    565    570
f    570    565    564
f    570    564    569
f    570    569    571
f    570    571    572
f    455    454    453
f    455    453    570
f    455    570    572
f    455    572    573
f    455    573    574
f    455    574    456
f    456    574    575
f    456    575    576
f    456    576    458
f    456    458    457
f    458    576    577
f    458    577    578
f    458    578    460
f    458    460    459
f    460    578    579
f    460    579    580
f    460    580    463
f    460    463    462
f    460    462    461
f    580    581    582
f    580    582    583
f    580    583    464
f    580    464    463
f    582    584    585
f    582    585    583
f    583    585    586
f    583    586    467
f    583    467    466
f    583    466    465
f    583    465    464
f    587    468    467
f    587    467    586
f    471    470    469
f    471    469    468
f    471    468    587
f    588    589    590
f    590    589    474
f    590    474    473
f    591    592    477
f    591    477    475
f    591    475    474
f    591    474    589
f    591    589    588
f    593    594    595
f    593    595    592
f    593    592    591
f    477    592    595
f    477    595    596
f    477    596    478
f    478    596    597
f    478    597    598
f    478    598    599
f    478    599    480
f    478    480    479
f    480    599    600
f    480    600    482
f    480    482    481
f    600    601    602
f    600    602    603
f    600    603    483
f    600    483    482
f    483    603    604
f    483    604    487
f    483    487    485
f    483    485    484
f    605    488    487
f    605    487    604
f    605    604    606
f    605    606    607
f    489    488    605
f    489    605    608
f    489    608    491
f    489    491    490
f    492    491    608
f    492    608    609
f    495    494    493
f    495    493    492
f    495    492    609
f    495    609    610
f    495    610    611
f    497    496    495
f    497    495    611
f    497    611    612
f    497    612    613
f    497    613    498
f    498    613    614
f    498    614    499
f    498    499    394
f    498    394    393
f    614    615    616
f    614    616    617
f    614    617    501
f    614    501    500
f    614    500    499
f    617    618    619
f    617    619    503
f    617    503    502
f    617    502    501
f    619    620    504
f    619    504    503
f    504    620    621
f    504    621    622
f    504    622    623
f    504    623    624
f    504    624    625
f    504    625    626
f    504    626    627
f    504    627    506
f    504    506    505
f    506    627    628
f    506    628    629
f    506    629    507
f    626    630    631
f    626    631    632
f    626    632    628
f    626    628    627
f    507    629    510
f    507    510    509
f    507    509    508
f    510    629    628
f    510    628    632
f    510    632    633
f    510    633    511
f    512    634    635
f    512    635    515
f    512    515    514
f    512    514    513
f    515    635    636
f    515    636    637
f    515    637    517
f    515    517    516
f    408    517    637
f    408    637    638
f    408    638    518
f    408    518    409
f    518    638    639
f    518    639    521
f    518    521    520
f    518    520    519
f    522    521    639
f    522    639    640
f    522    640    641
f    522    641    523
f    523    641    642
f    523    642    643
f    523    643    525
f    523    525    524
f    523    524    416
f    523    416    415
f    525    643    644
f    525    644    645
f    525    645    526
f    525    526    420
f    525    420    419
f    645    646    647
f    645    647    528
f    645    528    527
f    645    527    526
f    528    647    648
f    528    648    533
f    528    533    530
f    528    530    529
f    534    533    648
f    534    648    649
f    534    649    537
f    537    649    650
f    537    650    538
f    538    650    651
f    538    651    542
f    538    542    539
f    542    651    652
f    542    652    653
f    542    653    543
f    543    653    654
f    543    654    655
f    543    655    544
f    655    654    656
f    655    656    657
f    655    657    658
f    655    658    659
f    655    659    660
f    545    544    655
f    545    655    660
f    545    660    661
f    545    661    547
f    545    547    546
f    547    661    662
f    547    662    663
f    547    663    664
f    547    664    548
f    549    548    664
f    549    664    665
f    549    665    666
f    549    666    550
f    550    666    667
f    550    667    668
f    550    668    669
f    550    669    551
f    551    669    670
f    551    670    671
f    551    671    672
f    551    672    553
f    551    553    552
f    553    672    673
f    553    673    674
f    553    674    675
f    553    675    676
f    553    676    554
f    554    676    677
f    554    677    678
f    554    678    559
f    554    559    555
f    677    679    567
f    677    567    566
f    677    566    678
f    678    566    563
f    678    563    560
f    678    560    559
f    567    679    680
f    567    680    681
f    567    681    568
f    681    680    682
f    681    682    683
f    569    568    681
f    569    681    683
f    569    683    684
f    569    684    685
f    569    685    686
f    569    686    571
f    572    571    686
f    572    686    687
f    572    687    688
f    572    688    573
f    573    688    689
f    573    689    690
f    573    690    575
f    573    575    574
f    575    690    691
f    575    691    692
f    575    692    577
f    575    577    576
f    577    692    693
f    577    693    694
f    577    694    579
f    577    579    578
f    579    694    695
f    579    695    696
f    579    696    697
f    579    697    698
f    579    698    581
f    579    581    580
f    698    584    582
f    698    582    581
f    695    699    700
f    695    700    696
f    696    700    701
f    696    701    697
f    702    703    704
f    702    704    705
f    705    704    706
f    705    706    707
f    705    707    708
f    708    707    709
f    708    709    594
f    708    594    593
f    706    710    711
f    706    711    709
f    706    709    707
f    709    711    712
f    709    712    597
f    709    597    596
f    709    596    595
f    709    595    594
f    597    712    713
f    597    713    714
f    597    714    715
f    597    715    598
f    598    715    716
f    598    716    601
f    598    601    600
f    598    600    599
f    717    602    601
f    717    601    716
f    717    716    718
f    717    718    719
f    720    606    604
f    720    604    603
f    720    603    602
f    720    602    717
f    607    606    720
f    607    720    721
f    609    608    605
f    609    605    607
f    609    607    721
f    609    721    722
f    609    722    610
f    611    610    722
f    611    722    723
f    611    723    724
f    611    724    725
f    611    725    612
f    612    725    726
f    612    726    615
f    612    615    614
f    612    614    613
f    726    727    728
f    726    728    729
f    726    729    616
f    726    616    615
f    616    729    730
f    616    730    731
f    616    731    732
f    616    732    618
f    616    618    617
f    732    733    621
f    732    621    620
f    732    620    619
f    732    619    618
f    734    735    736
f    734    736    622
f    734    622    621
f    734    621    733
f    625    737    630
f    625    630    626
f    624    738    739
f    624    739    737
f    624    737    625
f    632    631    740
f    632    740    741
f    632    741    633
f    741    740    742
f    741    742    743
f    741    743    744
f    511    633    741
f    511    741    744
f    511    744    745
f    511    745    634
f    511    634    512
f    636    635    634
f    636    634    745
f    636    745    746
f    639    638    637
f    639    637    636
f    639    636    746
f    639    746    747
f    639    747    748
f    639    748    640
f    640    748    749
f    640    749    750
f    640    750    642
f    640    642    641
f    642    750    751
f    642    751    752
f    642    752    644
f    642    644    643
f    644    752    753
f    644    753    754
f    644    754    646
f    644    646    645
f    754    755    756
f    754    756    652
f    754    652    651
f    754    651    650
f    754    650    649
f    754    649    648
f    754    648    647
f    754    647    646
f    652    756    656
f    652    656    654
f    652    654    653
f    656    756    755
f    656    755    757
f    656    757    758
f    656    758    657
f    657    758    759
f    657    759    658
f    658    759    760
f    658    760    761
f    658    761    762
f    658    762    659
f    660    659    762
f    660    762    763
f    660    763    662
f    660    662    661
f    662    763    764
f    662    764    765
f    662    765    766
f    662    766    663
f    664    663    766
f    664    766    767
f    664    767    768
f    664    768    665
f    665    768    769
f    665    769    770
f    665    770    667
f    665    667    666
f    667    770    771
f    667    771    772
f    667    772    773
f    667    773    774
f    667    774    668
f    670    775    776
f    670    776    777
f    670    777    671
f    671    777    778
f    671    778    779
f    671    779    673
f    671    673    672
f    674    780    781
f    674    781    675
f    675    781    682
f    675    682    680
f    675    680    679
f    675    679    677
f    675    677    676
f    683    682    781
f    683    781    780
f    683    780    782
f    683    782    783
f    683    783    684
f    684    783    784
f    684    784    685
f    686    685    784
f    686    784    785
f    686    785    786
f    686    786    687
f    687    786    787
f    687    787    788
f    687    788    689
f    687    689    688
f    689    788    789
f    689    789    790
f    689    790    791
f    689    791    691
f    689    691    690
f    691    791    792
f    691    792    793
f    691    793    693
f    691    693    692
f    693    793    794
f    693    794    795
f    693    795    699
f    693    699    695
f    693    695    694
f    795    796    797
f    795    797    701
f    795    701    700
f    795    700    699
f    797    796    798
f    797    798    799
f    797    799    800
f    800    799    801
f    800    801    802
f    800    802    803
f    803    802    804
f    803    804    805
f    803    805    703
f    803    703    702
f    805    806    710
f    805    710    706
f    805    706    704
f    805    704    703
f    804    807    808
f    804    808    809
f    804    809    806
f    804    806    805
f    809    713    712
f    809    712    711
f    809    711    710
f    809    710    806
f    808    810    811
f    808    811    812
f    808    812    714
f    808    714    713
f    808    713    809
f    714    812    718
f    714    718    716
f    714    716    715
f    719    718    812
f    719    812    811
f    719    811    813
f    719    813    814
f    722    721    720
f    722    720    717
f    722    717    719
f    722    719    814
f    722    814    723
f    723    814    813
f    723    813    815
f    723    815    816
f    723    816    817
f    723    817    724
f    724    817    818
f    724    818    819
f    724    819    727
f    724    727    726
f    724    726    725
f    819    820    821
f    819    821    728
f    819    728    727
f    728    821    822
f    728    822    823
f    728    823    730
f    728    730    729
f    731    824    734
f    731    734    733
f    731    733    732
f    825    826    827
f    825    827    735
f    825    735    734
f    825    734    824
f    622    736    828
f    622    828    829
f    622    829    623
f    828    830    831
f    828    831    829
f    739    742    740
f    739    740    631
f    739    631    630
f    739    630    737
f    743    742    739
f    743    739    738
f    743    738    832
f    746    745    744
f    746    744    743
f    746    743    832
f    746    832    833
f    746    833    834
f    746    834    747
f    747    834    835
f    747    835    836
f    747    836    749
f    747    749    748
f    749    836    837
f    749    837    838
f    749    838    751
f    749    751    750
f    751    838    839
f    751    839    840
f    751    840    753
f    751    753    752
f    753    840    841
f    753    841    842
f    753    842    843
f    753    843    757
f    753    757    755
f    753    755    754
f    843    760    759
f    843    759    758
f    843    758    757
f    842    844    845
f    842    845    761
f    842    761    760
f    842    760    843
f    762    761    845
f    762    845    764
f    762    764    763
f    764    845    844
f    764    844    846
f    764    846    847
f    764    847    765
f    766    765    847
f    766    847    848
f    766    848    849
f    766    849    767
f    767    849    850
f    767    850    851
f    767    851    769
f    767    769    768
f    769    851    852
f    769    852    771
f    769    771    770
f    773    853    854
f    773    854    774
f    668    774    854
f    668    854    775
f    668    775    670
f    668    670    669
f    778    855    856
f    778    856    779
f    673    779    856
f    673    856    782
f    673    782    780
f    673    780    674
f    784    783    782
f    784    782    856
f    784    856    855
f    784    855    857
f    784    857    858
f    784    858    859
f    784    859    785
f    785    859    860
f    785    860    861
f    785    861    787
f    785    787    786
f    787    861    862
f    787    862    789
f    787    789    788
f    789    862    863
f    789    863    864
f    789    864    865
f    789    865    790
f    790    865    866
f    790    866    867
f    790    867    868
f    790    868    792
f    790    792    791
f    792    868    869
f    792    869    870
f    792    870    871
f    792    871    794
f    792    794    793
f    794    871    872
f    794    872    873
f    794    873    798
f    794    798    796
f    794    796    795
f    872    874    875
f    872    875    876
f    872    876    877
f    872    877    873
f    873    877    878
f    873    878    801
f    873    801    799
f    873    799    798
f    801    878    879
f    801    879    807
f    801    807    804
f    801    804    802
f    876    880    881
f    876    881    879
f    876    879    878
f    876    878    877
f    879    881    882
f    879    882    810
f    879    810    808
f    879    808    807
f    882    881    880
f    882    880    883
f    882    883    884
f    813    811    810
f    813    810    882
f    813    882    884
f    813    884    815
f    815    884    883
f    815    883    885
f    815    885    886
f    815    886    816
f    816    886    887
f    816    887    888
f    816    888    889
f    816    889    818
f    816    818    817
f    818    889    890
f    818    890    820
f    818    820    819
f    890    891    822
f    890    822    821
f    890    821    820
f    730    823    892
f    730    892    825
f    730    825    824
f    730    824    731
f    892    893    894
f    892    894    826
f    892    826    825
f    827    830    828
f    827    828    736
f    827    736    735
f    894    895    896
f    894    896    831
f    894    831    830
f    894    830    827
f    894    827    826
f    623    829    831
f    623    831    896
f    623    896    833
f    623    833    832
f    623    832    738
f    623    738    624
f    833    896    895
f    833    895    897
f    833    897    898
f    833    898    899
f    833    899    835
f    833    835    834
f    835    899    900
f    835    900    901
f    835    901    902
f    835    902    837
f    835    837    836
f    837    902    903
f    837    903    904
f    837    904    839
f    837    839    838
f    839    904    905
f    839    905    906
f    839    906    841
f    839    841    840
f    841    906    907
f    841    907    846
f    841    846    844
f    841    844    842
f    907    906    905
f    907    905    908
f    907    908    909
f    907    909    910
f    847    846    907
f    847    907    910
f    847    910    848
f    848    910    909
f    848    909    911
f    848    911    912
f    848    912    850
f    848    850    849
f    850    912    913
f    850    913    852
f    850    852    851
f    771    852    913
f    771    913    914
f    771    914    915
f    771    915    772
f    772    915    916
f    772    916    853
f    772    853    773
f    854    853    916
f    854    916    858
f    854    858    857
f    854    857    776
f    854    776    775
f    776    857    855
f    776    855    778
f    776    778    777
f    860    917    918
f    860    918    919
f    860    919    863
f    860    863    862
f    860    862    861
f    863    919    920
f    863    920    921
f    863    921    922
f    863    922    864
f    864    922    923
f    864    923    924
f    864    924    925
f    864    925    866
f    864    866    865
f    866    925    926
f    866    926    927
f    866    927    928
f    866    928    929
f    866    929    930
f    866    930    867
f    867    930    931
f    867    931    932
f    867    932    869
f    867    869    868
f    869    932    933
f    869    933    934
f    869    934    935
f    869    935    870
f    870    935    936
f    870    936    874
f    870    874    872
f    870    872    871
f    936    937    875
f    936    875    874
f    934    938    937
f    934    937    936
f    934    936    935
f    875    937    938
f    875    938    939
f    875    939    885
f    875    885    883
f    875    883    880
f    875    880    876
f    933    940    941
f    933    941    942
f    933    942    939
f    933    939    938
f    933    938    934
f    885    939    942
f    885    942    887
f    885    887    886
f    887    942    941
f    887    941    943
f    887    943    944
f    887    944    945
f    887    945    888
f    888    945    946
f    888    946    947
f    888    947    891
f    888    891    890
f    888    890    889
f    822    891    947
f    822    947    948
f    822    948    893
f    822    893    892
f    822    892    823
f    946    949    950
f    946    950    948
f    946    948    947
f    948    950    897
f    948    897    895
f    948    895    894
f    948    894    893
f    897    950    949
f    897    949    951
f    897    951    952
f    897    952    898
f    898    952    953
f    898    953    900
f    898    900    899
f    900    953    954
f    900    954    955
f    900    955    956
f    900    956    957
f    900    957    901
f    901    957    958
f    901    958    959
f    901    959    903
f    901    903    902
f    903    959    960
f    903    960    961
f    903    961    908
f    903    908    905
f    903    905    904
f    960    959    958
f    960    958    962
f    960    962    963
f    909    908    961
f    909    961    964
f    909    964    911
f    964    961    960
f    964    960    963
f    964    963    965
f    964    965    966
f    913    912    911
f    913    911    964
f    913    964    966
f    913    966    967
f    913    967    914
f    967    966    965
f    967    965    968
f    967    968    918
f    967    918    917
f    858    916    915
f    858    915    914
f    858    914    967
f    858    967    917
f    858    917    860
f    858    860    859
f    921    969    970
f    921    970    971
f    921    971    923
f    921    923    922
f    923    971    972
f    923    972    973
f    923    973    974
f    923    974    975
f    923    975    924
f    924    975    976
f    924    976    977
f    924    977    978
f    924    978    979
f    924    979    980
f    924    980    926
f    924    926    925
f    928    981    982
f    928    982    929
f    929    982    983
f    929    983    984
f    929    984    931
f    929    931    930
f    931    984    985
f    931    985    940
f    931    940    933
f    931    933    932
f    986    985    984
f    986    984    983
f    987    943    941
f    987    941    940
f    987    940    985
f    987    985    986
f    926    980    988
f    926    988    989
f    926    989    990
f    926    990    987
f    926    987    986
f    926    986    983
f    926    983    982
f    926    982    981
f    926    981    927
f    990    991    944
f    990    944    943
f    990    943    987
f    944    991    992
f    944    992    951
f    944    951    949
f    944    949    946
f    944    946    945
f    989    993    994
f    989    994    995
f    989    995    992
f    989    992    991
f    989    991    990
f    954    953    952
f    954    952    951
f    954    951    992
f    954    992    995
f    954    995    996
f    954    996    997
f    954    997    998
f    954    998    999
f    972   1000    999
f    972    999    998
f    972    998    973
f   1001    955    954
f   1001    954    999
f   1001    999   1000
f   1001   1000   1002
f   1001   1002   1003
f   1004    962    958
f   1004    958    957
f   1004    957    956
f   1004    956   1005
f   1005    956    955
f   1005    955   1001
f   1005   1001   1006
f    965    963    962
f    965    962   1004
f    965   1004    968
f    920   1006   1001
f    920   1001   1003
f    920   1003   1007
f    920   1007    969
f    920    969    921
f    918    968   1004
f    918   1004   1005
f    918   1005   1006
f    918   1006    920
f    918    920    919
f    974   1008   1009
f    974   1009    976
f    974    976    975
f    979   1010    988
f    979    988    980
f    927    981    928
f    978    994    993
f    978    993   1010
f    978   1010    979
f    988   1010    993
f    988    993    989
f    977   1011    996
f    977    996    995
f    977    995    994
f    977    994    978
f    997    996   1011
f    997   1011   1009
f    997   1009   1008
f    973    998    997
f    973    997   1008
f    973   1008    974
f   1003   1002   1012
f   1003   1012   1007
f    970   1012   1002
f    970   1002   1000
f    970   1000    972
f    970    972    971
f   1007   1012    970
f   1007    970    969
f    976   1009   1011
f    976   1011    977
f    697    701    797
f    697    797    800
f    697    800    803
f    697    803    702
f    697    702    705
f    697    705    708
f    697    708    593
f    697    593    591
f    697    591    588
f    697    588    590
f    697    590    473
f    697    473    371
f    697    371    370
f    697    370    472
f    697    472    366
f    697    366    365
f    697    365    471
f    697    471    587
f    697    587    586
f    697    586    585
f    697    585    584
f    697    584    698
