v     4.825885   -22.655366    60.286568
v     4.825885   -23.523126    60.372028
v     6.444244   -22.043986    60.066894
v     7.234052   -20.619348    59.848795
v     6.948104   -20.333308    59.848795
v     0.482638   -23.231154    59.915439
v    -1.383017   -25.096716    59.915439
v     0.322286   -25.212022    60.094793
v     3.236908   -25.212022    60.381853
v     4.699734   -23.749195    60.381853
v     3.236908   -25.598444    60.343757
v     3.313933   -25.682606    60.327907
v     4.616036   -24.380411    60.327907
v     9.217793   -18.232870    59.130266
v    11.152873   -16.569093    58.334248
v    10.417566   -14.793903    58.334248
v    10.084440   -15.127029    58.477175
v     9.342461   -15.334098    58.633172
v    14.410261    -4.909954    54.834291
v     9.342461    -2.810814    54.834291
v   -23.762813   -10.555118    53.023786
v   -22.302489   -14.170195    54.303922
v   -18.553290   -17.919394    55.912270
v     7.187614     2.264958    53.023786
v   -17.046714   -23.318374    57.047717
v   -16.596521   -23.859959    57.210758
v   -16.075235   -24.267052    57.363418
v   -14.294669   -25.119888    57.796371
v    -9.628492   -25.235936    58.582656
v    -3.213635   -25.235936    59.637370
v    -2.974867   -25.228706    59.675466
v   -22.521144   -14.698247    54.303922
v   -18.877703   -21.222757    56.228991
v   -17.767190   -22.698930    56.751296
v   -15.707721   -25.154461    57.363418
v   -15.045084   -25.422983    57.530630
v    -6.366284   -25.416495    59.089297
v     3.325890   -25.707633    60.321882
v     5.450056   -28.137396    59.327324
v     5.770484   -28.004665    59.327324
v     5.066229   -26.261267    59.944636
v     3.448982   -25.809962    60.284807
v     5.078649   -26.037978    59.979395
v     6.379361   -22.897657    59.979395
v    15.890698    -3.429517    53.928158
v    11.243894   -16.540452    58.289757
v    14.743016   -16.540452    56.419375
v    20.686084   -13.102412    52.750352
v    17.549099    -1.395074    52.750352
v    25.876976    15.761481    43.307235
v    31.766655    23.647785    37.460379
v    29.838434    25.575913    37.460379
v    29.669554    25.449855    37.585602
v    22.136954     9.276272    47.309291
v     7.187614     3.977860    52.282455
v     6.274066    31.718634    37.585602
v     6.274066     6.874408    50.865047
v     1.516219    39.943347    32.507977
v     1.174844    39.919433    32.471828
v   -31.355847    31.202909    32.471828
v   -38.794460    25.879378    34.251930
v   -40.164504    24.490333    34.798150
v   -40.896288    23.592820    35.173079
v   -41.934782    22.663515    35.389138
v   -42.969197    21.606020    35.661368
v   -42.787248    16.276742    38.000481
v   -40.708314    11.441222    40.466022
v   -40.000166    10.265084    41.101965
v   -31.842930    -1.478866    47.647052
v   -27.449817    -6.868113    50.767074
v   -43.556849    21.473010    35.468388
v   -43.889419    21.245365    35.423804
v   -45.304881    19.829903    35.423804
v   -44.282886    18.279392    36.515687
v   -26.118425   -10.624635    52.016807
v   -26.204440   -10.544180    51.959247
v   -17.094449   -25.209890    56.751296
v   -17.071833   -25.200992    56.764643
v   -17.162391   -25.300911    56.683818
v   -16.136874   -26.326428    56.683818
v   -15.048142   -25.513355    57.490959
v    -7.776185   -25.916184    58.620288
v     5.835459   -29.563425    58.620288
v     5.835459   -29.359415    58.729291
v     6.347105   -30.447868    58.074254
v     7.067210   -31.219045    57.558900
v     8.506679   -30.833364    57.558900
v     8.381919   -30.514605    57.747152
v     7.833475   -30.067563    58.064707
v     9.087564   -30.538704    57.437384
v     8.647289   -30.938381    57.454624
v     9.064948   -30.843931    57.317536
v     9.290647   -30.618232    57.317536
v     9.666689   -30.637048    57.113805
v    11.170576   -29.872730    56.419375
v    27.624452   -11.575073    47.382052
v    44.261483   -11.575073    33.728420
v    52.655725    -4.986238    25.763886
v    54.103628    -3.369361    24.311719
v    48.507961    24.761821    24.311719
v    45.366157    27.257764    26.482693
v    41.305799    26.313536    29.969025
v    21.536325   -13.102412    52.129147
v    36.066337    26.532283    33.754280
v    44.971206    28.995415    25.913302
v    40.055417    36.352369    25.913302
v    36.607181    32.904133    30.188236
v    34.642904    32.737384    31.287534
v    42.905713    45.582022    17.638814
v    33.854116    51.630107    17.638814
v    33.269616    52.934620    16.800159
v     1.936937    41.620564    31.200127
v    32.811637    55.059528    15.131006
v    29.247724    59.545701    12.031097
v    15.355972    62.308962    12.031097
v    12.888391    62.493507    12.282471
v    11.875480    62.013375    12.841852
v     5.284791    56.111647    18.761099
v     1.936937    51.846538    22.807924
v    -2.342909    50.995277    22.807924
v   -12.668895    44.918365    26.109433
v   -14.677940    43.891736    26.466195
v   -28.891510    33.469354    31.298378
v   -42.975407    21.968158    35.389138
v   -45.024310    20.498194    35.223873
v   -45.512876    20.009628    35.223873
v   -42.729687    13.977949    38.492570
v   -45.866301    19.882273    34.954610
v   -46.257173    17.917254    34.954610
v   -23.215481   -25.570823    51.959247
v   -21.120049   -26.022314    53.605228
v   -20.564189   -25.893104    54.082579
v   -18.192635   -25.992097    55.795760
v   -19.717100   -28.121917    53.605228
v   -18.248805   -26.653622    55.425558
v   -16.242169   -26.483351    56.548584
v   -20.123358   -29.437460    52.425846
v   -16.003864   -32.190061    52.425846
v   -13.834558   -37.031421    49.313424
v   -13.284909   -37.536857    49.051669
v    -9.463227   -42.347536    45.727544
v    -0.543527   -44.121707    45.727544
v     1.551627   -42.245578    47.609327
v     3.838556   -39.331975    50.373792
v     7.074811   -33.628788    55.582574
v     7.130332   -33.505418    55.692874
v     7.130332   -31.470697    57.362676
v     8.332423   -31.904762    56.810247
v     7.400244   -33.165711    55.927657
v     8.508996   -31.696767    56.927684
v     8.626619   -31.434178    57.096472
v     9.311780   -30.976384    57.096472
v     9.427642   -30.877670    57.112229
v     9.428940   -30.874796    57.113805
v    12.554246   -29.484917    55.484416
v    16.104440   -28.209879    53.140204
v    19.424580   -26.722212    51.005750
v    25.448195   -23.935779    47.150328
v    30.402728   -22.150672    43.375640
v    42.904322   -12.908412    34.624542
v    44.201234   -11.878168    33.728420
v    54.602391    -3.358331    23.705993
v    58.902351     0.412743    17.738733
v    62.300720     5.907100    12.537553
v    62.304799     5.919799    12.530137
v    62.190420     7.318576    12.399445
v    61.019009    14.714924    12.399445
v    60.294177    15.502507    13.130580
v    54.152476    -3.358331    24.254252
v    53.691253    24.246837    18.598985
v    51.145164    34.433603    15.529200
v    46.300004    43.942715    15.529200
v    45.511030    46.890799    14.445567
v    44.294017    46.970326    15.513628
v    46.825275    51.523607     8.862042
v    44.067298    54.281584     8.862042
v    43.809158    54.396519     8.996349
v    42.673525    55.415548     8.757673
v    41.213109    55.806420     9.294438
v    35.169566    58.885752     9.294438
v    29.164211    60.386766    11.104109
v    28.110238    61.182506    10.445086
v    24.068140    62.909405     9.407520
v    21.694917    63.657224     9.097380
v    19.953837    63.806176     9.319372
v    17.662273    64.169055     9.319372
v    15.380350    64.355547     9.532558
v    13.758839    63.263664    11.175943
v    10.997340    61.874341    12.841852
v    10.213093    61.388647    13.282220
v     4.689538    56.305460    18.410084
v   -36.008027    29.843339    31.298378
v   -46.494922    19.838987    34.257399
v   -48.024855    19.762240    32.526700
v   -47.716292    19.717656    32.911362
v   -47.199362    18.130162    33.847619
v   -48.029860    19.762425    32.520583
v   -48.550127    19.564347    31.924960
v   -49.309161    19.171251    31.075831
v   -49.840180    18.594166    30.540085
v   -49.913683    18.130162    30.540085
v   -50.814440    17.112246    29.246139
v   -52.200982    15.053148    27.159234
v   -54.495605     9.896365    23.368047
v   -55.280221     7.718532    21.991700
v   -56.362001     4.361409    20.025662
v   -56.855295     2.544973    19.073926
v   -57.140686     0.713335    18.372730
v   -56.594744    -5.967634    17.748651
v   -54.430073   -19.634707    17.748651
v   -52.759251   -21.450217    19.434118
v   -50.678557   -22.527640    21.761552
v   -48.125887   -24.359556    24.221996
v   -25.220819   -26.635084    49.466547
v   -42.616235   -35.172717    24.221996
v   -31.398021   -35.735436    36.912491
v   -25.706420   -32.098020    45.671374
v   -22.962995   -32.277096    48.079078
v   -25.660168   -41.473196    36.912491
v   -24.783324   -41.224510    37.969337
v   -22.601691   -37.810754    43.222702
v    -9.018317   -49.257171    37.969337
v    -8.875205   -48.266876    39.203591
v    -2.742679   -46.269972    42.820337
v    -1.153054   -44.997159    44.606928
v    -0.859784   -44.750513    44.949879
v    -0.606278   -44.399405    45.401277
v    -8.508154   -50.242368    36.867258
v    -7.702867   -50.369909    36.867258
v    -6.336345   -49.449779    38.252226
v     1.686397   -42.289513    47.529799
v     1.798737   -42.204702    47.600058
v     3.793416   -39.425128    50.279156
v    16.653997   -28.032842    52.744513
v    43.894525   -12.212407    33.886734
v    44.214674   -11.901433    33.699037
v    44.227836   -11.875480    33.699037
v    44.445657   -11.719206    33.489188
v    52.653964    -5.452373    25.661557
v    52.765840    -5.324369    25.564418
v    63.173207     7.523606    10.510340
v    63.458598     8.182258     9.814149
v    63.101558    10.894168     9.814149
v    63.012205    11.821527     9.713395
v    61.422302    14.644201    11.713172
v    58.075931    27.013157     8.453373
v    51.526952    42.823767     8.453373
v    49.034808    51.257310     5.710783
v    47.023724    51.679974     8.439285
v    49.043614    51.349722     5.581944
v    47.613692    53.213152     5.581944
v    47.284459    53.452198     5.817839
v    46.807015    53.519213     6.506986
v    45.708830    54.088141     7.137367
v    44.247487    55.209499     7.137367
v    42.546726    56.018586     7.939410
v    41.006411    57.163395     7.392542
v    35.176796    58.886030     9.288321
v    32.499458    59.995060     9.288321
v    19.718035    64.310500     8.502221
v    18.628840    64.415424     8.620493
v    16.047714    64.755224     8.620493
v    16.001092    64.759302     8.624386
v    15.380350    64.423210     9.406037
v    14.586464    64.318656     9.406037
v    13.158303    63.416694    10.741693
v    12.069572    62.803460    11.513148
v   -25.345023    46.660094    13.282220
v   -27.659388    44.482446    15.518355
v   -27.667638    44.476329    15.521321
v   -34.844403    35.379036    23.787931
v   -47.308736    25.814774    23.787931
v   -47.644457    25.352346    24.119388
v   -48.327394    20.492448    31.133206
v   -47.984257    20.149311    32.114046
v   -49.133607    19.441626    31.133206
v   -49.314908    19.298607    30.968496
v   -49.753886    19.094597    30.318279
v   -49.764174    19.083659    30.307620
v   -49.976897    18.570252    30.307620
v   -50.761050    17.665324    29.186262
v   -50.894894    17.427761    29.017938
v   -51.817896    15.966325    27.651045
v   -57.245518     0.124200    18.031447
v   -57.728523    -3.085268    16.337360
v   -57.249874    -8.538750    15.889670
v   -57.232170    -8.828868    15.840173
v   -56.221854   -19.320489    14.700370
v   -56.240670   -19.385928    14.616208
v   -56.210454   -20.271947    13.998340
v   -54.960813   -28.783720     9.822954
v   -53.963752   -32.468964     8.851660
v   -53.330219   -33.998434     8.851660
v   -52.816163   -35.738124     8.285884
v   -45.330185   -37.311714    18.442340
v   -52.943889   -37.082585     6.410496
v   -52.610021   -37.784338     6.079594
v   -50.209918   -40.912146     6.079594
v   -46.194144   -41.476440    11.875286
v   -44.982228   -40.264524    15.340021
v   -26.430603   -42.450700    34.830869
v   -32.509276   -51.977145    11.875286
v   -28.217194   -54.019188    13.899533
v   -24.417108   -53.658255    19.200447
v   -24.183623   -53.140121    20.328294
v    -9.656485   -52.479059    32.579719
v    -9.288785   -51.926629    33.703765
v   -13.958948   -57.990101    19.200447
v   -13.444428   -57.842539    19.862251
v   -12.205169   -56.677246    22.941490
v    -9.726836   -53.472598    30.703497
v    -8.295246   -51.673494    34.422016
v    -7.860996   -51.053957    35.626516
v    -8.955659   -52.723481    32.294976
v    -6.301402   -49.458678    38.227014
v     3.195847   -42.268194    46.421881
v     2.880609   -43.201207    44.949879
v     3.254056   -42.397589    46.140291
v    22.940016   -27.292068    46.140291
v    30.242561   -23.509222    41.948314
v    35.779648   -22.731186    33.957270
v    35.877992   -22.659723    33.886734
v    64.354257    11.382457     5.767138
v    63.926588     8.494065     8.249920
v    64.508029     9.332442     6.021663
v    65.100871    10.570125     3.607657
v    65.293480    11.353815     2.681503
v    63.780416     8.275040     8.787705
v    65.487572    11.852393     1.457909
v    65.803921    12.852049    -0.754127
v    65.935633    17.371684    -6.443318
v    64.446020    22.626624    -7.602586
v    57.327741    42.969475    -7.602586
v    56.732396    44.861547    -8.118589
v    55.568309    46.892560    -7.234331
v    53.281936    49.824330    -4.297741
v    52.678620    50.448872    -3.353698
v    49.649247    51.768308     3.447860
v    52.363846    50.797848    -3.058482
v    49.630061    52.632359     1.828852
v    49.480552    52.526323     2.497237
v    49.128610    53.133810     1.828852
v    48.813002    53.373876     2.026466
v    47.065619    54.046987     4.835052
v    45.450967    54.941534     5.627918
v    44.889918    55.294125     5.627918
v    40.968223    57.251264     7.195298
v    40.401241    57.576141     6.948466
v    32.751296    59.983196     9.034908
v    25.756943    62.430663     9.034908
v    17.807054    65.015682     7.108263
v    16.662802    65.454937     6.085434
v    15.931204    65.537338     6.085434
v    15.931204    65.001686     7.851262
v    14.861752    65.160092     6.931967
v    14.881124    65.795479     4.844414
v    14.370775    65.994112     3.591715
v    13.917801    66.137503     2.589463
v    10.547888    66.235754    -1.652567
v    10.046994    66.155392    -1.967618
v     8.776962    65.930249    -2.695788
v     3.514884    64.438504    -3.856631
v    -3.204737    62.087248    -3.856631
v    -7.689427    60.676143    -5.079762
v   -20.913629    55.198469    -5.079762
v   -21.862955    54.654382    -4.666367
v   -26.804513    52.188284    -6.641488
v   -28.048406    51.531857    -7.028282
v   -33.014526    48.807526    -8.252525
v   -39.616895    44.658927    -8.252525
v   -41.703336    41.549842    -2.694304
v   -41.582005    41.378923    -1.930357
v   -42.007729    41.245450    -2.694304
v   -42.467191    40.641299    -2.316038
v   -48.458086    25.088737    22.681310
v   -48.424811    25.065193    22.829891
v   -50.857077    18.712067    27.651045
v   -50.713964    18.669986    28.175297
v   -50.286665    22.178563    22.681310
v   -56.406955     4.665153    19.764556
v   -56.703469     3.892586    19.073926
v   -57.799060    -3.438137    15.973646
v   -57.277125    -9.132148    15.579438
v   -57.205383    -9.984892    15.454863
v   -54.475306   -31.809848     7.919018
v   -54.362039   -32.448479     7.552895
v   -53.885985   -34.127828     7.182415
v   -53.578534   -35.279218     6.718225
v   -53.021748   -37.048661     6.235684
v   -52.559505   -39.857710     2.208509
v   -52.066583   -40.845502     1.813744
v   -51.852933   -41.185488     1.813744
v   -51.689614   -41.480240     1.668963
v   -51.023176   -41.725404     2.770207
v   -49.533470   -47.077576    -7.327576
v   -49.188850   -47.530735    -7.611299
v   -48.711499   -48.008086    -7.611299
v   -48.329340   -48.455592    -7.966578
v   -47.373340   -49.880230   -10.513408
v   -34.843662   -57.753186   -10.513408
v   -30.195003   -60.073020    -8.655447
v   -26.041400   -60.756513    -2.700515
v   -25.735617   -59.716721     1.107542
v   -15.223789   -60.209644    11.684902
v   -14.552810   -59.290442    14.964443
v   -20.375010   -62.739327    -2.700515
v   -19.840933   -62.723755    -2.028330
v   -16.739726   -61.516660     5.583520
v   -15.673519   -60.896103     8.882990
v   -15.215169   -60.494387    10.749571
v   -13.716750   -59.166702    15.683065
v   -13.444428   -58.221732    18.696958
v   -13.716750   -59.455244    14.731792
v   -12.763531   -58.953701    16.031114
v   -12.744344   -58.325359    18.095217
v     1.385064   -54.002875    16.031114
v     0.873232   -52.262629    22.404725
v     4.070372   -44.922359    38.884924
v    13.240056   -52.052131    -0.964903
v    14.313215   -51.516571    -1.393778
v    30.202612   -41.532610    -1.393778
v    30.765237   -40.694140     0.105290
v    29.714879   -39.213796     6.721191
v    38.561261   -32.898023     0.105290
v    46.311961   -22.706438     6.486780
v    48.055914   -18.178925    13.763835
v    51.006408   -12.853726    16.378700
v    57.204279    -2.989983    16.378700
v    63.215010     7.240903    10.267308
v    63.297504     7.357135    10.038828
v    66.052607    14.507484    -4.616685
v    66.346341    17.143482   -10.235062
v    66.052607    17.261569    -7.370862
v    65.860647    12.888291    -1.293766
v    66.346341    17.237469   -10.551782
v    66.231869    18.264469   -12.740645
v    65.865097    20.049021   -14.679803
v    65.688986    20.854771   -15.437633
v    64.247201    25.607613   -15.437633
v    63.256257    28.680734   -14.785191
v    62.115619    31.940440   -14.785191
v    60.647139    35.944535   -14.264369
v    58.881774    40.638241   -13.312911
v    57.142362    44.424608   -10.107243
v    56.563980    45.506666   -10.107243
v    55.711607    47.004251    -9.521723
v    55.244359    47.699700    -8.445227
v    54.346382    48.903367    -7.509433
v    53.862358    49.493243    -7.509433
v    52.041379    51.314222    -4.112269
v    52.039247    51.316075    -4.110879
v    51.737635    51.563649    -4.110879
v    48.493316    53.743429     0.911411
v    47.871184    54.097503     1.154629
v    39.128243    58.770724     1.154629
v    38.795024    58.923847     0.872482
v    35.389147    60.115557     0.872482
v    32.037030    61.196502     1.584245
v    16.145873    66.017007     1.584245
v    16.155049    65.994112     1.807441
v    14.858786    66.281543     0.185745
v    13.828263    66.383038     0.185745
v    13.828263    66.277557     1.257051
v    12.016739    66.383038    -1.625872
v    10.945433    66.277557    -1.625872
v     8.219434    65.808363    -3.220225
v     4.737088    64.881560    -4.659230
v     3.987415    64.668930    -4.823569
v     2.699865    64.278336    -4.823569
v     0.890194    63.694763    -5.207767
v    -6.705157    61.037076    -5.207767
v   -37.508022    46.193032    -9.634156
v   -39.226208    45.113384    -9.634156
v   -39.400465    44.997708    -9.592816
v   -39.680665    44.728352    -8.976709
v   -40.200653    44.139032    -8.599370
v   -40.263960    44.061821    -8.599370
v   -40.748448    43.412438    -8.094490
v   -42.808937    40.345620    -3.347024
v   -43.729529    38.728280    -2.714696
v   -50.351733    22.229079    22.041011
v   -48.259360    30.253490    -2.714696
v   -52.603070    19.905723    10.665224
v   -52.527620    19.910357    11.487380
v   -56.291279     7.747451    10.665224
v   -57.174610     3.448974    15.335850
v   -57.245518     2.774379    15.381175
v   -57.857454    -3.438137    15.381175
v   -57.857454    -4.185307    14.634097
v   -57.205383   -10.805658    14.634097
v   -53.132698   -38.070841     2.264493
v   -52.840818   -39.033237     2.264493
v   -52.582956   -39.832684     2.094779
v   -50.076353   -45.804022    -5.626260
v   -49.536807   -47.074703    -7.337587
v   -48.571167   -48.760725   -11.685746
v   -47.831412   -49.861692   -13.390121
v   -47.770886   -49.801258   -12.244849
v   -48.873706   -48.272622   -10.666532
v   -47.472148   -49.987842   -11.635137
v   -47.297520   -50.505421   -15.528932
v   -45.711510   -52.091431   -18.487675
v   -45.507222   -52.259107   -18.487675
v   -43.062628   -54.082681   -20.388274
v   -41.425082   -55.111627   -20.388274
v   -40.511997   -55.631337   -20.745221
v   -30.736403   -60.856432   -20.745221
v   -28.133588   -62.052127   -18.541527
v   -28.136554   -62.004763   -18.024598
v   -20.842258   -63.438206    -9.370639
v   -26.741484   -62.501115   -18.837114
v   -21.779257   -64.006393   -18.837114
v   -20.465197   -64.276398   -17.409325
v   -20.772556   -63.512265    -9.958291
v   -20.006198   -63.512265    -9.192026
v   -19.840933   -63.253662    -6.731397
v   -20.141062   -64.308283   -17.409325
v   -20.006198   -64.308283   -17.274554
v   -18.749699   -64.184543   -17.274554
v   -18.375326   -63.253662    -8.197097
v   -17.572542   -63.942623   -18.553577
v     3.792489   -57.461585   -18.553577
v     6.896847   -56.460631   -17.894462
v     9.520517   -55.542541   -17.894462
v    13.110383   -53.893409   -20.933844
v    23.344605   -48.423150   -20.933844
v    25.200806   -47.366489   -20.208178
v    26.013786   -46.820270   -18.949639
v    27.588581   -45.645615   -17.725303
v    30.688583   -42.062331    -6.914088
v    27.954056   -45.345672   -17.725303
v    29.494000   -43.987122   -16.739550
v    32.633302   -40.847820   -10.882869
v    35.930918   -37.109836    -8.489996
v    36.694216   -36.179882    -8.489996
v    47.532033   -21.650890     2.805615
v    50.261091   -17.307643     2.805615
v    54.318946   -10.178706     5.592604
v    64.214203     8.333990     5.592604
v    64.384845     8.705675     5.278015
v    65.211172    10.674030     2.732853
v    65.487572    11.466804     1.072320
v    65.704373    12.128237    -0.467902
v    66.085605    18.264469   -14.225439
v    65.865097    18.405357   -16.323467
v    65.845724    18.405357   -16.495406
v    65.812449    18.540684   -16.655388
v    65.535493    20.999274   -16.655388
v    65.494338    21.106516   -16.751229
v    65.423802    21.297549   -16.890541
v    64.349345    25.087717   -16.054482
v    63.579929    27.286498   -16.054482
v    58.681009    41.011131   -13.329317
v    57.083690    44.211793   -12.050016
v    56.149472    45.698626   -12.050016
v    55.163255    47.478543   -11.175953
v    54.850057    47.853380   -11.235089
v    53.839927    49.470812    -7.934322
v    54.528517    48.127926   -11.490356
v    52.877717    49.778727   -11.490356
v    53.048636    49.964940    -9.549159
v    51.717151    51.504050    -4.905413
v    51.129221    50.452209   -14.300703
v    48.969740    51.648738   -15.361164
v    44.748659    54.301049   -15.361164
v    42.554327    55.396083   -16.238100
v    40.386689    55.752753   -19.345887
v    39.573153    56.008761   -19.567786
v    29.863368    59.406296   -19.567786
v    28.140362    60.129182   -18.639686
v    27.855713    60.255889   -18.430485
v    23.834284    62.241669   -13.955342
v    23.395307    62.472559   -13.357031
v    17.250176    64.831322    -7.863878
v    15.503349    65.515093    -6.154220
v    14.916253    66.138615    -1.207842
v    13.388452    65.891412    -4.929327
v    12.383048    66.138615    -3.741047
v    12.016739    66.211933    -3.363430
v    11.400168    66.155392    -3.320793
v     9.346910    65.924039    -3.320793
v     1.767315    63.935292    -5.492045
v     0.984182    63.713301    -5.319272
v    -6.296489    61.165636    -5.319272
v   -39.763529    44.494774   -10.109282
v   -40.328843    43.015542   -12.516429
v   -42.170306    38.935719   -17.289848
v   -44.014457    35.031358   -21.316652
v   -44.285389    34.600073   -21.316652
v   -44.410890    34.348607   -21.417128
v   -48.253335    30.253861    -2.780320
v   -45.621786    26.990077   -31.966773
v   -47.025384    22.529115   -33.183416
v   -47.122893    22.229264   -33.240883
v   -50.467873    12.669914   -33.240883
v   -51.328588    10.926887   -31.301169
v   -51.449456    10.697110   -30.987971
v   -52.021443    11.079547   -25.528835
v   -55.015129     8.260673    -1.778532
v   -52.456527     1.759614   -30.987971
v   -54.002774    -4.530205   -23.554456
v   -54.475306    -4.530205   -19.360625
v   -55.015129    -4.185307   -14.224419
v   -51.159059   -29.768639   -23.554456
v   -50.081173   -40.271662   -22.617550
v   -50.087568   -40.488740   -22.344301
v   -50.366749   -40.675417   -19.679940
v   -46.878749   -49.658794   -22.344301
v   -46.844917   -49.864658   -22.049178
v   -47.244224   -50.174704   -18.121644
v   -47.134109   -50.449158   -17.709917
v   -46.055573   -51.120972   -22.049178
v   -46.202115   -51.255464   -20.521932
v   -45.692138   -52.072059   -18.855374
v   -45.954727   -51.188635   -22.229366
v   -44.038834   -53.104528   -22.229366
v   -43.903137   -53.207691   -22.314362
v   -43.601247   -53.460085   -22.266720
v   -43.557034   -53.484555   -22.288409
v   -39.483514   -56.044084   -22.288409
v   -38.280775   -56.644341   -22.769097
v   -34.527683   -58.664973   -22.604388
v   -30.787104   -60.808882   -20.975833
v   -27.279083   -61.912722   -21.932667
v   -24.132273   -63.013874   -21.932667
v   -22.132589   -63.580670   -22.373776
v   -21.814571   -63.918431   -19.694400
v   -21.797794   -63.570938   -22.795236
v   -20.084243   -63.764010   -22.795236
v   -20.084243   -63.829449   -22.214350
v   -20.141062   -63.918431   -21.367909
v   -17.527031   -63.829449   -19.657139
v   -17.755696   -63.191560   -25.547095
v   -16.827967   -63.087098   -25.547095
v   -14.360664   -62.139997   -27.752643
v   -10.117986   -60.574378   -30.847361
v    -9.268116   -60.287040   -31.175667
v    -6.293245   -59.443658   -30.519426
v     6.558438   -54.946640   -30.519426
v    14.726888   -52.376452   -28.291540
v    15.094773   -52.165676   -28.451615
v    19.510317   -49.962075   -26.686806
v    21.915611   -48.450772   -26.686806
v    22.375258   -48.196061   -26.461107
v    25.536806   -46.978213   -21.379681
v    26.440714   -46.290735   -20.813626
v    28.576466   -44.155075   -20.813626
v    30.317732   -42.668057   -19.431440
v    33.251263   -39.158460   -18.877805
v    33.504028   -38.702242   -19.101836
v    56.121387    -2.706817   -19.101836
v    58.156849     1.371894   -20.732059
v    62.013568     8.100876   -17.802421
v    62.870483     9.501879   -16.584851
v    65.312296    12.104045    -4.740982
v    65.739224    17.700268   -16.584851
v    65.773705    17.765800   -16.495406
v    66.085605    17.557248   -13.518218
v    66.318997    17.226439   -10.818264
v    65.174467    18.540684   -18.758792
v    65.116814    18.557276   -18.942410
v    65.057493    18.557276   -19.124823
v    64.829569    20.288253   -19.124823
v    65.145270    21.388663   -17.709453
v    63.586324    27.150986   -16.190828
v    62.397674    30.020654   -16.190828
v    56.676875    43.707747   -14.286800
v    56.518654    44.040225   -14.129969
v    52.931013    48.715670   -14.129969
v    51.344354    49.867431   -15.266991
v    47.534443    50.402805   -20.765520
v    46.107117    51.142190   -21.584803
v    44.007513    52.753319   -21.584803
v    41.088071    54.142272   -22.961706
v    39.867350    54.026317   -24.664598
v    35.660635    55.768788   -24.664598
v    35.144076    56.216386   -24.024484
v    33.017778    57.414120   -22.518001
v    25.557568    60.996385   -17.084541
v    23.381681    62.174655   -14.344360
v    10.989090    65.680822    -4.732269
v     5.409365    64.946257    -4.732269
v    -1.539013    62.072882    -7.834495
v    -4.598046    61.245349    -7.028282
v   -38.274101    45.472278   -10.374374
v   -38.556156    45.262614   -10.474572
v   -44.833184    30.366293   -27.846630
v   -45.291255    27.106866   -32.550717
v   -45.441227    26.911384   -32.550717
v   -45.580818    27.007966   -32.058813
v   -45.357621    26.031296   -33.778482
v   -45.321936    25.051105   -34.988266
v   -48.039500    17.010380   -36.261264
v   -48.373090    16.030003   -36.292686
v   -49.368019    13.363047   -36.087935
v   -49.506312    13.039375   -36.004792
v   -49.544129    12.972175   -35.957243
v   -50.123439     6.956531   -36.610797
v   -50.413928     4.749686   -36.610797
v   -50.676332     1.759614   -36.856238
v   -50.555743     1.481082   -37.150620
v   -50.458790     1.124135   -37.337575
v   -49.967350    -1.151486   -38.112367
v   -49.230561    -5.105529   -39.072538
v   -49.121465    -5.762234   -39.188122
v   -48.556893   -12.194981   -38.659977
v   -47.318468   -21.601671   -38.659977
v   -45.682591   -38.589995   -36.814343
v   -45.738575   -39.162817   -36.410494
v   -46.402140   -41.475421   -33.435994
v   -46.280067   -41.926448   -33.317167
v   -45.930535   -49.379984   -25.817193
v   -45.429641   -43.979706   -33.317167
v   -45.091602   -45.123588   -32.945111
v   -45.056658   -45.444665   -32.676496
v   -45.395717   -49.014509   -27.696844
v   -45.926735   -49.381653   -25.825720
v   -45.583135   -50.924933   -23.890084
v   -44.914843   -49.641276   -27.696844
v   -44.688217   -51.254259   -25.368946
v   -44.553817   -51.439453   -25.236307
v   -43.060589   -52.585188   -25.236307
v   -42.094208   -53.810173   -24.123106
v   -32.645993   -59.221111   -23.216324
v   -26.003304   -61.972599   -23.216324
v   -21.958333   -63.066892   -24.282439
v   -21.798258   -63.556200   -22.843620
v   -21.094188   -62.818948   -25.393879
v   -20.186480   -62.906354   -25.492501
v   -18.716516   -63.099890   -25.492501
v   -17.755696   -63.184237   -25.571380
v   -15.203954   -62.078544   -28.268460
v   -15.052777   -62.037482   -28.347617
v   -10.784516   -60.662155   -30.847361
v    -7.958227   -59.459786   -32.400745
v    -5.652111   -58.160742   -34.034491
v    -4.994294   -57.857555   -34.277059
v    -2.245678   -56.683271   -34.982612
v    -0.916139   -56.187289   -35.084663
v     3.063949   -55.110515   -34.035788
v    12.610137   -51.156379   -34.035788
v    15.966333   -50.164601   -32.944369
v    16.075707   -50.083312   -32.983206
v    17.389488   -49.458214   -32.363577
v    22.259674   -45.721250   -32.363577
v    22.539133   -45.576469   -32.203131
v    23.123912   -46.161247   -29.823420
v    22.925649   -44.830226   -32.631449
v    35.905243   -27.914941   -32.631449
v    38.791039   -21.849338   -35.492219
v    45.654421   -10.550854   -36.221408
v    51.772857    -2.318447   -33.298351
v    53.223171    -0.777020   -31.809015
v    56.934089     8.181887   -31.809015
v    61.832360    13.834280   -24.804374
v    62.304057    14.295411   -24.035607
v    63.958287    16.914724   -21.585730
v    64.432302    17.402735   -20.578751
v    65.300803    17.686921   -18.024876
v    63.875701    16.914724   -21.740243
v    64.733635    20.281486   -19.306031
v    63.821292    16.902119   -21.839050
v    63.244671    20.542593   -21.839050
v    62.026637    21.866199   -23.067836
v    60.731765    22.536715   -24.516202
v    49.137045    45.292646   -24.516202
v    48.046275    46.059281   -25.328904
v    40.223556    51.835507   -27.766268
v    44.893625    46.217409   -28.895319
v    40.089156    51.021971   -28.895319
v    40.058846    51.626493   -28.211363
v    39.796257    53.868374   -25.008198
v    37.686828    53.772441   -26.787189
v    38.400260    52.471636   -28.211363
v    38.257054    52.671104   -28.019125
v    35.688164    55.611772   -24.931637
v    32.404452    57.257845   -22.961428
v    33.954313    55.886411   -24.931637
v    22.038981    60.708862   -16.755863
v    -2.458586    56.828878   -16.755863
v    -5.693358    53.851876   -19.759004
v   -18.011705    44.550203   -27.462432
v   -22.003380    38.987996   -32.823687
v   -44.576990    27.486151   -32.823687
v   -44.849497    27.098524   -33.112508
v   -45.237217    27.052828   -32.705137
v   -44.932732    25.439381   -34.989378
v   -45.282450    24.700089   -35.453382
v   -49.927123     8.119043   -36.632022
v   -49.949090     7.939411   -36.643331
v   -50.111946     6.911484   -36.643331
v   -48.006039   -10.463077   -40.117149
v   -47.149866   -20.939868   -39.138440
v   -46.632844   -24.204394   -39.138440
v   -46.574171   -24.682486   -39.108501
v   -45.425841   -38.109029   -37.396896
v   -45.291719   -40.950520   -35.871783
v   -44.845604   -41.826158   -35.871783
v   -44.510902   -43.076725   -35.412135
v   -44.915399   -45.761848   -32.511324
v   -44.506360   -49.232793   -28.864639
v   -43.822312   -46.854936   -32.511324
v   -43.701444   -49.265235   -29.784676
v   -43.746399   -49.322331   -29.662974
v   -24.857569   -58.866666   -29.784676
v   -24.161470   -59.040644   -29.994432
v   -21.733653   -60.873858   -28.476177
v   -21.377818   -61.201330   -28.145832
v   -16.516623   -61.971302   -28.145832
v    -8.713276   -59.267363   -32.946594
v    -7.857381   -58.510089   -34.034491
v    11.292648   -51.096409   -35.146951
v    -0.565773   -56.008306   -35.146951
v    16.350160   -48.777780   -34.754410
v    11.730236   -50.856807   -35.172162
v    20.137548   -45.971327   -34.593131
v    23.145694   -42.963180   -34.593131
v    48.050631    -5.226211   -36.702930
v    51.549661     1.640972   -36.702930
v    51.589425     1.713640   -36.698759
v    51.777028     2.166521   -36.698759
v    51.956105     2.516980   -36.636472
v    53.961165     5.172258   -34.975938
v    56.682715     8.129610   -32.230474
v    56.700140     8.140918   -32.206931
v    61.811227    13.917145   -24.864344
v    54.898627     8.129610   -34.404322
v    59.533752    22.363479   -26.009431
v    53.128442     7.729562   -36.484183
v    52.847685     7.729562   -36.799791
v    52.195336     8.241672   -37.418771
v    52.109598     8.379501   -37.484303
v    51.103361    10.744660   -38.086785
v    48.669426    22.980606   -38.086785
v    48.636521    23.446185   -38.019678
v    46.751865    25.495273   -38.995420
v    46.518566    25.907278   -39.022578
v    43.826213    32.189126   -38.432424
v    43.252001    34.715657   -37.604521
v    44.237198    45.797896   -29.905543
v    39.539229    46.104699   -34.028466
v    39.345693    40.561864   -37.604521
v    39.311583    40.650939   -37.581163
v    38.671469    43.294815   -36.547490
v    39.491401    46.212682   -33.971925
v    39.261902    49.727562   -30.887310
v    38.678050    49.675656   -31.292920
v    38.546153    46.844269   -33.971925
v    38.150276    48.681375   -32.528842
v    33.954313    51.270009   -30.556779
v    33.575028    49.591494   -32.528842
v    27.363438    44.029195   -38.107733
v    26.337087    43.524686   -38.524372
v    26.079781    43.505499   -38.498141
v    -9.873564    36.353945   -38.498141
v   -22.352912    35.470243   -36.700705
v   -24.274737    33.702653   -37.615922
v   -25.667953    32.913865   -37.707499
v   -43.420873    25.304981   -36.039644
v   -45.313130    24.177691   -35.913864
v   -49.635521     9.584928   -36.632022
v   -47.565857   -11.727455   -40.409585
v   -46.127315   -26.929003   -39.108501
v   -45.893367   -28.645057   -38.987820
v   -45.221738   -38.129328   -37.621854
v   -45.145547   -38.212100   -37.661247
v   -44.698969   -40.177025   -37.017426
v   -43.679848   -41.702325   -37.017426
v   -43.473614   -42.553956   -36.684485
v   -44.027897   -43.108239   -35.836005
v   -43.786904   -46.799508   -32.596598
v   -41.772761   -42.965776   -37.349439
v   -36.945489   -46.191279   -37.349439
v   -34.277885   -46.797561   -38.223502
v   -30.570303   -48.386630   -38.571829
v   -28.608622   -49.497237   -38.442805
v   -24.921247   -52.888561   -36.686987
v   -24.751439   -53.102396   -36.539240
v    -9.656855   -56.251245   -36.374624
v    -8.928686   -56.704126   -36.028243
v   -10.303087   -55.976328   -36.539240
v    -8.431036   -56.948827   -35.826272
v    -7.857381   -57.462419   -35.311011
v    -6.515700   -57.362129   -35.174387
v    -3.577071   -56.777536   -35.174387
v    49.262639    -2.398346   -36.968578
v    52.036374     3.650573   -36.799791
v    47.801760    16.656955   -39.831202
v    47.571982    19.941316   -39.483616
v    47.335068    20.825296   -39.483616
v    46.845203    23.810455   -39.257083
v    39.557118    39.627647   -37.911323
v    38.230545    41.732070   -37.581163
v    38.052303    42.454214   -37.300592
v    38.612982    43.289903   -36.580209
v    38.477007    46.546735   -34.227378
v    35.219340    42.611137   -37.740589
v    30.832808    43.786441   -37.740589
v    25.476372    42.602981   -39.140294
v    22.009969    40.667252   -40.163030
v    12.078378    37.067840   -41.495721
v    -7.966940    35.665447   -39.374428
v   -10.565954    34.968978   -39.374428
v   -15.229536    34.203733   -39.020632
v   -48.653661    10.965539   -37.079157
v   -49.284228     8.612059   -37.079157
v   -47.137168   -12.495017   -40.636025
v   -45.700109   -29.366367   -38.987820
v   -45.310535   -31.740146   -38.807724
v   -44.951641   -38.220257   -37.801394
v   -44.646507   -38.518717   -37.879902
v   -43.772352   -40.041791   -37.773216
v   -43.602545   -40.791928   -37.526940
v   -41.455670   -42.938896   -37.526940
v   -40.705533   -43.108610   -37.773216
v   -25.193568   -49.792267   -38.895872
v   -20.115016   -51.153135   -38.895872
v   -26.167272   -49.632471   -38.821998
v   -18.771945   -51.247030   -39.037965
v    -3.967664   -56.636555   -35.353926
v    -1.898741   -56.082179   -35.353926
v    51.874723     3.930867   -36.972749
v    51.900491     4.026893   -36.972749
v    47.641499    16.794784   -39.897104
v    46.602172    24.397180   -39.257083
v    38.204870    40.979987   -37.911323
v    35.578605    41.125324   -38.319157
v    33.479928    41.994659   -38.319157
v    11.289034    36.630252   -41.616588
v   -17.213741    33.381762   -39.020632
v   -46.381655    21.195961   -36.228452
v   -46.862343    12.510766   -37.577456
v   -48.122828     9.467861   -37.577456
v   -46.971717   -12.637296   -40.704059
v   -44.977131   -32.545154   -38.807724
v   -28.959915   -48.475798   -38.821998
v   -19.661115   -50.212800   -39.463410
v    -2.875874   -55.735799   -35.678989
v     8.467193   -51.037366   -35.678989
v    51.789727     4.170932   -37.052555
v    49.292578    -1.857688   -37.052555
v    46.316688    23.374073   -39.472308
v    47.573929    16.794784   -39.917588
v    47.135878    17.195110   -40.000175
v    30.095463    39.595298   -39.472308
v     9.565379    34.744298   -41.972052
v   -11.898737    31.898730   -40.138282
v   -43.464345     0.333122   -40.138282
v   -44.982136   -11.115241   -41.116435
v   -46.647489   -12.637296   -40.802495
v   -44.320240   -30.191118   -39.302779
v   -26.673542   -47.837816   -39.302779
v   -19.661115   -48.767492   -39.901831
v   -18.744972   -47.765054   -40.090825
v    -8.247511   -46.373321   -39.193961
v    46.451088     8.325278   -39.193961
v     9.565379    17.195110   -43.700527
v   -18.744972   -11.115241   -43.700527
f      1      2      3
f      1      3      4
f      1      4      5
f      6      7      8
f      6      8      9
f      6      9     10
f      6     10      2
f      6      2      1
f      8     11      9
f      9     11     12
f      9     12     13
f      9     13     10
f     14     15     16
f     14     16     17
f      5      4     14
f      5     14     17
f      5     17     18
f     18     17     16
f     18     16     19
f     18     19     20
f     21     22     23
f     21     23      6
f     21      6      1
f     21      1      5
f     21      5     18
f     21     18     20
f     21     20     24
f     23     25     26
f     23     26     27
f     23     27     28
f     23     28     29
f     23     29     30
f     23     30     31
f     23     31      7
f     23      7      6
f     32     33     34
f     32     34     25
f     32     25     23
f     32     23     22
f     27     35     36
f     27     36     28
f     29     37     30
f     31     38     12
f     31     12     11
f     31     11      8
f     31      8      7
f     39     40     41
f     39     41     42
f     42     41     43
f     42     43     13
f     42     13     12
f     42     12     38
f     10     13     43
f     10     43     44
f     10     44      3
f     10      3      2
f     45     46     47
f     45     47     48
f     45     48     49
f     19     16     15
f     19     15     46
f     19     46     45
f     50     51     52
f     50     52     53
f     24     20     19
f     24     19     45
f     24     45     49
f     24     49     54
f     24     54     55
f     55     54     50
f     55     50     53
f     55     53     56
f     55     56     57
f     57     56     58
f     57     58     59
f     57     59     60
f     57     60     61
f     57     61     62
f     57     62     63
f     63     64     65
f     63     65     66
f     63     66     67
f     63     67     68
f     63     68     69
f     63     69     70
f     63     70     21
f     63     21     24
f     63     24     55
f     63     55     57
f     65     71     72
f     65     72     73
f     65     73     74
f     65     74     66
f     70     75     32
f     70     32     22
f     70     22     21
f     69     76     75
f     69     75     70
f     34     77     78
f     34     78     26
f     34     26     25
f     26     78     35
f     26     35     27
f     79     80     81
f     79     81     36
f     79     36     35
f     79     35     78
f     79     78     77
f     28     36     81
f     28     81     82
f     28     82     37
f     28     37     29
f     30     37     82
f     30     82     83
f     30     83     84
f     30     84     39
f     30     39     42
f     30     42     38
f     30     38     31
f     83     85     86
f     83     86     87
f     83     87     88
f     83     88     89
f     83     89     84
f     84     89     40
f     84     40     39
f     90     88     87
f     90     87     91
f     90     91     92
f     90     92     93
f     43     41     40
f     43     40     89
f     43     89     88
f     43     88     90
f     43     90     44
f      3     44     90
f      3     90     93
f      3     93     94
f      3     94     95
f      3     95     47
f      3     47     46
f      3     46     15
f      3     15     14
f      3     14      4
f     96     97     98
f     96     98     99
f     96     99    100
f     96    100    101
f     96    101    102
f     49     48    103
f     49    103     96
f     49     96    102
f     49    102    104
f     49    104     51
f     49     51     50
f     49     50     54
f    102    101    105
f    102    105    106
f    102    106    107
f    102    107    104
f     52     51    104
f     52    104    107
f     52    107    108
f    108    107    106
f    108    106    109
f    108    109    110
f     56     53     52
f     56     52    108
f     56    108    110
f     56    110    111
f     56    111    112
f     56    112     58
f    111    113    114
f    111    114    115
f    111    115    116
f    111    116    117
f    111    117    118
f    111    118    119
f    111    119    112
f     58    112    119
f     58    119    120
f     58    120    121
f     58    121     59
f     59    121    122
f     59    122    123
f     59    123     60
f     64    124     71
f     64     71     65
f     72    125    126
f     72    126     73
f     66     74    127
f     66    127     67
f     73    126    128
f     73    128    129
f     73    129    127
f     73    127     74
f    130    131    132
f    130    132     33
f    130     33     32
f    130     32     75
f    130     75     76
f    132    133     79
f    132     79     77
f    132     77     34
f    132     34     33
f    134    135    133
f    134    133    132
f    134    132    131
f    136     80     79
f    136     79    133
f    136    133    135
f    137    138    136
f    137    136    135
f    137    135    134
f    139    140     85
f    139     85     83
f    139     83     82
f    139     82     81
f    139     81     80
f    139     80    136
f    139    136    138
f    141    142    143
f    141    143    144
f    141    144    145
f    141    145    146
f    141    146    147
f    141    147     86
f    141     86     85
f    141     85    140
f    148    147    146
f    148    146    149
f     86    147    148
f     86    148    150
f     86    150    151
f     86    151     91
f     86     91     87
f     91    151    152
f     91    152    153
f     91    153    154
f     91    154     92
f     93     92    154
f     93    154     94
f     47     95    155
f     47    155    156
f     47    156    157
f     47    157    158
f     47    158    103
f     47    103     48
f    103    158    159
f    103    159    160
f    103    160    161
f    103    161     97
f    103     97     96
f    162    163    164
f    162    164    165
f    162    165    166
f    162    166    167
f    162    167    168
f    162    168    169
f     99    169    168
f     99    168    170
f     99    170    100
f    100    170    171
f    100    171    172
f    100    172    105
f    100    105    101
f    106    105    172
f    106    172    173
f    106    173    174
f    106    174    109
f    174    173    175
f    174    175    176
f    174    176    177
f    110    109    174
f    110    174    177
f    110    177    178
f    110    178    179
f    110    179    113
f    110    113    111
f    179    180    181
f    179    181    114
f    179    114    113
f    114    181    182
f    114    182    183
f    114    183    184
f    114    184    185
f    114    185    115
f    115    185    186
f    115    186    187
f    115    187    188
f    115    188    116
f    117    189    190
f    117    190    191
f    117    191    118
f    119    118    191
f    119    191    120
f     60    123    192
f     60    192     61
f     63     62    124
f     63    124     64
f    193    194    195
f    129    128    193
f    129    193    195
f    129    195    196
f    196    195    194
f    196    194    197
f    196    197    198
f    196    198    199
f    196    199    200
f    196    200    201
f     67    127    129
f     67    129    196
f     67    196    201
f     67    201    202
f     67    202    203
f     67    203    204
f     67    204    205
f     67    205    206
f     67    206    207
f     67    207    208
f     67    208    209
f     67    209    210
f     67    210    211
f     67    211    212
f     67    212     68
f     68    212    213
f     68    213    214
f     68    214    130
f     68    130     76
f     68     76     69
f    213    215    216
f    213    216    217
f    213    217    214
f    214    217    218
f    214    218    137
f    214    137    134
f    214    134    131
f    214    131    130
f    216    219    220
f    216    220    221
f    216    221    218
f    216    218    217
f    218    221    139
f    218    139    138
f    218    138    137
f    220    222    223
f    220    223    141
f    220    141    140
f    220    140    139
f    220    139    221
f    223    224    225
f    223    225    226
f    223    226    227
f    223    227    142
f    223    142    141
f    228    229    230
f    228    230    224
f    228    224    223
f    228    223    222
f    227    231    143
f    227    143    142
f    144    143    231
f    144    231    232
f    144    232    233
f    149    146    145
f    152    151    150
f     94    154    153
f     94    153    155
f     94    155     95
f    156    234    157
f    160    235    236
f    160    236    237
f    160    237    161
f    161    237    238
f    161    238    239
f    161    239    240
f    161    240     98
f    161     98     97
f     98    240    162
f     98    162    169
f     98    169     99
f    165    241    242
f    165    242    243
f    165    243    166
f    166    243    244
f    166    244    245
f    166    245    167
f    168    167    245
f    168    245    246
f    168    246    247
f    168    247    171
f    168    171    170
f    172    171    247
f    172    247    248
f    172    248    249
f    172    249    175
f    172    175    173
f    248    250    251
f    248    251    252
f    248    252    253
f    248    253    249
f    175    249    253
f    175    253    254
f    175    254    176
f    177    176    254
f    177    254    255
f    177    255    256
f    177    256    178
f    178    256    257
f    178    257    258
f    178    258    180
f    178    180    179
f    258    259    182
f    258    182    181
f    258    181    180
f    184    260    261
f    184    261    186
f    184    186    185
f    186    261    262
f    186    262    263
f    186    263    264
f    186    264    187
f    187    264    265
f    187    265    266
f    187    266    188
f    116    188    266
f    116    266    267
f    116    267    189
f    116    189    117
f    120    191    190
f    120    190    268
f    120    268    269
f    120    269    122
f    120    122    121
f    122    269    270
f    122    270    271
f    122    271    192
f    122    192    123
f     61    192    271
f     61    271    272
f     61    272    273
f     61    273    274
f     61    274    275
f     61    275    125
f     61    125     72
f     61     72     71
f     61     71    124
f     61    124     62
f    275    197    194
f    275    194    193
f    275    193    128
f    275    128    126
f    275    126    125
f    274    276    198
f    274    198    197
f    274    197    275
f    198    276    277
f    198    277    199
f    199    277    278
f    199    278    279
f    199    279    280
f    199    280    200
f    201    200    280
f    201    280    281
f    201    281    282
f    201    282    202
f    202    282    283
f    202    283    203
f    208    284    285
f    208    285    286
f    208    286    209
f    209    286    287
f    209    287    288
f    209    288    210
f    210    288    289
f    210    289    290
f    210    290    291
f    210    291    292
f    210    292    293
f    210    293    211
f    211    293    294
f    211    294    295
f    211    295    215
f    211    215    213
f    211    213    212
f    294    296    297
f    294    297    298
f    294    298    299
f    294    299    300
f    294    300    295
f    295    300    301
f    295    301    219
f    295    219    216
f    295    216    215
f    299    302    303
f    299    303    304
f    299    304    305
f    299    305    301
f    299    301    300
f    301    305    306
f    301    306    307
f    301    307    228
f    301    228    222
f    301    222    220
f    301    220    219
f    304    308    309
f    304    309    310
f    304    310    311
f    304    311    306
f    304    306    305
f    307    312    313
f    307    313    229
f    307    229    228
f    306    311    314
f    306    314    312
f    306    312    307
f    313    315    230
f    313    230    229
f    230    315    225
f    230    225    224
f    316    232    231
f    316    231    227
f    316    227    226
f    316    226    317
f    316    317    318
f    233    232    316
f    155    153    152
f    155    152    150
f    155    150    148
f    155    148    149
f    155    149    145
f    155    145    144
f    155    144    233
f    155    233    316
f    155    316    318
f    155    318    319
f    155    319    234
f    155    234    156
f    157    234    319
f    157    319    320
f    157    320    159
f    157    159    158
f    159    320    321
f    159    321    322
f    159    322    235
f    159    235    160
f    236    238    237
f    323    324    325
f    323    325    326
f    323    326    327
f    242    328    324
f    242    324    323
f    242    323    244
f    242    244    243
f    245    244    323
f    245    323    327
f    245    327    329
f    245    329    330
f    245    330    331
f    245    331    332
f    245    332    333
f    245    333    246
f    247    246    333
f    247    333    334
f    247    334    335
f    247    335    336
f    247    336    337
f    247    337    338
f    247    338    250
f    247    250    248
f    337    339    340
f    337    340    341
f    337    341    338
f    338    341    251
f    338    251    250
f    252    251    341
f    252    341    340
f    252    340    342
f    252    342    343
f    252    343    344
f    254    253    252
f    254    252    344
f    254    344    345
f    254    345    255
f    255    345    346
f    255    346    347
f    255    347    257
f    255    257    256
f    257    347    348
f    257    348    349
f    257    349    259
f    257    259    258
f    182    259    349
f    182    349    350
f    182    350    183
f    351    262    261
f    351    261    260
f    352    353    354
f    352    354    263
f    352    263    262
f    352    262    351
f    355    354    353
f    355    353    356
f    263    354    355
f    263    355    265
f    263    265    264
f    266    265    355
f    266    355    356
f    266    356    357
f    266    357    358
f    266    358    359
f    266    359    360
f    266    360    361
f    266    361    362
f    266    362    363
f    266    363    267
f    190    189    267
f    190    267    363
f    190    363    364
f    190    364    365
f    190    365    366
f    190    366    268
f    268    366    367
f    268    367    368
f    268    368    369
f    268    369    370
f    268    370    371
f    268    371    372
f    268    372    270
f    268    270    269
f    271    270    372
f    271    372    272
f    272    372    371
f    272    371    373
f    272    373    374
f    272    374    375
f    272    375    376
f    272    376    273
f    273    376    278
f    273    278    277
f    273    277    276
f    273    276    274
f    377    378    279
f    377    279    278
f    377    278    376
f    377    376    375
f    377    375    379
f    280    279    378
f    280    378    281
f    281    378    377
f    281    377    283
f    281    283    282
f    205    380    206
f    206    380    381
f    206    381    207
f    285    382    383
f    285    383    287
f    285    287    286
f    287    383    384
f    287    384    289
f    287    289    288
f    291    385    386
f    291    386    387
f    291    387    292
f    292    387    388
f    292    388    389
f    292    389    296
f    292    296    294
f    292    294    293
f    389    390    391
f    389    391    392
f    389    392    297
f    389    297    296
f    297    392    393
f    297    393    394
f    297    394    298
f    393    395    396
f    393    396    397
f    393    397    394
f    298    394    397
f    298    397    398
f    298    398    302
f    298    302    299
f    398    399    400
f    398    400    401
f    398    401    402
f    398    402    403
f    398    403    303
f    398    303    302
f    303    403    404
f    303    404    405
f    303    405    308
f    303    308    304
f    402    406    407
f    402    407    408
f    402    408    409
f    402    409    410
f    402    410    404
f    402    404    403
f    405    411    412
f    405    412    309
f    405    309    308
f    404    410    413
f    404    413    411
f    404    411    405
f    413    414    415
f    413    415    412
f    413    412    411
f    309    412    415
f    309    415    310
f    310    415    414
f    310    414    416
f    310    416    417
f    310    417    314
f    310    314    311
f    314    417    418
f    314    418    317
f    314    317    226
f    314    226    225
f    314    225    315
f    314    315    313
f    314    313    312
f    418    417    416
f    418    416    419
f    418    419    420
f    418    420    421
f    418    421    422
f    418    422    423
f    318    317    418
f    318    418    423
f    318    423    321
f    318    321    320
f    318    320    319
f    321    423    422
f    321    422    424
f    321    424    425
f    321    425    426
f    321    426    322
f    322    426    427
f    322    427    239
f    322    239    238
f    322    238    236
f    322    236    235
f    239    427    428
f    239    428    163
f    239    163    162
f    239    162    240
f    164    429    241
f    164    241    165
f    430    328    242
f    430    242    241
f    430    241    429
f    431    432    433
f    330    434    431
f    330    431    433
f    330    433    331
f    331    433    432
f    331    432    435
f    331    435    436
f    331    436    437
f    331    437    438
f    331    438    439
f    331    439    440
f    331    440    332
f    333    332    440
f    333    440    441
f    333    441    442
f    333    442    443
f    333    443    444
f    333    444    334
f    334    444    445
f    334    445    446
f    334    446    447
f    334    447    335
f    335    447    448
f    335    448    336
f    336    448    449
f    336    449    450
f    336    450    339
f    336    339    337
f    340    339    450
f    340    450    451
f    340    451    342
f    342    451    452
f    342    452    453
f    342    453    343
f    344    343    453
f    344    453    454
f    344    454    346
f    344    346    345
f    346    454    455
f    346    455    348
f    346    348    347
f    348    455    456
f    348    456    457
f    348    457    458
f    348    458    350
f    348    350    349
f    183    350    458
f    183    458    459
f    183    459    460
f    183    460    352
f    183    352    351
f    183    351    260
f    183    260    184
f    460    357    356
f    460    356    353
f    460    353    352
f    459    461    462
f    459    462    463
f    459    463    358
f    459    358    357
f    459    357    460
f    462    464    465
f    462    465    463
f    358    463    465
f    358    465    359
f    361    466    467
f    361    467    468
f    361    468    469
f    361    469    362
f    363    362    469
f    363    469    470
f    363    470    471
f    363    471    364
f    365    367    366
f    369    472    473
f    369    473    474
f    369    474    475
f    369    475    370
f    371    370    475
f    371    475    476
f    371    476    373
f    373    476    477
f    373    477    478
f    373    478    479
f    373    479    374
f    379    375    374
f    379    374    479
f    379    479    480
f    379    480    481
f    481    480    482
f    481    482    483
f    481    483    484
f    203    283    377
f    203    377    379
f    203    379    481
f    203    481    484
f    203    484    204
f    204    484    483
f    204    483    485
f    204    485    486
f    204    486    381
f    204    381    380
f    204    380    205
f    207    381    486
f    207    486    487
f    207    487    284
f    207    284    208
f    487    488    382
f    487    382    285
f    487    285    284
f    489    490    384
f    489    384    383
f    489    383    382
f    489    382    488
f    289    384    490
f    289    490    290
f    386    491    492
f    386    492    388
f    386    388    387
f    388    492    493
f    388    493    390
f    388    390    389
f    493    494    391
f    493    391    390
f    391    494    495
f    391    495    395
f    391    395    393
f    391    393    392
f    496    497    498
f    496    498    396
f    496    396    395
f    496    395    495
f    496    495    499
f    397    396    498
f    397    498    500
f    397    500    399
f    397    399    398
f    498    497    501
f    498    501    502
f    498    502    503
f    498    503    500
f    500    503    504
f    500    504    505
f    500    505    400
f    500    400    399
f    400    505    506
f    400    506    507
f    400    507    508
f    400    508    509
f    400    509    401
f    401    509    510
f    401    510    406
f    401    406    402
f    508    511    512
f    508    512    513
f    508    513    514
f    508    514    510
f    508    510    509
f    510    514    515
f    510    515    516
f    510    516    407
f    510    407    406
f    513    517    518
f    513    518    515
f    513    515    514
f    515    518    519
f    515    519    520
f    515    520    516
f    407    516    520
f    407    520    408
f    408    520    519
f    408    519    521
f    408    521    522
f    408    522    523
f    408    523    409
f    409    523    524
f    409    524    419
f    409    419    416
f    409    416    414
f    409    414    413
f    409    413    410
f    419    524    525
f    419    525    526
f    419    526    527
f    419    527    528
f    419    528    420
f    420    528    529
f    420    529    530
f    420    530    421
f    530    529    531
f    530    531    532
f    530    532    533
f    422    421    530
f    422    530    533
f    422    533    534
f    422    534    424
f    424    534    535
f    424    535    536
f    424    536    425
f    425    536    537
f    425    537    538
f    425    538    428
f    425    428    427
f    425    427    426
f    428    538    539
f    428    539    430
f    428    430    429
f    428    429    164
f    428    164    163
f    539    540    325
f    539    325    324
f    539    324    328
f    539    328    430
f    541    326    325
f    541    325    540
f    327    326    541
f    327    541    542
f    327    542    329
f    329    542    543
f    329    543    434
f    329    434    330
f    436    544    545
f    436    545    437
f    437    545    546
f    437    546    547
f    437    547    548
f    437    548    438
f    438    548    549
f    438    549    550
f    438    550    551
f    438    551    439
f    440    439    551
f    440    551    552
f    440    552    441
f    443    553    554
f    443    554    445
f    443    445    444
f    445    554    555
f    445    555    556
f    445    556    446
f    446    556    557
f    446    557    558
f    446    558    449
f    446    449    448
f    446    448    447
f    557    559    560
f    557    560    561
f    557    561    558
f    449    558    561
f    449    561    562
f    449    562    452
f    449    452    451
f    449    451    450
f    562    561    560
f    562    560    563
f    562    563    564
f    562    564    565
f    453    452    562
f    453    562    565
f    453    565    566
f    453    566    456
f    453    456    455
f    453    455    454
f    456    566    567
f    456    567    568
f    456    568    569
f    456    569    570
f    456    570    571
f    456    571    572
f    456    572    573
f    456    573    457
f    458    457    573
f    458    573    574
f    458    574    575
f    458    575    576
f    458    576    461
f    458    461    459
f    575    577    578
f    575    578    576
f    576    578    579
f    576    579    464
f    576    464    462
f    576    462    461
f    359    465    464
f    359    464    579
f    359    579    580
f    359    580    360
f    360    580    581
f    360    581    466
f    360    466    361
f    469    468    582
f    469    582    583
f    469    583    470
f    470    583    584
f    470    584    471
f    475    474    585
f    475    585    477
f    475    477    476
f    477    585    586
f    477    586    587
f    477    587    588
f    477    588    589
f    477    589    478
f    479    478    589
f    479    589    590
f    479    590    591
f    479    591    482
f    479    482    480
f    591    590    592
f    591    592    593
f    591    593    594
f    591    594    595
f    591    595    596
f    591    596    597
f    591    597    598
f    483    482    591
f    483    591    598
f    483    598    599
f    483    599    485
f    598    597    600
f    598    600    601
f    598    601    602
f    598    602    603
f    598    603    599
f    485    599    603
f    485    603    489
f    485    489    488
f    485    488    487
f    485    487    486
f    290    490    489
f    290    489    603
f    290    603    602
f    290    602    385
f    290    385    291
f    602    601    604
f    602    604    605
f    602    605    606
f    602    606    607
f    602    607    491
f    602    491    386
f    602    386    385
f    607    499    495
f    607    495    494
f    607    494    493
f    607    493    492
f    607    492    491
f    606    608    609
f    606    609    610
f    606    610    496
f    606    496    499
f    606    499    607
f    610    611    501
f    610    501    497
f    610    497    496
f    609    612    613
f    609    613    611
f    609    611    610
f    613    614    502
f    613    502    501
f    613    501    611
f    615    616    614
f    615    614    613
f    615    613    612
f    502    614    616
f    502    616    617
f    502    617    618
f    502    618    504
f    502    504    503
f    504    618    619
f    504    619    620
f    504    620    506
f    504    506    505
f    506    620    621
f    506    621    622
f    506    622    623
f    506    623    507
f    507    623    624
f    507    624    625
f    507    625    511
f    507    511    508
f    625    626    627
f    625    627    512
f    625    512    511
f    628    629    630
f    628    630    631
f    628    631    627
f    628    627    626
f    512    627    631
f    512    631    517
f    512    517    513
f    519    518    517
f    519    517    631
f    519    631    630
f    519    630    632
f    519    632    521
f    630    629    633
f    630    633    634
f    630    634    632
f    521    632    634
f    521    634    635
f    521    635    636
f    521    636    637
f    521    637    638
f    521    638    522
f    522    638    639
f    522    639    640
f    522    640    525
f    522    525    524
f    522    524    523
f    525    640    641
f    525    641    642
f    525    642    526
f    526    642    643
f    526    643    644
f    526    644    645
f    526    645    527
f    527    645    646
f    527    646    531
f    527    531    529
f    527    529    528
f    531    646    647
f    531    647    648
f    531    648    532
f    533    532    648
f    533    648    649
f    533    649    535
f    533    535    534
f    535    649    650
f    535    650    651
f    535    651    537
f    535    537    536
f    537    651    652
f    537    652    653
f    537    653    654
f    537    654    655
f    537    655    543
f    537    543    542
f    537    542    541
f    537    541    540
f    537    540    539
f    537    539    538
f    654    656    657
f    654    657    658
f    654    658    659
f    654    659    655
f    655    659    435
f    655    435    432
f    655    432    431
f    655    431    434
f    655    434    543
f    657    546    545
f    657    545    544
f    657    544    658
f    435    659    658
f    435    658    544
f    435    544    436
f    547    660    661
f    547    661    549
f    547    549    548
f    549    661    662
f    549    662    663
f    549    663    664
f    549    664    550
f    551    550    664
f    551    664    665
f    551    665    552
f    441    552    665
f    441    665    666
f    441    666    442
f    667    668    555
f    667    555    554
f    667    554    553
f    555    668    669
f    555    669    559
f    555    559    557
f    555    557    556
f    560    559    669
f    560    669    670
f    560    670    563
f    563    670    671
f    563    671    672
f    563    672    673
f    563    673    564
f    565    564    673
f    565    673    674
f    565    674    567
f    565    567    566
f    567    674    675
f    567    675    676
f    567    676    677
f    567    677    568
f    568    677    678
f    568    678    569
f    679    680    572
f    679    572    571
f    573    572    680
f    573    680    574
f    579    578    577
f    579    577    681
f    579    681    581
f    579    581    580
f    581    681    682
f    581    682    467
f    581    467    466
f    584    583    582
f    584    582    683
f    584    683    684
f    364    471    584
f    364    584    684
f    364    684    368
f    364    368    367
f    364    367    365
f    685    686    473
f    685    473    472
f    473    686    586
f    473    586    585
f    473    585    474
f    687    688    689
f    687    689    690
f    589    588    687
f    589    687    690
f    589    690    592
f    589    592    590
f    592    690    689
f    592    689    691
f    592    691    692
f    592    692    593
f    594    693    694
f    594    694    695
f    594    695    696
f    594    696    697
f    594    697    595
f    595    697    698
f    595    698    699
f    595    699    596
f    596    699    700
f    596    700    600
f    596    600    597
f    600    700    701
f    600    701    702
f    600    702    703
f    600    703    704
f    600    704    705
f    600    705    706
f    600    706    604
f    600    604    601
f    604    706    707
f    604    707    708
f    604    708    709
f    604    709    710
f    604    710    605
f    605    710    711
f    605    711    712
f    605    712    608
f    605    608    606
f    711    713    714
f    711    714    715
f    711    715    716
f    711    716    717
f    711    717    712
f    712    717    718
f    712    718    615
f    712    615    612
f    712    612    609
f    712    609    608
f    716    719    720
f    716    720    718
f    716    718    717
f    718    720    721
f    718    721    617
f    718    617    616
f    718    616    615
f    721    722    723
f    721    723    619
f    721    619    618
f    721    618    617
f    619    723    621
f    619    621    620
f    622    724    725
f    622    725    624
f    622    624    623
f    624    725    726
f    624    726    727
f    624    727    628
f    624    628    626
f    624    626    625
f    726    728    729
f    726    729    730
f    726    730    727
f    727    730    731
f    727    731    633
f    727    633    629
f    727    629    628
f    634    633    731
f    634    731    732
f    634    732    733
f    634    733    635
f    635    733    734
f    635    734    636
f    637    735    736
f    637    736    737
f    637    737    738
f    637    738    739
f    637    739    740
f    637    740    639
f    637    639    638
f    639    740    741
f    639    741    742
f    639    742    641
f    639    641    640
f    641    742    743
f    641    743    744
f    641    744    643
f    641    643    642
f    643    744    745
f    643    745    746
f    643    746    747
f    643    747    644
f    644    747    647
f    644    647    646
f    644    646    645
f    648    647    747
f    648    747    746
f    648    746    748
f    648    748    749
f    648    749    650
f    648    650    649
f    650    749    750
f    650    750    751
f    650    751    752
f    650    752    753
f    650    753    652
f    650    652    651
f    652    753    754
f    652    754    755
f    652    755    756
f    652    756    653
f    653    756    757
f    653    757    758
f    653    758    759
f    653    759    656
f    653    656    654
f    758    662    661
f    758    661    660
f    758    660    759
f    759    660    547
f    759    547    546
f    759    546    657
f    759    657    656
f    757    760    761
f    757    761    663
f    757    663    662
f    757    662    758
f    761    760    762
f    761    762    763
f    665    664    663
f    665    663    761
f    665    761    763
f    665    763    764
f    665    764    666
f    442    666    764
f    442    764    765
f    442    765    766
f    442    766    667
f    442    667    553
f    442    553    443
f    766    767    671
f    766    671    670
f    766    670    669
f    766    669    668
f    766    668    667
f    768    672    671
f    768    671    767
f    768    767    769
f    768    769    770
f    768    770    771
f    673    672    768
f    673    768    772
f    673    772    675
f    673    675    674
f    773    772    768
f    773    768    771
f    773    771    774
f    773    774    775
f    676    675    772
f    676    772    773
f    676    773    776
f    777    678    677
f    777    677    676
f    777    676    776
f    777    776    778
f    570    569    678
f    570    678    777
f    574    680    679
f    574    679    779
f    574    779    682
f    574    682    681
f    574    681    577
f    574    577    575
f    683    582    468
f    683    468    467
f    683    467    682
f    683    682    779
f    683    779    780
f    368    684    683
f    368    683    780
f    368    780    781
f    368    781    782
f    368    782    685
f    368    685    472
f    368    472    369
f    782    783    784
f    782    784    587
f    782    587    586
f    782    586    686
f    782    686    685
f    587    784    785
f    587    785    786
f    587    786    688
f    587    688    687
f    587    687    588
f    691    786    785
f    691    785    787
f    691    787    788
f    691    788    692
f    689    688    786
f    689    786    691
f    696    789    790
f    696    790    791
f    696    791    698
f    696    698    697
f    698    791    701
f    698    701    700
f    698    700    699
f    705    792    793
f    705    793    707
f    705    707    706
f    707    793    794
f    707    794    795
f    707    795    796
f    707    796    708
f    709    797    713
f    709    713    711
f    709    711    710
f    798    799    714
f    798    714    713
f    798    713    797
f    715    800    801
f    715    801    719
f    715    719    716
f    802    803    804
f    802    804    801
f    802    801    800
f    801    804    722
f    801    722    721
f    801    721    720
f    801    720    719
f    621    723    722
f    621    722    804
f    621    804    803
f    621    803    805
f    621    805    724
f    621    724    622
f    806    807    808
f    806    808    728
f    806    728    726
f    806    726    725
f    806    725    724
f    806    724    805
f    808    809    729
f    808    729    728
f    729    809    732
f    729    732    731
f    729    731    730
f    636    734    810
f    636    810    735
f    636    735    637
f    810    811    736
f    810    736    735
f    812    741    740
f    812    740    739
f    812    739    813
f    814    743    742
f    814    742    741
f    814    741    812
f    814    812    815
f    816    745    744
f    816    744    743
f    816    743    814
f    746    745    816
f    746    816    817
f    746    817    748
f    748    817    750
f    748    750    749
f    751    818    819
f    751    819    820
f    751    820    752
f    752    820    821
f    752    821    822
f    752    822    823
f    752    823    824
f    752    824    825
f    752    825    754
f    752    754    753
f    754    825    826
f    754    826    755
f    755    826    762
f    755    762    760
f    755    760    757
f    755    757    756
f    764    763    762
f    764    762    826
f    764    826    825
f    764    825    824
f    764    824    827
f    764    827    828
f    764    828    765
f    827    829    830
f    827    830    831
f    827    831    832
f    827    832    833
f    827    833    834
f    827    834    835
f    827    835    828
f    765    828    835
f    765    835    836
f    765    836    837
f    765    837    838
f    765    838    839
f    765    839    840
f    765    840    769
f    765    769    767
f    765    767    766
f    841    840    839
f    841    839    842
f    841    842    843
f    841    843    844
f    770    769    840
f    770    840    841
f    770    841    845
f    770    845    846
f    847    846    845
f    847    845    848
f    847    848    849
f    774    771    770
f    774    770    846
f    774    846    847
f    850    775    774
f    850    774    847
f    850    847    849
f    850    849    851
f    778    776    773
f    778    773    775
f    778    775    850
f    780    779    679
f    780    679    571
f    780    571    570
f    780    570    777
f    780    777    778
f    780    778    850
f    780    850    851
f    780    851    852
f    780    852    853
f    780    853    854
f    780    854    781
f    781    854    855
f    781    855    856
f    781    856    783
f    781    783    782
f    856    857    858
f    856    858    859
f    856    859    787
f    856    787    785
f    856    785    784
f    856    784    783
f    788    787    859
f    788    859    860
f    695    861    789
f    695    789    696
f    701    791    790
f    701    790    702
f    862    794    793
f    862    793    792
f    795    863    864
f    795    864    865
f    795    865    796
f    708    796    865
f    708    865    866
f    708    866    867
f    708    867    798
f    708    798    797
f    708    797    709
f    867    868    869
f    867    869    870
f    867    870    799
f    867    799    798
f    714    799    870
f    714    870    871
f    714    871    802
f    714    802    800
f    714    800    715
f    869    872    873
f    869    873    871
f    869    871    870
f    871    873    874
f    871    874    875
f    871    875    876
f    871    876    877
f    871    877    878
f    871    878    806
f    871    806    805
f    871    805    803
f    871    803    802
f    879    880    807
f    879    807    806
f    879    806    878
f    879    878    881
f    882    883    811
f    882    811    810
f    882    810    734
f    882    734    733
f    882    733    732
f    882    732    809
f    882    809    808
f    882    808    807
f    882    807    880
f    736    811    883
f    736    883    884
f    736    884    737
f    737    884    885
f    737    885    738
f    886    819    818
f    822    887    830
f    822    830    829
f    822    829    823
f    824    823    829
f    824    829    827
f    888    889    834
f    888    834    833
f    835    834    889
f    835    889    890
f    835    890    891
f    835    891    836
f    838    892    842
f    838    842    839
f    844    843    893
f    844    893    894
f    844    894    895
f    848    845    841
f    848    841    844
f    848    844    895
f    848    895    896
f    896    895    894
f    896    894    897
f    896    897    898
f    851    849    848
f    851    848    896
f    851    896    898
f    851    898    852
f    853    899    900
f    853    900    901
f    853    901    902
f    853    902    855
f    853    855    854
f    855    902    903
f    855    903    904
f    855    904    857
f    855    857    856
f    694    905    906
f    694    906    861
f    694    861    695
f    702    790    789
f    702    789    861
f    702    861    906
f    702    906    703
f    907    863    795
f    907    795    794
f    907    794    862
f    865    864    908
f    865    908    909
f    865    909    910
f    865    910    866
f    866    910    911
f    866    911    912
f    866    912    913
f    866    913    868
f    866    868    867
f    913    914    872
f    913    872    869
f    913    869    868
f    874    873    872
f    874    872    914
f    874    914    915
f    916    917    877
f    916    877    876
f    916    876    918
f    881    878    877
f    881    877    917
f    881    917    919
f    920    885    884
f    920    884    883
f    920    883    882
f    813    739    738
f    813    738    885
f    813    885    920
f    813    920    921
f    821    922    923
f    821    923    887
f    821    887    822
f    830    887    923
f    830    923    831
f    890    889    888
f    890    888    924
f    836    891    925
f    836    925    837
f    893    843    842
f    893    842    892
f    893    892    926
f    897    894    893
f    897    893    926
f    897    926    927
f    897    927    928
f    852    898    897
f    852    897    928
f    852    928    899
f    852    899    853
f    901    929    903
f    901    903    902
f    858    857    904
f    858    904    930
f    931    932    933
f    931    933    905
f    931    905    694
f    931    694    693
f    703    906    905
f    703    905    933
f    703    933    704
f    934    908    864
f    934    864    863
f    934    863    907
f    935    911    910
f    935    910    909
f    912    915    914
f    912    914    913
f    918    876    875
f    918    875    936
f    919    917    916
f    919    916    937
f    938    921    920
f    938    920    882
f    938    882    880
f    938    880    879
f    939    815    812
f    939    812    813
f    939    813    921
f    939    921    938
f    940    922    821
f    940    821    820
f    940    820    819
f    940    819    886
f    940    886    941
f    832    831    923
f    832    923    922
f    832    922    940
f    942    925    891
f    942    891    890
f    942    890    924
f    942    924    943
f    942    943    944
f    926    892    838
f    926    838    837
f    926    837    925
f    926    925    942
f    926    942    945
f    926    945    927
f    928    927    945
f    928    945    900
f    928    900    899
f    930    904    903
f    930    903    929
f    930    929    946
f    930    946    947
f    860    859    858
f    860    858    930
f    860    930    947
f    860    947    948
f    860    948    932
f    860    932    931
f    704    933    932
f    704    932    948
f    704    948    949
f    704    949    950
f    704    950    934
f    704    934    907
f    704    907    862
f    704    862    792
f    704    792    705
f    950    951    935
f    950    935    909
f    950    909    908
f    950    908    934
f    952    936    875
f    952    875    874
f    952    874    915
f    952    915    912
f    952    912    911
f    952    911    935
f    952    935    951
f    953    937    916
f    953    916    918
f    953    918    936
f    953    936    952
f    954    955    939
f    954    939    938
f    954    938    879
f    954    879    881
f    954    881    919
f    954    919    937
f    954    937    953
f    956    941    886
f    956    886    818
f    956    818    751
f    956    751    750
f    956    750    817
f    956    817    816
f    956    816    814
f    956    814    815
f    956    815    939
f    956    939    955
f    943    924    888
f    943    888    833
f    943    833    832
f    943    832    940
f    943    940    941
f    943    941    956
f    900    945    942
f    900    942    944
f    900    944    957
f    900    957    946
f    900    946    929
f    900    929    901
f    947    946    957
f    947    957    958
f    947    958    949
f    947    949    948
f    949    958    954
f    949    954    953
f    949    953    952
f    949    952    951
f    949    951    950
f    957    944    943
f    957    943    956
f    957    956    955
f    957    955    954
f    957    954    958
f    593    692    788
f    593    788    860
f    593    860    931
f    593    931    693
f    593    693    594
