v    24.333182     3.262028    44.240389
v    24.308518     3.502054    44.219191
v    23.325123    10.919957    43.585436
v    23.231224    11.308528    43.556421
v    19.749483    14.790269    43.556421
v    19.749483    -2.674213    45.276577
v    20.770921    -2.674213    45.175989
v    21.346322    -2.148381    45.067502
v    24.267574     3.121140    44.260780
v    18.265886    20.706602    42.827639
v    15.017561    24.260802    42.157615
v     8.774155    23.433044    41.624206
v   -22.981442    -8.322552    41.624206
v   -21.822420    -8.613194    41.767029
v    13.810582    -8.613194    45.276577
v   -18.456500   -11.979114    41.767029
v    -1.153298   -14.273140    43.245306
v     5.876841   -14.994345    43.866648
v    11.864585   -11.674931    44.783308
v    13.810582    -9.545812    45.184694
v    16.353257    -9.208664    44.967478
v    20.447395    -5.114527    44.967478
v    23.624066    10.198107    43.585436
v    23.950898     8.206491    43.736561
v    20.095335    19.480843    42.728340
v    18.737877    20.838302    42.728340
v    23.065269    14.305865    43.090958
v    16.413465    25.855143    41.498552
v    15.017561    26.433364    41.498552
v    17.551693    23.765276    41.989564
v    14.333834    28.043825    40.924118
v    12.921488    29.686606    40.248371
v    12.452801    30.039149    40.082497
v     7.887801    29.692167    39.614214
v    -0.783990    26.100166    39.614214
v    -0.845004    26.096781    39.604703
v   -31.174875     8.690169    37.479936
v   -38.540146     1.324897    37.479936
v   -35.848120    -8.322552    39.508709
v   -41.111032     0.283067    36.830948
v   -42.022371    -0.213266    36.616876
v   -44.298182    -2.911901    36.265542
v   -47.054124    -9.565317    36.265542
v   -47.053318    -9.565962    36.265865
v   -46.603008    -9.757144    36.426500
v   -38.843443    -9.757144    38.780411
v   -40.218714   -11.867887    38.097974
v   -39.332521   -11.509863    38.411829
v   -45.888573   -11.482056    36.426500
v   -43.497828   -12.450944    37.030029
v   -20.508404   -12.551694    41.335499
v   -19.768742   -12.858053    41.335499
v    12.650028   -11.615207    44.702789
v    17.611981    -9.559917    44.702789
v    20.523561    -5.387518    44.910091
v    18.089695    -9.533481    44.628556
v    20.423295    -7.199961    44.628556
v    21.229694    -3.682756    44.910091
v    25.149253     3.734180    43.736561
v    23.415555    13.963237    43.000767
v    19.586027    21.730862    41.989564
v    14.694679    28.171737    40.804106
v    16.228892    26.603188    41.207910
v    13.965252    29.406925    40.248371
v     8.535902    30.370010    39.344689
v     7.077694    29.979263    39.344689
v    12.315862    30.275870    39.936370
v    12.001524    30.612454    39.711417
v     2.716370    29.737706    38.667410
v   -33.151257     8.242841    36.830948
v   -47.908157    -6.442970    35.336229
v   -47.957162    -7.327711    35.473571
v   -47.177925    -9.526227    36.205012
v   -48.153825    -8.061732    35.473571
v   -48.235875    -9.234295    35.597694
v   -47.923149    -9.526227    35.806608
v   -47.898727    -9.876271    35.769613
v   -47.582051   -11.057861    35.769613
v   -47.573346   -11.216158    35.745030
v   -47.539898   -11.248801    35.753654
v   -46.508948   -11.503254    36.154234
v   -44.870358   -13.141763    36.154234
v   -44.526923   -13.219542    36.266993
v   -20.116287   -12.981290    41.219838
v     5.876841   -15.454408    43.620739
v   -16.810414   -13.867079    41.219838
v    17.393234   -13.296353    43.124810
v     6.569836   -16.196488    43.124810
v    18.216639   -13.250734    42.996979
v    21.832096    -7.247998    44.010196
v    20.167633   -14.707814    41.550458
v    24.309808   -10.565639    41.550458
v    21.921481    -5.634556    44.260780
v    33.383308    13.217771    35.464382
v    30.042777    13.937606    38.088302
v    29.127568    13.724742    38.874229
v    25.520011     3.734180    43.465746
v    27.687979     3.190294    41.775331
v    35.377906     3.190294    35.464382
v    21.028115    27.429011    38.088302
v    20.308038    27.206637    38.733905
v    20.026987    26.925586    39.082337
v    14.094615    31.358322    38.733905
v    14.009018    31.297067    38.821920
v    13.904964    30.849739    39.206057
v    12.001524    31.696357    38.821920
v    11.506965    32.326485    38.224032
v     6.097523    31.250480    38.224032
v     2.769727    31.014807    37.744787
v     0.715646    32.485508    35.631788
v   -35.293836     8.424674    35.631788
v   -37.527574     7.883931    34.758572
v   -42.175108     3.236317    34.758572
v   -42.278839     2.808010    34.925977
v   -48.047272    -5.825093    34.925977
v   -48.190336    -6.454818    35.132312
v   -48.208471    -6.474484    35.122962
v   -48.293504    -7.674934    35.295848
v   -48.366688    -8.042872    35.295848
v   -48.450673    -9.165382    35.410219
v   -48.388934    -9.234295    35.472120
v   -48.337431    -9.922374    35.401998
v   -48.187515   -10.676141    35.401998
v   -48.151004   -11.192059    35.327685
v   -47.721166   -13.383723    34.558846
v   -48.511042   -11.694920    34.810397
v   -48.616708   -12.179485    34.491303
v   -48.564802   -12.407743    34.416507
v   -47.835940   -13.498578    34.416507
v   -44.266264   -19.463029    31.756478
v   -48.930402   -17.042703    31.239109
v   -48.929354   -17.078490    31.212995
v   -44.794595   -19.841283    31.212995
v   -34.268207   -20.171016    33.196551
v     6.967192   -17.780431    41.889863
v     6.967192   -28.373234    33.196551
v    26.953958   -27.743348    30.450765
v    26.256933   -24.745849    33.024552
v     7.334324   -28.840953    32.752770
v     9.897391   -31.136107    30.450765
v    26.294734   -23.840796    33.678376
v    30.313027   -24.181893    31.429486
v    31.348007   -30.889311    25.930820
v    34.748423   -28.617289    25.930820
v    29.449967   -14.014093    37.119979
v    39.714567   -15.198423    28.903494
v    33.834262   -13.831051    33.952576
v    34.928079   -28.672742    25.769701
v    41.895834   -18.244927    25.769701
v    42.292707    -2.237363    28.903494
v    51.919281    -2.657529    17.289657
v    52.435682    -1.890624    16.512354
v    52.135046     1.788022    16.168758
v    50.835135     9.995318    16.168758
v    48.459140    12.577165    18.565709
v    47.669344    12.986128    19.449162
v    47.620340    12.979115    19.510256
v    42.665318    -2.237363    28.484538
v    44.524751    -2.657529    26.299886
v    35.249188    14.208179    33.144887
v    41.737617    24.627772    19.449162
v    38.036725    27.229285    22.206716
v    36.414014    27.310691    24.042371
v    36.070821    27.473019    24.257734
v    21.991441    28.392338    36.613732
v    25.828788    37.715132    24.257734
v    25.767129    37.742536    24.289812
v    23.172789    37.006581    27.416674
v    21.590619    34.530884    31.226617
v    15.490680    33.988610    35.464302
v    15.860552    40.732378    27.416674
v    15.856683    40.730282    27.421348
v    15.242837    36.483167    32.714888
v    11.506965    35.266677    34.918239
v    11.239052    41.461643    27.421348
v    11.239052    36.452378    33.525156
v     5.803415    46.180185    20.622772
v     0.056261    45.269893    20.622772
v     0.841301    39.838206    27.392816
v     6.234300    45.890027    21.059461
v     0.206176    33.445368    34.438672
v    -8.148214    49.649434    10.685567
v   -12.395813    48.587776     9.405565
v   -33.890436    37.635741     9.405565
v   -34.270705    37.094676     9.808724
v   -34.299882    36.512908    10.466739
v   -35.875766    33.181727    12.557332
v   -45.594465    23.463027    12.557332
v   -47.825784    18.454004    15.165293
v   -48.806440     9.436441    22.711108
v   -49.019787     7.158938    24.649125
v   -49.027282     6.183683    25.557805
v   -48.081769     2.850648    29.574889
v   -48.634843     0.784074    30.334540
v   -48.858507     0.345048    30.334540
v   -49.099258    -0.618198    30.624779
v   -48.554485    -6.189081    34.552398
v   -48.392399    -6.492780    34.920254
v   -48.492101    -7.657928    35.068799
v   -48.554646    -8.052947    35.068799
v   -48.645563    -9.165382    35.172692
v   -48.742847    -9.309817    35.026323
v   -48.663375   -10.281445    34.935488
v   -48.595027   -10.713378    34.935488
v   -48.834327   -12.587158    33.997470
v   -49.210244   -16.431758    31.286905
v   -48.965301   -16.912535    31.286905
v   -49.333480   -19.632449    28.621718
v   -49.542233   -20.368243    27.734800
v   -49.753968   -21.427402    26.541604
v   -49.367977   -24.976847    23.571428
v   -49.020109   -24.432477    24.409180
v   -47.142944   -24.265636    25.713282
v   -49.388772   -26.679191    21.582875
v   -49.092165   -32.592381    14.893672
v   -48.440679   -34.432147    13.143210
v   -47.399977   -35.912762    12.040044
v   -45.910415   -36.671688    12.040044
v   -43.226207   -40.411992     8.434985
v   -38.698605   -43.830786     5.603521
v   -37.066947   -45.332356     4.088732
v   -34.919210   -46.662169     2.882881
v   -10.097435   -50.593575     2.882881
v    -0.926732   -51.343071     3.739575
v     0.946483   -50.739380     4.836616
v     8.092202   -45.927584    12.078893
v    10.082609   -44.166402    14.609075
v    10.082609   -31.955644    29.487841
v    25.113063   -39.706262    17.142965
v    27.405477   -37.596568    19.271198
v    20.614558   -42.498313    14.609075
v    25.055032   -39.748819    17.102262
v    30.683866   -34.994571    21.463587
v    31.565706   -33.765750    22.647998
v    31.772122   -31.688214    24.937672
v    29.618500   -35.925496    20.655173
v    33.716184   -31.933640    23.502838
v    33.764221   -31.865372    23.553696
v    32.350424   -33.365895    22.647998
v    33.464068   -32.219366    23.320280
v    33.841516   -31.795976    23.569977
v    34.473175   -31.121760    23.801379
v    35.186079   -30.280865    24.135867
v    35.196315   -30.259345    24.149408
v    35.277076   -29.021738    25.235487
v    36.514683   -28.940977    24.149408
v    39.675557   -25.511464    23.351633
v    42.354043   -22.296105    22.865214
v    42.603740   -21.887787    22.886493
v    42.298913   -18.458838    25.268614
v    36.536203   -28.930741    24.135867
v    37.377098   -28.217838    23.801379
v    37.549581   -28.056235    23.742218
v    44.308825   -19.382026    22.389274
v    44.911387   -18.199308    22.389274
v    43.622116   -20.432481    22.565061
v    45.151010   -18.027389    22.158275
v    46.181476   -16.662757    21.304887
v    46.668620   -15.982657    20.909223
v    48.060414   -13.515343    19.896167
v    51.289234    -6.765771    17.264509
v    51.897277    -2.926732    17.264509
v    48.439715   -12.902786    19.552248
v    49.406991   -11.235341    18.695394
v    50.376363    -9.132336    17.920107
v    53.398847     0.921093    14.017958
v    53.152132     3.732246    13.787120
v    52.974410     5.081967    13.787120
v    52.584469    -1.890624    16.234044
v    53.117394    -0.660674    14.934133
v    52.020433     9.787533    14.152237
v    52.624527     8.714994    13.392424
v    51.407151    12.054557    13.554752
v    48.729471    18.518887    13.554752
v    48.307129    19.948240    13.089934
v    45.401675    23.857643    14.478101
v    45.296089    24.079453    14.373482
v    37.158109    34.685151    14.373482
v    36.915182    35.153999    14.104360
v    35.492921    36.576260    14.104360
v    34.935978    37.343568    13.554429
v    25.090496    44.898249    13.554429
v    24.526298    43.645731    16.280872
v    17.053184    43.305681    22.583277
v    24.509856    46.147542    11.703782
v    16.238484    49.573670    11.703782
v    16.156675    48.418356    13.885371
v    15.310299    50.523053    10.156189
v     6.515109    51.680947    10.156189
v     5.367855    51.781696    10.250410
v     5.367855    48.063798    17.205994
v     3.935277    52.402394     8.736266
v    -1.238733    51.948296     8.311506
v    -6.934062    51.198477     8.311506
v    -7.710236    51.123762     8.227118
v    -7.777376    51.101516     8.247349
v    -7.906335    51.028896     8.338749
v   -10.179405    50.413921     7.739652
v   -10.746423    50.233055     7.640676
v   -13.744970    49.243695     7.176986
v   -15.038352    48.708030     7.176986
v   -16.221957    48.358228     6.792123
v   -22.859656    45.861656     5.446674
v   -26.027542    44.177769     5.552582
v   -30.524275    41.756718     5.749970
v   -32.777839    40.390716     6.080751
v   -33.397812    39.979175     6.226072
v   -33.886003    39.694416     6.080751
v   -35.471397    38.654923     5.794381
v   -38.091610    36.644447     5.794381
v   -38.175272    36.601084     5.746343
v   -39.840460    35.273045     5.344796
v   -42.520880    32.592625     5.344796
v   -42.605671    32.486314     5.370427
v   -45.098133    27.674759     8.132414
v   -45.112963    27.655416     8.132414
v   -46.477595    24.787118     9.485197
v   -47.873741    18.958477    14.461658
v   -49.066293     4.912143    26.482927
v   -49.238373    -0.133230    30.001100
v   -48.684815    -7.542026    34.699411
v   -48.808858    -8.484316    34.699411
v   -48.881317    -9.309817    34.767196
v   -49.133674    -9.892149    34.151657
v   -49.106673   -10.199878    34.126429
v   -48.948537   -11.400570    34.126429
v   -49.399250   -17.226229    30.384593
v   -49.875754   -18.887064    28.248461
v   -49.792334   -21.334874    26.541604
v   -49.502014   -29.624059    17.931149
v   -49.595913   -31.641467    15.275150
v   -49.265374   -32.336235    14.947432
v   -49.140686   -32.498724    14.947432
v   -49.491939   -29.518231    18.078807
v   -48.347505   -35.095401    12.186090
v   -47.320989   -36.509521    11.172631
v   -47.265617   -36.552078    11.172631
v   -45.015518   -39.404175     8.580951
v   -43.634605   -40.430530     8.090583
v   -41.689415   -42.260786     6.211161
v   -37.785734   -45.034621     4.088732
v   -33.986027   -47.470905     1.726358
v   -27.782115   -50.965381    -2.668980
v   -22.878274   -52.955950    -4.793021
v   -22.535404   -53.069273    -4.896269
v   -20.559746   -53.259488    -4.681633
v   -14.120886   -54.107234    -4.681633
v    -9.035052   -54.553595    -4.264046
v    -7.436681   -54.269159    -3.338279
v    -1.901181   -51.870676     2.512446
v    13.124840   -47.209924     8.440143
v     7.896425   -49.824414     4.836616
v    11.139592   -48.463731     6.583451
v    18.989428   -43.906549    12.595133
v    27.103632   -38.291739    18.225257
v    31.606570   -34.308830    21.791225
v    45.154637   -18.107746    22.090572
v    52.258283    -4.378572    16.230497
v    52.260701    -4.353022    16.233238
v    52.583663    -1.900054    16.233238
v    53.571008     6.561534    11.355269
v    53.952728     3.174094    11.355269
v    53.375232     8.469407    11.185043
v    53.422302    10.081963     9.155223
v    51.202105    16.426844     9.155223
v    50.377894    19.046250     8.440788
v    50.126181    20.575708     6.248076
v    43.854001    30.557888     6.248076
v    42.432224    33.124018     4.987982
v    41.753495    34.885925     2.156115
v    32.397816    44.241604     2.156115
v    32.016983    44.687561     1.802121
v    24.636317    46.330504    11.059066
v    31.431347    45.560213     0.242036
v    24.232755    50.083382     0.242036
v    22.999339    50.286332     2.010391
v    22.964681    50.168415     2.442243
v    15.312233    50.527244    10.142487
v    19.145469    51.634924     2.010391
v    16.624959    52.349440     2.566367
v    14.734092    52.294310     4.946473
v    12.326179    52.541428     5.161351
v    11.088895    52.680785     5.161351
v     8.205525    52.945151     5.360916
v     4.715804    52.782018     7.194799
v     3.935277    52.625977     7.999344
v     0.327559    52.295196     7.749566
v    -1.892477    52.045096     7.749566
v    -6.124923    51.610744     7.371957
v    -7.077610    51.357178     7.765686
v    -9.960899    50.482511     7.765686
v   -14.184721    49.105306     7.057054
v   -36.672573    37.857068     5.509300
v   -40.024307    35.133285     5.229619
v   -40.281581    34.912845     5.133303
v   -42.264009    32.930417     5.133303
v   -43.373624    31.567559     5.225428
v   -44.825464    28.947185     6.512120
v   -46.101598    26.916156     6.512120
v   -46.139883    26.839506     6.542829
v   -48.445112    17.142488    14.956943
v   -49.244257    14.858698    14.956943
v   -49.568751    -3.352378    30.288276
v   -50.305592    -9.892149    30.288276
v   -50.691584   -11.462390    28.432470
v   -50.087490   -16.824198    28.432470
v   -49.823687   -22.763663    24.834424
v   -50.050897   -30.557321    15.023921
v   -49.664503   -31.661617    15.023921
v   -49.238212   -34.252329    11.309731
v   -48.752035   -35.026086    11.309731
v   -48.678286   -34.973696    11.639544
v   -48.481462   -35.728511    10.180611
v   -47.100146   -37.109908    10.180611
v   -45.170269   -39.369759     8.386867
v   -45.097730   -39.477924     8.193508
v   -42.754135   -41.591729     6.211161
v   -36.192764   -46.276983     2.493102
v   -34.120629   -47.464618     1.590950
v   -29.218964   -50.462601    -2.668980
v   -19.309808   -54.259568    -7.249052
v   -16.852810   -54.511683    -7.029821
v   -12.577323   -54.993427    -7.029821
v   -11.565395   -55.086197    -6.959780
v    -9.614402   -54.696014    -4.948740
v     2.148948   -52.470337    -0.968812
v    -0.501650   -53.487746    -3.338279
v     3.689046   -51.902029     0.154504
v    19.770680   -43.869957    11.809045
v    14.515667   -47.282383     6.583451
v    19.104525   -44.475744    10.571519
v    31.516943   -34.556915    21.198253
v    31.697003   -34.288680    21.677821
v    28.002398   -37.727059    18.225257
v    42.350738   -22.310854    22.846676
v    42.651133   -21.977817    22.565061
v    46.690865   -15.954206    20.880772
v    49.952650   -10.343265    17.920107
v    52.758081    -3.077936    15.220826
v    52.336706    -4.219630    16.053581
v    52.881156    -2.757150    14.934133
v    55.606793     5.703873    -7.134601
v    55.606793     8.921248   -10.351976
v    55.542797     9.571123   -10.351976
v    54.605504     9.948087    -1.212707
v    54.605504     3.502457     5.232924
v    55.361528     3.502457    -2.442415
v    54.031071    10.488991     3.344959
v    54.091682     3.174094    10.121692
v    54.840210    12.989916   -14.066730
v    53.085960    18.772776   -14.066730
v    52.394738    18.815332    -6.533489
v    50.482996    20.852648     2.739253
v    51.975781    21.417651   -17.486571
v    51.780005    21.843701   -17.847335
v    46.588504    31.556436   -17.847335
v    46.235558    31.434892   -13.138465
v    41.992715    35.105478    -0.337234
v    45.809831    32.715297   -19.641240
v    39.632033    40.242977   -19.641240
v    39.219041    40.711100   -19.341652
v    37.704413    42.225727   -16.515991
v    37.606888    42.128202   -14.668971
v    31.679110    45.830222    -2.571777
v    35.725612    43.849729   -16.515991
v    33.529757    45.487674   -14.808811
v    29.979103    47.873260    -9.312241
v    29.959920    47.817486    -8.567581
v    24.252179    50.108368    -0.003632
v    29.934451    47.897118    -9.312241
v    26.387988    49.526358    -6.309664
v    23.645748    50.677482    -2.763846
v    23.065753    50.864473    -2.640690
v    21.858935    51.230556    -2.640690
v    17.345841    52.217418     1.604411
v    16.606179    52.369348     2.408069
v    13.643177    52.680785     2.607070
v    10.959371    52.945151     2.607070
v    -0.227289    52.295196     7.194799
v    -0.321510    52.285282     7.188431
v    -5.929791    51.653382     7.188431
v   -13.495192    49.346621     7.057054
v   -30.019560    42.043975     5.552582
v   -37.032289    37.588752     5.229619
v   -41.939273    33.450446     4.072048
v   -42.433188    32.956451     3.150553
v   -43.133518    32.162706     2.642372
v   -44.229753    30.826929     2.642372
v   -44.884060    29.949764     1.960419
v   -46.606312    27.386455    -2.007741
v   -47.682236    25.373560    -2.007741
v   -47.505320    25.384441    -0.079879
v   -49.535544    15.053427    12.176902
v   -48.315507    23.864978    -3.958332
v   -50.559400    16.467708    -3.958332
v   -51.187835    13.593526    -1.254860
v   -51.009952    13.665099     0.479401
v   -51.009952   -11.462390    25.606890
v   -51.681669     8.895376    -1.570408
v   -53.413271    -8.686056    -1.570408
v   -53.413271   -11.644948     1.388484
v   -51.295678   -11.644948    22.888749
v   -52.223540   -23.724168     1.388484
v   -51.544892   -30.181083     1.822110
v   -51.295678   -30.281348     4.252349
v   -50.607438   -30.929450     9.712730
v   -51.171312   -31.889633     0.215115
v   -50.399571   -34.433840     0.215115
v   -49.912830   -34.463823     5.519536
v   -49.743249   -34.644527     6.341974
v   -50.176310   -34.965636    -0.472560
v   -49.771056   -35.723917    -0.472560
v   -49.366043   -35.584399     4.931723
v   -48.829894   -36.048250     6.549357
v   -49.551825   -36.050184    -0.977598
v   -47.908157   -38.053003    -0.977598
v   -47.704804   -37.849731     2.872968
v   -47.571251   -38.389829    -1.606033
v   -40.512660   -44.182683    -1.606033
v   -39.466719   -44.962888    -2.419202
v   -38.111357   -45.873582    -4.517451
v   -28.812823   -50.843676    -4.517451
v   -25.214131   -52.496935    -7.564277
v   -23.966127   -53.020752    -9.178042
v   -19.080905   -54.502737    -9.178042
v   -16.836529   -54.993427   -11.289026
v   -16.346483   -55.094176   -11.821548
v   -11.565395   -55.565039   -11.821548
v    -2.476340   -54.696014   -12.086721
v   -10.901900   -55.565039   -12.485044
v    -2.842907   -54.771294   -12.485044
v    -1.422339   -54.465500   -11.095346
v     9.671390   -50.726404    -6.943016
v     6.460060   -52.074432   -11.095346
v    11.971621   -49.669662    -4.995487
v    22.837414   -42.977478     4.970733
v    16.399360   -47.303016    -4.995487
v    24.593277   -41.667654     6.335849
v    34.769137   -32.554983    14.258144
v    34.751244   -32.537089    14.597952
v    30.522505   -36.801695     6.335849
v    45.135938   -19.828225    15.068090
v    45.196629   -19.849101    14.258144
v    51.085317    -9.136205    12.426196
v    45.991744   -18.665657    12.426196
v    51.583745    -8.051335    11.507683
v    54.323728    -1.523976     3.067616
v    54.091682    -1.617311     5.330288
v    54.336543    -1.484885     2.976699
v    54.574070     9.074226   -20.684360
v    54.574070    13.096952   -16.661634
v    54.813451     8.921248   -18.407180
v    54.268759     9.074226   -23.394038
v    54.193157     9.381955   -23.757784
v    54.152615     9.609569   -23.889565
v    54.095147     9.978715   -24.030856
v    53.893890    11.372040   -24.423456
v    53.599299    13.986691   -24.423456
v    53.596075    14.017883   -24.420716
v    53.240711    14.980887   -25.123141
v    53.197348    15.068741   -25.220909
v    53.003426    15.530818   -25.469800
v    52.188967    17.537264   -26.338906
v    51.613808    19.028518   -26.751979
v    49.944107    23.800176   -26.751979
v    49.735515    24.141193   -27.048424
v    48.078146    27.033025   -28.307390
v    45.798950    32.711509   -19.787206
v    48.065411    27.049307   -28.323751
v    47.929359    27.240731   -28.427806
v    47.845132    27.367675   -28.457547
v    44.252808    33.084766   -28.457547
v    43.288595    34.824992   -27.603030
v    43.254985    34.912362   -27.462706
v    41.647990    37.025441   -26.139583
v    41.599550    37.092419   -26.070751
v    40.325754    38.584157   -24.886743
v    38.925175    40.402726   -22.614801
v    38.356948    41.249505   -21.100980
v    37.432712    42.083147   -20.319164
v    36.344456    43.134327   -18.674287
v    34.572555    44.516207   -16.899484
v    33.484138    45.505970   -14.877321
v    31.286831    46.849887   -12.967755
v    30.409585    47.451322   -11.474567
v    26.088077    49.585277    -6.665511
v    25.553379    49.782584    -6.275490
v    21.903104    51.183728    -3.012496
v    14.532593    52.014145    -3.012496
v    13.705964    52.217418    -2.035548
v    10.959371    52.766704     0.795594
v     5.707824    52.285282     1.159098
v    -6.645435    50.893408     1.159098
v    -7.295632    50.643872     0.577894
v    -8.202619    50.386678     0.777942
v   -23.885447    44.899055     0.777942
v   -25.754632    43.755830    -0.846543
v   -26.159484    43.387651    -1.598617
v   -38.990134    35.325596    -1.598617
v   -39.779043    34.614062    -2.265901
v   -45.682560    28.080981    -5.687354
v   -40.884466    32.966768    -5.210850
v   -41.397160    32.366462    -5.687354
v   -46.495166    27.348170    -3.491015
v   -45.749055    27.993611    -5.742001
v   -46.575201    26.011748    -8.512773
v   -47.528936    24.493896    -8.512773
v   -47.614130    24.560149    -7.674215
v   -46.369350    26.383232    -8.330376
v   -48.263521    23.868121    -4.524786
v   -48.980857    20.217846    -8.855483
v   -47.585033    24.152718    -9.001932
v   -47.867132    23.256209    -9.246471
v   -48.614451    21.120400    -9.246471
v   -50.085555    16.913907    -7.717416
v   -49.962157    17.248396    -7.961391
v   -51.084426     7.180780    -8.585716
v   -51.681669     1.880067    -8.585716
v   -52.912022    -7.769236    -5.743129
v   -53.095386    -8.686056    -4.798099
v   -52.027200    -1.889576    -8.846617
v   -52.223540   -18.195842    -4.139762
v   -52.062019   -19.629789    -4.139762
v   -50.764607   -32.272642    -3.011931
v   -50.504834   -32.984175    -3.499881
v   -50.114652   -34.969424    -1.144519
v   -50.528772   -32.911555    -3.478039
v   -50.167928   -33.814029    -3.859275
v   -49.596638   -35.446654    -3.859275
v   -49.637260   -35.478169    -3.459904
v   -49.425203   -36.006580    -2.667126
v   -49.164947   -35.921386    -4.741276
v   -48.589143   -36.659678    -5.480778
v   -48.492665   -36.813301    -5.480778
v   -48.372894   -36.946049    -5.593053
v   -47.509673   -38.328251    -2.772389
v   -47.461232   -37.557880    -7.222857
v   -44.921458   -39.513871   -10.395822
v   -44.912754   -39.521125   -10.403317
v   -43.043246   -41.117642   -11.887237
v   -42.401431   -41.581009   -12.546380
v   -40.634205   -42.924927   -13.652932
v   -38.103377   -45.850450    -4.826390
v   -26.293521   -50.590513   -22.546211
v   -39.547158   -43.343722   -15.400170
v   -38.397324   -43.886802   -16.586113
v   -32.534993   -46.801687   -21.667514
v   -30.527821   -47.913800   -22.653086
v   -26.285058   -50.579632   -22.653086
v   -23.982166   -52.759448   -12.026352
v   -17.158443   -54.100464   -20.122017
v   -25.599478   -50.692471   -23.636079
v   -25.315848   -50.781695   -23.713374
v   -18.666462   -53.108444   -23.713374
v   -17.402418   -53.732607   -22.306750
v   -17.040043   -53.923306   -21.812755
v   -16.438689   -54.864871   -14.057461
v   -10.901900   -54.864871   -19.594251
v   -11.345762   -54.564879   -21.812755
v   -10.819849   -54.694161   -21.191332
v   -10.819849   -54.736556   -20.815012
v    -2.828963   -54.736556   -12.824046
v    -4.036668   -53.929835   -21.191332
v    -1.858947   -53.706413   -20.997006
v    -1.308694   -53.503302   -21.398392
v     6.466185   -51.975456   -12.174252
v    -0.743287   -53.224185   -22.027553
v     6.147736   -50.812887   -22.027553
v     8.296602   -50.136737   -21.441432
v     8.351007   -50.206697   -20.752870
v    16.300545   -47.016001    -8.825097
v     9.017243   -49.574716   -22.163282
v    17.282410   -44.381361   -22.163282
v    19.208659   -43.314142   -21.217446
v    19.360187   -43.479291   -19.495839
v    30.341882   -36.621071     2.915041
v    20.435708   -41.877213   -22.358011
v    31.042212   -31.270709   -22.358011
v    35.469386   -28.410793   -13.840165
v    38.663871   -24.258947   -16.053913
v    45.374835   -18.453196     4.193753
v    38.782030   -22.607703   -22.132090
v    39.633162   -21.071394   -22.886422
v    50.869068    -3.189567   -22.886422
v    50.899938    -3.150073   -22.846848
v    51.370397    -3.515350   -18.219302
v    53.210728    -1.554201    -9.293380
v    51.445919    -1.414844   -23.320048
v    53.847304     5.447970   -23.320048
v    53.888329     5.530987   -23.227761
v    54.520068     5.108565   -17.198105
v    54.813451     5.384780   -14.870711
v    54.079592     7.395095   -23.394038
v    53.489441    13.244852   -25.061080
v    53.412308    13.550808   -25.174322
v    53.373459    13.730948   -25.220909
v    50.917911    20.538229   -27.308599
v    49.779523    23.202852   -27.992568
v    49.489606    23.716916   -28.203658
v    49.248532    24.192937   -28.323751
v    46.073231    29.751811   -29.304084
v    45.250148    30.927920   -29.563857
v    44.913805    31.477932   -29.535325
v    44.343805    32.675965   -28.970241
v    43.585121    33.664680   -28.970241
v    42.970791    34.850703   -28.289416
v    42.957250    34.946939   -28.150543
v    41.861015    36.457133   -27.068332
v    41.850698    36.474462   -27.049875
v    40.525560    38.154158   -25.523560
v    37.636468    41.615266   -21.369618
v    37.226619    41.785089   -21.369618
v    34.046562    44.540870   -17.428781
v    31.914783    45.741562   -15.918506
v    31.580375    45.952814   -15.605699
v    14.698628    48.175348   -15.605699
v    14.532593    48.189936   -15.619401
v    12.553389    47.332357   -17.711283
v    -7.306996    50.273033    -0.640288
v     9.683802    45.778558   -21.324966
v    -7.431281    43.525315   -21.324966
v    -9.450543    43.330828   -21.105574
v    -9.524936    43.493881   -20.574584
v   -25.963949    42.723027    -4.032967
v   -10.599812    42.334859   -22.529849
v   -21.149413    37.965071   -22.529849
v   -27.172137    36.185352   -20.571279
v   -28.746409    36.334864   -18.375343
v   -31.377824    35.082910   -17.134270
v   -42.837717    28.451175   -12.156923
v   -34.605032    32.606649   -17.134270
v   -42.548445    28.491798   -12.574509
v   -44.984648    26.892782   -10.618438
v   -46.089508    25.649695   -10.270651
v   -46.776378    25.107823    -9.646487
v   -45.496456    26.225740   -10.618438
v   -47.438906    24.216392    -9.329973
v   -47.602362    23.663237    -9.509871
v   -47.879464    22.994341    -9.509871
v   -48.408036    21.486967    -9.506163
v   -48.115620    22.121286    -9.739983
v   -51.053153     6.969448    -8.767307
v   -50.676511     9.830170    -8.767307
v   -51.780726    -1.320623    -9.447970
v   -51.942086   -18.820005    -4.835820
v   -51.732366   -20.413056    -4.835820
v   -49.181711   -35.564974    -5.099783
v   -48.109978   -36.868431    -6.556702
v   -48.162932   -36.740600    -6.556702
v   -42.214521   -41.649841   -12.855238
v   -40.363229   -42.751315   -14.815339
v   -29.559578   -47.855204   -24.498414
v   -28.631957   -48.335820   -25.030935
v   -28.054219   -48.564239   -25.446991
v   -26.127083   -49.481059   -26.355832
v   -25.657993   -49.436488   -27.010139
v   -25.500905   -49.453575   -27.141597
v   -23.653078   -49.999637   -27.742548
v   -21.311741   -50.969492   -27.742548
v   -20.683547   -51.139396   -27.908099
v   -19.000467   -52.087408   -26.715709
v   -12.554272   -53.014707   -26.473991
v   -18.249037   -52.159787   -26.797356
v   -12.810982   -52.875753   -26.797356
v   -11.345762   -53.538362   -25.196648
v    -8.416692   -53.281330   -24.956220
v    -4.614325   -52.780726   -24.956220
v    -0.467556   -52.381436   -24.505668
v     1.002983   -51.553114   -25.547498
v     3.233900   -50.949503   -24.959605
v     7.671149   -49.111510   -24.959605
v     9.447645   -48.586565   -24.381867
v    13.787853   -45.360888   -25.922931
v    14.584338   -44.981990   -25.547256
v    21.145871   -39.947094   -25.547256
v    21.797599   -39.049295   -26.190683
v    32.681446   -28.165448   -26.190683
v    33.237019   -27.762208   -25.792521
v    33.751728   -27.572799   -24.941954
v    38.110232   -21.411282   -25.792521
v    40.085325   -19.040284   -25.433853
v    41.457211   -16.796875   -25.550480
v    48.873986    -5.613680   -24.345355
v    49.827076    -4.251628   -24.044477
v    50.495489    -3.352297   -23.725222
v    50.739141    -2.527844   -23.993296
v    51.394335    -0.945916   -23.993296
v    51.476063    -0.771095   -23.967827
v    53.649270     5.054563   -23.520499
v    53.783308     5.368337   -23.439980
v    53.823849     5.440313   -23.389041
v    54.024865     7.527923   -23.615848
v    54.041387     7.653175   -23.615848
v    52.931289    15.247752   -25.674523
v    52.230879    17.272737   -26.338906
v    47.899215    26.578041   -28.986683
v    48.257480    25.876985   -28.862157
v    47.214602    27.511706   -29.304084
v    43.960957    32.539832   -29.758585
v    43.630176    33.282235   -29.372030
v    42.664109    34.248382   -29.372030
v    42.564650    34.458586   -29.240088
v    42.542485    34.901158   -28.739484
v    42.036964    35.620348   -28.203577
v    38.300770    37.524030   -28.203577
v    37.933155    38.036241   -27.709905
v    37.876493    38.079039   -27.674441
v    30.043341    38.748983   -28.672989
v    14.274191    41.246603   -28.672989
v     9.683802    41.621714   -29.101779
v     8.709433    40.965633   -30.089366
v     4.094381    40.588427   -29.658239
v    -9.886506    38.881569   -28.770273
v   -11.092518    39.525318   -27.309567
v    -2.921008    39.477362   -29.658239
v   -17.922366    37.818219   -25.251375
v   -27.308431    35.536767   -21.451346
v   -18.622857    37.461324   -25.251375
v   -26.583116    35.330996   -22.325529
v   -33.627359    32.721906   -18.161432
v   -42.573270    28.280546   -12.796481
v   -34.184786    32.164399   -18.161432
v   -42.373866    28.290540   -13.022079
v   -47.561337    22.761086   -10.270651
v   -47.574233    22.709582   -10.286206
v   -50.416094     8.808328    -9.506163
v   -51.503544    -1.320623    -9.966548
v   -51.207985    -0.881759   -10.411297
v   -50.377729   -15.096707    -8.679695
v   -46.915009   -36.959509    -8.679695
v   -44.904613   -39.144000   -10.707742
v   -40.302618   -41.993760   -15.493907
v   -39.863108   -42.856417   -15.493907
v   -42.639120   -40.317046   -13.241874
v   -28.523551   -47.907191   -25.670493
v   -27.882623   -48.210407   -26.072685
v   -27.458588   -48.634441   -26.072685
v   -24.517187   -49.174539   -28.327298
v   -23.982005   -49.317764   -28.523961
v   -22.726505   -49.957483   -28.523961
v   -21.216150   -50.334931   -28.979107
v   -20.764872   -50.675787   -28.696928
v   -19.384040   -50.793865   -28.872957
v   -15.378321   -51.428346   -28.872957
v   -14.001277   -51.540863   -29.001513
v   -12.810982   -52.342345   -27.795179
v    -7.907383   -51.941604   -27.337132
v    -4.892555   -51.464132   -27.337132
v     1.108569   -50.950873   -26.572080
v     2.744177   -49.715765   -27.594889
v     5.548237   -49.014952   -26.749883
v    11.868615   -45.794514   -26.749883
v    13.805665   -45.276178   -26.037947
v    19.745614   -39.946288   -27.286757
v    20.428695   -39.496462   -27.166422
v    21.301347   -39.107730   -26.712082
v    32.739881   -27.669196   -26.712082
v    32.812018   -27.507272   -26.796389
v    36.011419   -23.750282   -26.284259
v    50.736320    -2.467153   -24.044477
v    50.800316    -2.211330   -24.121611
v    51.025189    -1.668411   -24.121611
v    53.962400     7.461831   -23.706845
v    53.992786     7.653900   -23.706845
v    50.801445    20.180770   -27.519448
v    49.906870    21.619070   -28.203658
v    45.159554    29.909222   -30.271602
v    45.685627    29.174154   -30.095653
v    44.896154    30.123939   -30.381620
v    43.250955    32.586257   -30.381620
v    42.758411    32.804118   -30.639458
v    42.569647    32.745844   -30.808637
v    41.065578    33.110074   -31.396692
v    39.460356    34.182613   -31.396692
v    38.613577    34.375085   -31.674196
v    34.035358    33.311331   -33.894070
v    24.231304    34.005616   -35.306175
v    18.796473    35.086618   -35.306175
v    37.584723    33.638404   -32.732549
v    37.373149    33.577713   -32.848129
v    11.646160    35.621316   -36.034554
v     8.709433    38.251119   -33.397013
v     2.313452    37.772841   -32.745445
v    -6.899646    36.517261   -32.096538
v    -9.907462    38.670721   -29.002642
v    -2.394773    36.836274   -32.745445
v   -16.183188    37.244430   -26.946224
v   -26.720215    33.231135   -24.168278
v   -23.621644    32.274256   -26.946224
v   -28.256121    32.551519   -23.364378
v   -41.889140    22.837897   -16.810179
v   -36.616476    20.039318   -23.364378
v   -45.784196    22.450938   -12.517284
v   -31.206550    -2.458932   -34.478820
v   -38.186314    -0.881759   -26.278375
v   -28.880607     9.234458   -34.478820
v   -30.549986    -3.192146   -35.137319
v   -22.729488   -33.501302   -37.151745
v   -23.126844   -38.480665   -35.591337
v   -25.531533   -41.839331   -32.136515
v   -28.105561   -43.205575   -28.936792
v   -26.533386    -6.344880   -38.948390
v   -23.531454   -21.436349   -38.948390
v   -22.704663   -33.112168   -37.266680
v   -22.948154   -45.705532   -32.136515
v   -23.441263   -47.302210   -30.705067
v   -24.566030   -48.426897   -28.983379
v   -21.228481   -48.871807   -30.621485
v   -21.340595   -49.082978   -30.359052
v   -21.272327   -48.751391   -30.705067
v   -21.237831   -48.828364   -30.655578
v   -16.419264   -49.828443   -30.621485
v   -15.161991   -50.053155   -30.590212
v   -14.001277   -51.092568   -29.547818
v   -15.475685   -49.898968   -30.717640
v    -7.521633   -50.608003   -28.887707
v    -5.240664   -50.154308   -28.887707
v     2.756911   -49.587934   -27.735858
v     4.181026   -48.278110   -28.413942
v     8.055045   -46.084753   -28.668798
v    10.045291   -45.632428   -28.016667
v    17.878766   -40.398210   -28.016667
v    32.105159   -27.820079   -27.166422
v    38.300770   -20.324074   -26.284259
v    53.781051     6.915688   -23.788573
v    53.917264     7.600382   -23.788573
v    47.523540    23.844586   -29.796225
v    47.038572    24.125153   -30.095653
v    44.227339    30.518877   -30.682579
v    42.522254    32.186806   -31.121525
v    40.613091    32.657910   -31.863363
v    40.231775    33.039307   -31.863363
v    28.638409    32.351632   -35.651786
v    21.041172    32.772362   -36.831684
v    20.911971    32.807019   -36.831684
v    11.646160    33.455282   -37.812258
v     7.810425    33.151260   -37.435536
v    11.610535    33.417158   -37.837728
v    -6.232442    29.425060   -37.408857
v    -7.139349    30.776877   -36.243629
v    -6.060201    29.434652   -37.435536
v   -23.514286    32.166817   -27.079374
v    -7.594092    23.907373   -39.552807
v   -21.622452     9.879094   -39.552807
v   -21.840796     8.914236   -39.869563
v   -26.641470     8.713785   -36.401363
v   -22.623741    -2.412829   -41.515004
v   -19.947995     6.379862   -41.748662
v   -19.976769     5.861204   -41.829181
v   -20.868846     2.531876   -41.829181
v   -23.409990    -5.173929   -41.320517
v   -23.834347    -6.344880   -41.163348
v   -23.416196   -11.008373   -40.745278
v   -23.032945   -16.486405   -40.165525
v   -23.039393   -20.073571   -39.574649
v   -22.594967   -32.238710   -37.517828
v   -22.989421   -20.975561   -39.434567
v   -22.370900   -41.825387   -34.492280
v   -22.677259   -45.434637   -32.472374
v   -23.050435   -38.724882   -35.526857
v   -22.393065   -41.629369   -34.573122
v   -21.791792   -45.359518   -32.967900
v   -21.742384   -44.372254   -33.502679
v   -21.385247   -46.048000   -32.658156
v   -17.749641   -47.568834   -32.258704
v   -18.878358   -46.719717   -32.658156
v   -17.544596   -47.683285   -32.198255
v    -7.085509   -49.488152   -29.735534
v    -4.328761   -48.749457   -29.735534
v    12.650431   -41.386764   -29.878276
v    17.252910   -40.345095   -28.366953
v    31.992642   -26.494457   -27.908261
v    30.812180   -26.785825   -28.366953
v    51.223142     1.905940   -24.676700
v    53.083300     8.848144   -24.676700
v    46.733019    24.125153   -30.259028
v    43.075651    27.269505   -31.763500
v    41.694496    27.855867   -32.256206
v    39.718114    32.627363   -32.256206
v    19.513890    32.231055   -37.339703
v    27.276518    31.801459   -36.134094
v    19.036337    32.203731   -37.422721
v    11.610535    32.768170   -38.184548
v     2.939550    26.244842   -40.429489
v     8.790920    29.488653   -39.533705
v    -0.931326    23.028676   -41.127481
v    -7.471581    20.319643   -41.127481
v    -8.828636    16.971133   -41.972810
v   -19.437316     6.362372   -41.972810
v   -19.794211     5.346172   -42.000536
v   -19.447956     6.169981   -42.002632
v   -19.520576     5.869425   -42.025119
v   -23.030366   -16.441189   -40.173343
v   -23.409990   -11.069306   -40.739878
v   -22.375817   -41.123606   -34.795174
v   -22.729488   -39.516853   -35.326970
v   -21.094122   -44.142464   -33.718283
v    -9.139509   -47.044372   -31.335920
v     6.801318   -40.441492   -31.335920
v    12.607230   -40.120141   -30.434171
v    24.449487   -28.277804   -30.434171
v    28.339465   -26.701356   -29.452226
v    46.135212    16.261373   -29.452226
v    26.175527    27.855867   -36.963787
v    15.729819    22.852808   -39.503883
v     9.140319    29.442309   -39.503883
v    -8.423784    16.966297   -42.025119
v    -8.686539    16.931478   -42.002632
v    -4.442487    19.186977   -41.851669
v   -22.989421   -16.604483   -40.153274
v    11.553310    17.938328   -40.153274
v    11.718861    19.186977   -40.259988
f      1      2      3
f      1      3      4
f      1      4      5
f      1      5      6
f      1      6      7
f      1      7      8
f      1      8      9
f      5     10     11
f      5     11     12
f      5     12     13
f      5     13     14
f      5     14     15
f      5     15      6
f     14     16     17
f     14     17     18
f     14     18     19
f     14     19     20
f     14     20     15
f      6     15     20
f      6     20     21
f      6     21     22
f      6     22      7
f     23      3      2
f     23      2     24
f     25     26     10
f     25     10      5
f     25      5      4
f     25      4     27
f     28     29     11
f     28     11     10
f     28     10     26
f     28     26     30
f     11     29     31
f     11     31     32
f     11     32     33
f     11     33     34
f     11     34     35
f     11     35     12
f     12     35     36
f     12     36     37
f     12     37     38
f     12     38     39
f     12     39     13
f     38     40     41
f     38     41     42
f     38     42     43
f     38     43     44
f     38     44     45
f     38     45     46
f     38     46     39
f     47     48     46
f     47     46     45
f     47     45     49
f     47     49     50
f     13     39     46
f     13     46     48
f     13     48     51
f     13     51     16
f     13     16     14
f     17     16     51
f     17     51     52
f     20     19     53
f     20     53     54
f     20     54     21
f     55     22     21
f     55     21     54
f     55     54     56
f     55     56     57
f      7     22     55
f      7     55     58
f      7     58      8
f     59     24      2
f     59      2      1
f     27      4      3
f     27      3     23
f     27     23     60
f     61     30     26
f     61     26     25
f     62     31     29
f     62     29     28
f     62     28     63
f     64     32     31
f     64     31     62
f     65     66     34
f     65     34     33
f     65     33     67
f     65     67     68
f     34     66     69
f     34     69     36
f     34     36     35
f     37     70     40
f     37     40     38
f     42     71     72
f     42     72     73
f     42     73     43
f     72     74     75
f     72     75     76
f     72     76     73
f     43     73     76
f     43     76     77
f     43     77     78
f     43     78     44
f     45     44     78
f     45     78     79
f     45     79     80
f     45     80     81
f     45     81     49
f     50     49     81
f     50     81     82
f     50     82     83
f     52     51     48
f     52     48     47
f     52     47     84
f     85     18     17
f     85     17     52
f     85     52     84
f     85     84     86
f     87     53     19
f     87     19     18
f     87     18     85
f     87     85     88
f     56     54     53
f     56     53     87
f     56     87     89
f     90     57     56
f     90     56     89
f     90     89     91
f     90     91     92
f     93     58     55
f     93     55     57
f     93     57     90
f      9      8     58
f      9     58     93
f     94     95     96
f     94     96     97
f     94     97     98
f     94     98     99
f     96     60     23
f     96     23     24
f     96     24     59
f     96     59     97
f    100    101    102
f    100    102     61
f    100     61     25
f    100     25     27
f    100     27     60
f    100     60     96
f    100     96     95
f    102     63     28
f    102     28     30
f    102     30     61
f    103    104    105
f    103    105     64
f    103     64     62
f    103     62     63
f    103     63    102
f    103    102    101
f    105     67     33
f    105     33     32
f    105     32     64
f    106     68     67
f    106     67    105
f    106    105    104
f    107    108     65
f    107     65     68
f    107     68    106
f    109     69     66
f    109     66     65
f    109     65    108
f    110    111     70
f    110     70     37
f    110     37     36
f    110     36     69
f    110     69    109
f    112    113    114
f    112    114     41
f    112     41     40
f    112     40     70
f    112     70    111
f     41    114    115
f     41    115    116
f     41    116     71
f     41     71     42
f    116    117    118
f    116    118     74
f    116     74     72
f    116     72     71
f     75     74    118
f     75    118    119
f     75    119    120
f     75    120    121
f     77     76     75
f     77     75    121
f     77    121    122
f     77    122    123
f     79     78     77
f     79     77    123
f     79    123    124
f    125     80     79
f    125     79    124
f    125    124    126
f    125    126    127
f    125    127    128
f    125    128    129
f     82     81     80
f     82     80    125
f    130     83     82
f    130     82    125
f    130    125    129
f    130    129    131
f    130    131    132
f    130    132    133
f     86     84     47
f     86     47     50
f     86     50     83
f     86     83    130
f     86    130    134
f    135     88     85
f    135     85     86
f    135     86    134
f    135    134    136
f    137    138    135
f    137    135    136
f    137    136    139
f    137    139    140
f     91     89     87
f     91     87     88
f     91     88    135
f     91    135    138
f     91    138    141
f    142    141    138
f    142    138    137
f    142    137    143
f    142    143    144
f    145     92     91
f    145     91    141
f    145    141    142
f    146    147    145
f    146    145    142
f    146    142    144
f    146    144    148
f    146    148    149
f     98     97     59
f     98     59      1
f     98      1      9
f     98      9     93
f     98     93     90
f     98     90     92
f     98     92    145
f     98    145    147
f    150     99     98
f    150     98    147
f    150    147    146
f    151    152    153
f    151    153    154
f    151    154    155
f    151    155    156
f    151    156    157
f    151    157    158
f    151    158    159
f    157    160     94
f    157     94     99
f    157     99    150
f    157    150    158
f    156    161    162
f    156    162    163
f    156    163    160
f    156    160    157
f    163    164    165
f    163    165    100
f    163    100     95
f    163     95     94
f    163     94    160
f    166    167    168
f    166    168    169
f    166    169    165
f    166    165    164
f    165    169    170
f    165    170    103
f    165    103    101
f    165    101    100
f    168    171    172
f    168    172    173
f    168    173    170
f    168    170    169
f    170    173    174
f    170    174    107
f    170    107    106
f    170    106    104
f    170    104    103
f    172    175    176
f    172    176    174
f    172    174    173
f    177    178    179
f    177    179    176
f    177    176    175
f    177    175    180
f    174    176    179
f    174    179    181
f    174    181    110
f    174    110    109
f    174    109    108
f    174    108    107
f    179    178    182
f    179    182    183
f    179    183    184
f    179    184    185
f    179    185    186
f    179    186    181
f    181    186    187
f    181    187    112
f    181    112    111
f    181    111    110
f    187    188    189
f    187    189    190
f    187    190    191
f    187    191    192
f    187    192    193
f    187    193    113
f    187    113    112
f    193    194    115
f    193    115    114
f    193    114    113
f    115    194    195
f    115    195    196
f    115    196    197
f    115    197    198
f    115    198    117
f    115    117    116
f    198    199    119
f    198    119    118
f    198    118    117
f    120    119    199
f    120    199    200
f    120    200    201
f    122    121    120
f    122    120    201
f    122    201    202
f    122    202    203
f    122    203    204
f    124    123    122
f    124    122    204
f    124    204    126
f    127    205    206
f    127    206    207
f    127    207    128
f    129    128    207
f    129    207    131
f    208    209    210
f    208    210    211
f    208    211    212
f    133    132    208
f    133    208    212
f    133    212    213
f    213    212    211
f    213    211    214
f    213    214    215
f    213    215    216
f    213    216    217
f    213    217    218
f    136    134    130
f    136    130    133
f    136    133    213
f    136    213    218
f    136    218    219
f    136    219    220
f    136    220    139
f    140    139    220
f    140    220    221
f    140    221    222
f    140    222    223
f    140    223    224
f    140    224    225
f    140    225    226
f    140    226    227
f    140    227    228
f    229    230    228
f    229    228    227
f    229    227    231
f    229    231    232
f    233    234    235
f    233    235    143
f    233    143    137
f    233    137    140
f    233    140    228
f    233    228    230
f    233    230    236
f    237    238    235
f    237    235    234
f    237    234    239
f    237    239    240
f    148    144    143
f    148    143    235
f    148    235    238
f    148    238    241
f    148    241    242
f    148    242    243
f    148    243    244
f    148    244    245
f    245    244    246
f    247    248    249
f    247    249    250
f    247    250    149
f    247    149    148
f    247    148    245
f    247    245    246
f    247    246    251
f    247    251    252
f    247    252    253
f    254    255    250
f    254    250    249
f    254    249    256
f    159    158    150
f    159    150    146
f    159    146    149
f    159    149    250
f    159    250    255
f    159    255    257
f    159    257    258
f    159    258    259
f    159    259    260
f    261    262    151
f    261    151    159
f    261    159    260
f    261    260    263
f    261    263    264
f    261    264    265
f    266    267    268
f    266    268    153
f    266    153    152
f    266    152    269
f    266    269    270
f    271    154    153
f    271    153    268
f    271    268    272
f    273    274    155
f    273    155    154
f    273    154    271
f    155    274    275
f    155    275    276
f    155    276    161
f    155    161    156
f    277    278    162
f    277    162    161
f    277    161    276
f    162    278    279
f    162    279    280
f    162    280    166
f    162    166    164
f    162    164    163
f    281    282    283
f    281    283    167
f    281    167    166
f    281    166    280
f    283    284    171
f    283    171    168
f    283    168    167
f    285    286    287
f    285    287    284
f    285    284    283
f    285    283    282
f    287    180    175
f    287    175    172
f    287    172    171
f    287    171    284
f    288    289    290
f    288    290    291
f    288    291    177
f    288    177    180
f    288    180    287
f    288    287    286
f    290    292    293
f    290    293    294
f    290    294    291
f    291    294    295
f    291    295    296
f    291    296    297
f    291    297    182
f    291    182    178
f    291    178    177
f    297    298    299
f    297    299    300
f    297    300    301
f    297    301    183
f    297    183    182
f    183    301    302
f    183    302    303
f    183    303    304
f    183    304    305
f    183    305    306
f    183    306    307
f    183    307    184
f    184    307    308
f    184    308    309
f    184    309    310
f    184    310    185
f    185    310    311
f    185    311    312
f    185    312    313
f    185    313    314
f    185    314    315
f    185    315    188
f    185    188    187
f    185    187    186
f    315    316    317
f    315    317    318
f    315    318    189
f    315    189    188
f    192    319    195
f    192    195    194
f    192    194    193
f    320    196    195
f    320    195    319
f    197    321    200
f    197    200    199
f    197    199    198
f    201    200    321
f    201    321    322
f    201    322    323
f    201    323    202
f    203    202    323
f    203    323    324
f    203    324    325
f    203    325    326
f    126    204    203
f    126    203    326
f    126    326    205
f    126    205    127
f    327    328    329
f    327    329    210
f    327    210    209
f    131    207    206
f    131    206    327
f    131    327    209
f    131    209    208
f    131    208    132
f    330    331    332
f    330    332    333
f    330    333    334
f    214    334    333
f    214    333    215
f    216    335    336
f    216    336    337
f    216    337    217
f    218    217    337
f    218    337    338
f    218    338    339
f    218    339    219
f    220    219    339
f    220    339    340
f    220    340    341
f    220    341    221
f    222    342    343
f    222    343    344
f    222    344    345
f    222    345    346
f    222    346    223
f    223    346    347
f    223    347    348
f    223    348    349
f    223    349    350
f    223    350    224
f    351    226    225
f    351    225    352
f    351    352    353
f    227    226    351
f    227    351    354
f    227    354    231
f    236    230    229
f    236    229    355
f    356    239    234
f    356    234    233
f    241    238    237
f    246    244    243
f    246    243    251
f    357    257    255
f    357    255    254
f    258    257    357
f    358    359    262
f    358    262    261
f    269    152    151
f    269    151    262
f    269    262    359
f    269    359    360
f    361    267    266
f    361    266    362
f    363    272    268
f    363    268    267
f    363    267    361
f    364    365    273
f    364    273    271
f    364    271    272
f    364    272    363
f    366    275    274
f    366    274    273
f    366    273    365
f    367    368    277
f    367    277    276
f    367    276    275
f    367    275    366
f    369    279    278
f    369    278    277
f    369    277    368
f    370    371    281
f    370    281    280
f    370    280    279
f    370    279    369
f    372    373    285
f    372    285    282
f    372    282    281
f    372    281    371
f    374    375    376
f    374    376    377
f    374    377    373
f    374    373    372
f    377    378    288
f    377    288    286
f    377    286    285
f    377    285    373
f    376    379    380
f    376    380    381
f    376    381    378
f    376    378    377
f    381    382    289
f    381    289    288
f    381    288    378
f    383    384    385
f    383    385    386
f    383    386    292
f    383    292    290
f    383    290    289
f    383    289    382
f    386    387    388
f    386    388    293
f    386    293    292
f    293    388    389
f    293    389    390
f    293    390    295
f    293    295    294
f    296    391    298
f    296    298    297
f    300    392    302
f    300    302    301
f    309    393    311
f    309    311    310
f    312    394    395
f    312    395    396
f    312    396    313
f    314    397    398
f    314    398    316
f    314    316    315
f    398    399    400
f    398    400    317
f    398    317    316
f    189    318    401
f    189    401    190
f    190    401    402
f    190    402    191
f    403    322    321
f    403    321    197
f    403    197    196
f    403    196    320
f    323    322    403
f    323    403    404
f    323    404    324
f    325    324    404
f    325    404    405
f    325    405    406
f    206    205    326
f    206    326    325
f    206    325    406
f    206    406    328
f    206    328    327
f    407    408    409
f    407    409    331
f    407    331    330
f    211    210    329
f    211    329    407
f    211    407    330
f    211    330    334
f    211    334    214
f    332    331    409
f    332    409    410
f    332    410    411
f    332    411    412
f    215    333    332
f    215    332    412
f    215    412    335
f    215    335    216
f    412    411    413
f    412    413    414
f    412    414    336
f    412    336    335
f    337    336    414
f    337    414    415
f    337    415    338
f    339    338    415
f    339    415    416
f    339    416    417
f    339    417    340
f    221    341    418
f    221    418    419
f    221    419    342
f    221    342    222
f    419    420    343
f    419    343    342
f    345    421    422
f    345    422    347
f    345    347    346
f    348    347    422
f    348    422    423
f    348    423    424
f    348    424    425
f    426    350    349
f    426    349    427
f    352    225    224
f    352    224    350
f    352    350    426
f    352    426    428
f    429    354    351
f    429    351    353
f    429    353    430
f    429    430    431
f    232    231    354
f    232    354    429
f    432    433    356
f    432    356    233
f    432    233    236
f    432    236    355
f    432    355    434
f    240    239    356
f    240    356    433
f    251    243    242
f    251    242    252
f    435    248    247
f    256    249    248
f    256    248    435
f    256    435    436
f    263    260    259
f    263    259    437
f    265    264    438
f    439    360    359
f    439    359    358
f    439    358    440
f    441    270    269
f    441    269    360
f    441    360    439
f    442    443    444
f    442    444    445
f    442    445    446
f    442    446    447
f    445    448    364
f    445    364    363
f    445    363    361
f    445    361    362
f    445    362    449
f    445    449    446
f    444    450    451
f    444    451    452
f    444    452    448
f    444    448    445
f    452    453    367
f    452    367    366
f    452    366    365
f    452    365    364
f    452    364    448
f    451    454    455
f    451    455    456
f    451    456    457
f    451    457    453
f    451    453    452
f    457    458    370
f    457    370    369
f    457    369    368
f    457    368    367
f    457    367    453
f    456    459    460
f    456    460    461
f    456    461    462
f    456    462    463
f    456    463    458
f    456    458    457
f    463    464    374
f    463    374    372
f    463    372    371
f    463    371    370
f    463    370    458
f    462    465    466
f    462    466    467
f    462    467    468
f    462    468    464
f    462    464    463
f    468    469    375
f    468    375    374
f    468    374    464
f    467    470    471
f    467    471    472
f    467    472    469
f    467    469    468
f    472    473    379
f    472    379    376
f    472    376    375
f    472    375    469
f    474    475    476
f    474    476    380
f    474    380    379
f    474    379    473
f    380    476    477
f    380    477    383
f    380    383    382
f    380    382    381
f    477    478    384
f    477    384    383
f    385    479    387
f    385    387    386
f    389    388    387
f    389    387    479
f    389    479    480
f    389    480    481
f    295    390    391
f    295    391    296
f    482    392    300
f    482    300    299
f    304    483    305
f    306    308    307
f    311    393    484
f    311    484    394
f    311    394    312
f    395    485    396
f    313    396    485
f    313    485    486
f    313    486    487
f    313    487    488
f    313    488    397
f    313    397    314
f    488    489    399
f    488    399    398
f    488    398    397
f    400    399    489
f    400    489    490
f    400    490    491
f    400    491    492
f    402    401    318
f    402    318    317
f    402    317    400
f    402    400    492
f    402    492    493
f    493    492    491
f    493    491    494
f    493    494    495
f    493    495    496
f    493    496    497
f    405    404    403
f    405    403    320
f    405    320    319
f    405    319    192
f    405    192    191
f    405    191    402
f    405    402    493
f    405    493    497
f    405    497    498
f    498    497    496
f    498    496    499
f    498    499    500
f    498    500    501
f    498    501    502
f    502    501    503
f    502    503    504
f    502    504    505
f    329    328    406
f    329    406    405
f    329    405    498
f    329    498    502
f    329    502    505
f    329    505    506
f    329    506    408
f    329    408    407
f    505    504    507
f    505    507    508
f    505    508    509
f    505    509    506
f    506    509    510
f    506    510    410
f    506    410    409
f    506    409    408
f    510    509    508
f    510    508    511
f    510    511    512
f    510    512    513
f    413    411    410
f    413    410    510
f    413    510    513
f    413    513    514
f    514    513    512
f    514    512    515
f    514    515    516
f    514    516    517
f    415    414    413
f    415    413    514
f    415    514    517
f    415    517    416
f    416    517    516
f    416    516    518
f    416    518    519
f    416    519    417
f    340    417    519
f    340    519    520
f    340    520    418
f    340    418    341
f    418    520    521
f    418    521    522
f    418    522    420
f    418    420    419
f    343    420    522
f    343    522    523
f    343    523    344
f    344    523    524
f    344    524    525
f    344    525    421
f    344    421    345
f    422    421    525
f    422    525    526
f    422    526    423
f    424    423    526
f    424    526    527
f    424    527    528
f    529    425    424
f    529    424    528
f    529    528    530
f    529    530    531
f    427    349    348
f    427    348    425
f    427    425    529
f    427    529    532
f    533    428    426
f    533    426    427
f    533    427    532
f    533    532    534
f    430    353    352
f    430    352    428
f    430    428    533
f    430    533    535
f    536    431    430
f    536    430    535
f    536    535    537
f    434    355    229
f    434    229    232
f    434    232    429
f    434    429    431
f    434    431    536
f    434    536    538
f    539    540    432
f    539    432    434
f    539    434    538
f    539    538    541
f    253    252    242
f    253    242    241
f    253    241    237
f    253    237    240
f    253    240    433
f    253    433    432
f    253    432    540
f    542    436    435
f    542    435    247
f    542    247    253
f    542    253    540
f    542    540    539
f    542    539    543
f    437    259    258
f    437    258    357
f    437    357    254
f    437    254    256
f    437    256    436
f    437    436    542
f    544    438    264
f    544    264    263
f    544    263    437
f    544    437    542
f    544    542    543
f    544    543    545
f    546    440    358
f    546    358    261
f    546    261    265
f    546    265    438
f    546    438    544
f    547    548    441
f    547    441    439
f    547    439    440
f    547    440    546
f    449    362    266
f    449    266    270
f    449    270    441
f    449    441    548
f    447    446    449
f    447    449    548
f    447    548    547
f    447    547    549
f    550    551    450
f    550    450    444
f    550    444    443
f    550    443    552
f    553    554    555
f    553    555    556
f    553    556    557
f    553    557    558
f    553    558    559
f    553    559    551
f    553    551    550
f    559    560    454
f    559    454    451
f    559    451    450
f    559    450    551
f    561    562    563
f    561    563    564
f    561    564    565
f    561    565    455
f    561    455    454
f    561    454    560
f    455    565    566
f    455    566    567
f    455    567    568
f    455    568    459
f    455    459    456
f    567    569    570
f    567    570    571
f    567    571    572
f    567    572    573
f    567    573    574
f    567    574    568
f    568    574    575
f    568    575    576
f    568    576    460
f    568    460    459
f    460    576    577
f    460    577    578
f    460    578    579
f    460    579    461
f    461    579    580
f    461    580    581
f    461    581    465
f    461    465    462
f    581    582    583
f    581    583    466
f    581    466    465
f    466    583    584
f    466    584    585
f    466    585    470
f    466    470    467
f    585    586    471
f    585    471    470
f    471    586    587
f    471    587    588
f    471    588    474
f    471    474    473
f    471    473    472
f    588    589    590
f    588    590    475
f    588    475    474
f    590    591    478
f    590    478    477
f    590    477    476
f    590    476    475
f    592    480    479
f    592    479    385
f    592    385    384
f    592    384    478
f    592    478    591
f    593    481    480
f    593    480    592
f    594    595    482
f    594    482    299
f    594    299    298
f    594    298    391
f    594    391    390
f    594    390    389
f    594    389    481
f    594    481    593
f    596    303    302
f    596    302    392
f    596    392    482
f    596    482    595
f    597    483    304
f    597    304    303
f    597    303    596
f    598    599    484
f    598    484    393
f    598    393    309
f    598    309    308
f    598    308    306
f    598    306    305
f    598    305    483
f    598    483    597
f    600    486    485
f    600    485    395
f    600    395    394
f    600    394    484
f    600    484    599
f    601    487    486
f    601    486    600
f    601    600    602
f    601    602    603
f    604    490    489
f    604    489    488
f    604    488    487
f    604    487    601
f    604    601    605
f    606    607    608
f    606    608    604
f    606    604    605
f    606    605    609
f    494    491    490
f    494    490    604
f    494    604    608
f    494    608    610
f    611    610    608
f    611    608    607
f    611    607    612
f    611    612    613
f    611    613    614
f    615    495    494
f    615    494    610
f    615    610    611
f    615    611    616
f    499    496    495
f    499    495    615
f    499    615    617
f    499    617    618
f    619    620    500
f    619    500    499
f    619    499    618
f    619    618    621
f    622    503    501
f    622    501    500
f    622    500    620
f    507    504    503
f    507    503    622
f    507    622    623
f    507    623    624
f    625    626    511
f    625    511    508
f    625    508    507
f    625    507    624
f    625    624    627
f    628    629    630
f    628    630    626
f    628    626    625
f    512    511    626
f    512    626    630
f    512    630    631
f    512    631    515
f    631    630    629
f    631    629    632
f    631    632    633
f    631    633    634
f    516    515    631
f    516    631    634
f    516    634    635
f    516    635    636
f    516    636    518
f    636    635    637
f    636    637    638
f    636    638    639
f    636    639    640
f    519    518    636
f    519    636    640
f    519    640    641
f    519    641    642
f    519    642    643
f    519    643    521
f    519    521    520
f    644    643    642
f    644    642    645
f    644    645    646
f    644    646    647
f    644    647    648
f    644    648    649
f    521    643    644
f    521    644    650
f    521    650    524
f    521    524    523
f    521    523    522
f    651    650    644
f    651    644    649
f    651    649    652
f    651    652    653
f    651    653    654
f    651    654    655
f    651    655    656
f    526    525    524
f    526    524    650
f    526    650    651
f    526    651    657
f    526    657    527
f    658    657    651
f    658    651    656
f    658    656    659
f    658    659    660
f    658    660    661
f    528    527    657
f    528    657    658
f    528    658    530
f    531    530    658
f    531    658    661
f    531    661    662
f    662    661    660
f    662    660    663
f    662    663    664
f    534    532    529
f    534    529    531
f    534    531    662
f    534    662    664
f    534    664    665
f    534    665    666
f    666    665    667
f    666    667    668
f    666    668    669
f    666    669    670
f    537    535    533
f    537    533    534
f    537    534    666
f    537    666    670
f    537    670    671
f    671    670    669
f    671    669    672
f    671    672    673
f    671    673    674
f    671    674    675
f    541    538    536
f    541    536    537
f    541    537    671
f    541    671    675
f    541    675    676
f    676    675    674
f    676    674    677
f    676    677    678
f    676    678    679
f    545    543    539
f    545    539    541
f    545    541    676
f    545    676    679
f    545    679    680
f    545    680    681
f    681    680    682
f    681    682    683
f    681    683    684
f    681    684    685
f    681    685    686
f    549    547    546
f    549    546    544
f    549    544    545
f    549    545    681
f    549    681    686
f    549    686    687
f    687    686    685
f    687    685    688
f    687    688    689
f    687    689    690
f    687    690    691
f    687    691    692
f    687    692    442
f    687    442    447
f    687    447    549
f    691    690    693
f    691    693    553
f    691    553    550
f    691    550    552
f    691    552    692
f    692    552    443
f    692    443    442
f    557    694    558
f    558    694    695
f    558    695    696
f    558    696    561
f    558    561    560
f    558    560    559
f    564    697    698
f    564    698    566
f    564    566    565
f    566    698    699
f    566    699    700
f    566    700    569
f    566    569    567
f    571    701    702
f    571    702    703
f    571    703    704
f    571    704    572
f    572    704    705
f    572    705    706
f    572    706    707
f    572    707    573
f    573    707    708
f    573    708    709
f    573    709    575
f    573    575    574
f    575    709    710
f    575    710    577
f    575    577    576
f    578    711    580
f    578    580    579
f    580    711    712
f    580    712    713
f    580    713    582
f    580    582    581
f    713    714    715
f    713    715    584
f    713    584    583
f    713    583    582
f    584    715    716
f    584    716    587
f    584    587    586
f    584    586    585
f    716    717    589
f    716    589    588
f    716    588    587
f    718    719    594
f    718    594    593
f    718    593    592
f    718    592    591
f    718    591    590
f    718    590    589
f    718    589    717
f    720    721    722
f    720    722    723
f    720    723    719
f    720    719    718
f    723    724    598
f    723    598    597
f    723    597    596
f    723    596    595
f    723    595    594
f    723    594    719
f    722    725    726
f    722    726    727
f    722    727    728
f    722    728    724
f    722    724    723
f    729    602    600
f    729    600    599
f    729    599    598
f    729    598    724
f    729    724    728
f    730    603    602
f    730    602    729
f    730    729    731
f    730    731    732
f    609    605    601
f    609    601    603
f    609    603    730
f    609    730    733
f    734    735    606
f    734    606    609
f    734    609    733
f    734    733    736
f    737    612    607
f    737    607    606
f    737    606    735
f    613    612    737
f    613    737    738
f    613    738    739
f    740    614    613
f    740    613    739
f    740    739    741
f    742    617    615
f    742    615    616
f    742    616    743
f    621    618    617
f    621    617    742
f    621    742    744
f    745    623    622
f    745    622    620
f    745    620    619
f    627    624    623
f    627    623    745
f    627    745    746
f    747    632    629
f    747    629    628
f    748    633    632
f    748    632    747
f    748    747    749
f    637    635    634
f    637    634    633
f    637    633    748
f    640    639    750
f    640    750    641
f    641    750    751
f    641    751    645
f    641    645    642
f    647    752    753
f    647    753    648
f    649    648    753
f    649    753    754
f    649    754    755
f    649    755    652
f    652    755    756
f    652    756    757
f    652    757    758
f    652    758    759
f    652    759    653
f    653    759    760
f    653    760    761
f    653    761    654
f    762    655    654
f    762    654    761
f    762    761    763
f    762    763    764
f    656    655    762
f    656    762    765
f    656    765    659
f    660    659    765
f    660    765    766
f    660    766    663
f    664    663    766
f    664    766    767
f    664    767    768
f    664    768    667
f    664    667    665
f    667    768    769
f    667    769    770
f    667    770    668
f    669    668    770
f    669    770    771
f    669    771    772
f    669    772    672
f    672    772    773
f    672    773    774
f    672    774    673
f    674    673    774
f    674    774    775
f    674    775    677
f    677    775    776
f    677    776    777
f    677    777    778
f    677    778    779
f    677    779    678
f    682    779    778
f    682    778    780
f    682    780    781
f    682    781    683
f    683    781    782
f    683    782    783
f    683    783    784
f    683    784    785
f    683    785    684
f    685    684    785
f    685    785    786
f    685    786    787
f    685    787    788
f    685    788    688
f    688    788    789
f    688    789    790
f    688    790    791
f    688    791    689
f    689    791    792
f    689    792    793
f    689    793    693
f    689    693    690
f    693    793    554
f    693    554    553
f    696    794    562
f    696    562    561
f    795    563    562
f    795    562    794
f    796    570    569
f    796    569    700
f    796    700    797
f    798    701    571
f    798    571    570
f    798    570    796
f    799    800    705
f    799    705    704
f    799    704    703
f    705    800    801
f    705    801    802
f    705    802    803
f    705    803    706
f    706    803    804
f    706    804    708
f    706    708    707
f    708    804    805
f    708    805    806
f    708    806    710
f    708    710    709
f    577    710    806
f    577    806    807
f    577    807    712
f    577    712    711
f    577    711    578
f    807    808    809
f    807    809    714
f    807    714    713
f    807    713    712
f    809    810    720
f    809    720    718
f    809    718    717
f    809    717    716
f    809    716    715
f    809    715    714
f    811    812    721
f    811    721    720
f    811    720    810
f    813    814    725
f    813    725    722
f    813    722    721
f    813    721    812
f    813    812    815
f    726    725    814
f    726    814    816
f    817    727    726
f    817    726    816
f    817    816    818
f    817    818    819
f    820    731    729
f    820    729    728
f    820    728    727
f    820    727    817
f    821    732    731
f    821    731    820
f    821    820    822
f    821    822    823
f    736    733    730
f    736    730    732
f    736    732    821
f    824    738    737
f    824    737    735
f    824    735    734
f    741    739    738
f    741    738    824
f    741    824    825
f    743    616    611
f    743    611    614
f    743    614    740
f    743    740    826
f    827    744    742
f    827    742    743
f    827    743    826
f    827    826    828
f    829    746    745
f    829    745    619
f    829    619    621
f    829    621    744
f    829    744    827
f    830    749    747
f    830    747    628
f    830    628    625
f    830    625    627
f    830    627    746
f    830    746    829
f    831    638    637
f    831    637    748
f    831    748    749
f    831    749    830
f    832    833    751
f    832    751    750
f    832    750    639
f    832    639    638
f    832    638    831
f    832    831    834
f    645    751    833
f    645    833    646
f    753    752    835
f    753    835    836
f    753    836    837
f    753    837    754
f    754    837    756
f    754    756    755
f    757    838    839
f    757    839    840
f    757    840    758
f    758    840    841
f    758    841    842
f    758    842    760
f    758    760    759
f    761    760    842
f    761    842    843
f    761    843    844
f    761    844    763
f    764    763    844
f    764    844    845
f    764    845    846
f    766    765    762
f    766    762    764
f    766    764    846
f    766    846    847
f    766    847    767
f    767    847    848
f    767    848    849
f    767    849    769
f    767    769    768
f    770    769    849
f    770    849    850
f    770    850    851
f    770    851    771
f    771    851    852
f    771    852    853
f    771    853    773
f    771    773    772
f    774    773    853
f    774    853    854
f    774    854    855
f    774    855    856
f    774    856    776
f    774    776    775
f    776    856    857
f    776    857    777
f    778    777    857
f    778    857    858
f    778    858    859
f    778    859    780
f    785    784    860
f    785    860    786
f    786    860    861
f    786    861    862
f    786    862    787
f    790    863    864
f    790    864    792
f    790    792    791
f    792    864    555
f    792    555    554
f    792    554    793
f    865    697    564
f    865    564    563
f    865    563    795
f    866    699    698
f    866    698    697
f    866    697    865
f    867    702    701
f    867    701    798
f    867    798    868
f    869    870    799
f    869    799    703
f    869    703    702
f    869    702    867
f    871    801    800
f    871    800    799
f    871    799    870
f    872    873    874
f    872    874    802
f    872    802    801
f    872    801    871
f    805    804    803
f    805    803    802
f    805    802    874
f    805    874    875
f    876    877    878
f    876    878    808
f    876    808    807
f    876    807    806
f    876    806    805
f    876    805    875
f    876    875    879
f    876    879    880
f    878    881    882
f    878    882    811
f    878    811    810
f    878    810    809
f    878    809    808
f    883    815    812
f    883    812    811
f    883    811    882
f    884    885    813
f    884    813    815
f    884    815    883
f    884    883    886
f    818    816    814
f    818    814    813
f    818    813    885
f    818    885    887
f    888    819    818
f    888    818    887
f    888    887    889
f    890    822    820
f    890    820    817
f    890    817    819
f    890    819    888
f    891    823    822
f    891    822    890
f    891    890    892
f    893    825    824
f    893    824    734
f    893    734    736
f    893    736    821
f    893    821    823
f    893    823    891
f    894    895    893
f    894    893    891
f    894    891    892
f    894    892    896
f    828    826    740
f    828    740    741
f    828    741    825
f    828    825    893
f    828    893    895
f    897    834    831
f    897    831    830
f    897    830    829
f    897    829    827
f    897    827    828
f    897    828    895
f    897    895    894
f    898    899    900
f    898    900    901
f    898    901    832
f    898    832    834
f    898    834    897
f    898    897    902
f    898    902    903
f    898    903    904
f    901    835    752
f    901    752    647
f    901    647    646
f    901    646    833
f    901    833    832
f    900    905    906
f    900    906    907
f    900    907    836
f    900    836    835
f    900    835    901
f    756    837    836
f    756    836    907
f    756    907    838
f    756    838    757
f    908    909    839
f    908    839    838
f    908    838    907
f    908    907    906
f    908    906    910
f    908    910    911
f    841    840    839
f    841    839    909
f    843    842    841
f    843    841    909
f    843    909    908
f    843    908    912
f    913    914    845
f    913    845    844
f    913    844    843
f    913    843    912
f    913    912    915
f    846    845    914
f    846    914    916
f    846    916    848
f    846    848    847
f    849    848    916
f    849    916    917
f    849    917    918
f    849    918    850
f    850    918    919
f    850    919    920
f    850    920    921
f    850    921    852
f    850    852    851
f    853    852    921
f    853    921    922
f    853    922    854
f    857    856    855
f    857    855    923
f    857    923    858
f    780    859    924
f    780    924    782
f    780    782    781
f    783    861    860
f    783    860    784
f    789    925    926
f    789    926    863
f    789    863    790
f    555    864    863
f    555    863    926
f    555    926    556
f    927    797    700
f    927    700    699
f    927    699    866
f    928    868    798
f    928    798    796
f    928    796    797
f    928    797    927
f    929    930    872
f    929    872    871
f    929    871    870
f    929    870    869
f    931    932    873
f    931    873    872
f    931    872    930
f    875    874    873
f    875    873    932
f    875    932    879
f    933    934    935
f    933    935    877
f    933    877    876
f    936    881    878
f    936    878    877
f    936    877    935
f    937    886    883
f    937    883    882
f    937    882    881
f    937    881    936
f    937    936    938
f    939    940    884
f    939    884    886
f    939    886    937
f    939    937    941
f    889    887    885
f    889    885    884
f    889    884    940
f    889    940    942
f    943    944    942
f    943    942    940
f    943    940    939
f    896    892    890
f    896    890    888
f    896    888    889
f    896    889    942
f    896    942    944
f    896    944    945
f    896    945    946
f    947    946    945
f    947    945    948
f    947    948    949
f    947    949    950
f    951    952    902
f    951    902    897
f    951    897    894
f    951    894    896
f    951    896    946
f    951    946    947
f    903    902    952
f    903    952    953
f    903    953    954
f    903    954    955
f    956    904    903
f    956    903    955
f    956    955    957
f    958    959    905
f    958    905    900
f    958    900    899
f    958    899    960
f    958    960    961
f    962    959    958
f    962    958    963
f    910    906    905
f    910    905    959
f    910    959    962
f    910    962    964
f    965    911    910
f    965    910    964
f    965    964    966
f    915    912    908
f    915    908    911
f    915    911    965
f    915    965    967
f    916    914    913
f    916    913    968
f    916    968    917
f    919    918    917
f    919    917    968
f    919    968    969
f    922    921    920
f    922    920    970
f    922    970    971
f    972    923    855
f    972    855    854
f    972    854    922
f    972    922    971
f    972    971    973
f    858    923    972
f    858    972    924
f    858    924    859
f    787    862    974
f    787    974    975
f    787    975    925
f    787    925    789
f    787    789    788
f    556    926    925
f    556    925    975
f    556    975    695
f    556    695    694
f    556    694    557
f    976    977    929
f    976    929    869
f    976    869    867
f    976    867    868
f    976    868    928
f    978    979    931
f    978    931    930
f    978    930    929
f    978    929    977
f    880    879    932
f    880    932    931
f    880    931    979
f    980    934    933
f    980    933    981
f    982    983    938
f    982    938    936
f    982    936    935
f    982    935    934
f    982    934    980
f    984    941    937
f    984    937    938
f    984    938    983
f    984    983    985
f    986    987    943
f    986    943    939
f    986    939    941
f    986    941    984
f    945    944    943
f    945    943    987
f    945    987    988
f    945    988    989
f    945    989    948
f    990    949    948
f    990    948    989
f    990    989    991
f    990    991    992
f    950    949    990
f    993    954    953
f    993    953    994
f    995    961    960
f    995    960    996
f    997    963    958
f    997    958    961
f    997    961    995
f    966    964    962
f    966    962    963
f    966    963    997
f    969    968    913
f    969    913    915
f    969    915    967
f    969    967    998
f    970    920    919
f    970    919    969
f    970    969    998
f    970    998    999
f    970    999   1000
f    973    971    970
f    973    970   1000
f    973   1000   1001
f    973   1001   1002
f    782    924    972
f    782    972    973
f    782    973   1002
f    782   1002   1003
f    782   1003    974
f    782    974    862
f    782    862    861
f    782    861    783
f    974   1003    976
f    974    976    928
f    974    928    927
f    974    927    866
f    974    866    865
f    974    865    795
f    974    795    794
f    974    794    696
f    974    696    695
f    974    695    975
f   1004    981    933
f   1004    933    876
f   1004    876    880
f   1004    880    979
f   1004    979    978
f   1005   1006    982
f   1005    982    980
f   1005    980    981
f   1005    981   1004
f    985    983    982
f    985    982   1006
f   1007   1008    988
f   1007    988    987
f   1007    987    986
f   1007    986   1009
f    989    988   1008
f    989   1008    991
f    957    955    954
f    957    954    993
f    957    993   1010
f    996    960    899
f    996    899    898
f    998    967    965
f    998    965    966
f    998    966    997
f    998    997    995
f    998    995    996
f    998    996    898
f    998    898    904
f    998    904    956
f    998    956    999
f   1000    999    956
f   1000    956    957
f   1000    957   1010
f   1000   1010   1011
f   1000   1011   1001
f   1002   1001   1011
f   1002   1011   1012
f   1002   1012   1005
f   1002   1005   1004
f   1002   1004    978
f   1002    978    977
f   1002    977    976
f   1002    976   1003
f   1012   1009    986
f   1012    986    984
f   1012    984    985
f   1012    985   1006
f   1012   1006   1005
f    992    991   1008
f    992   1008   1007
f    994    953    952
f    994    952    951
f   1011   1010    993
f   1011    993    994
f   1011    994    951
f   1011    951    947
f   1011    947    950
f   1011    950    990
f   1011    990    992
f   1011    992   1007
f   1011   1007   1009
f   1011   1009   1012
f    679    678    779
f    679    779    682
f    679    682    680
