v    16.074243     9.673883    40.842792
v    17.580592    10.051553    40.657245
v    16.423439    11.208783    40.657245
v    11.674898    11.838311    41.062926
v     7.770370     9.673883    41.660652
v   -14.101240    -0.626668    42.800318
v   -18.569914    -0.928665    42.330416
v   -21.866115    -1.429827    41.956459
v   -17.069988    -6.225954    41.956459
v   -14.101240    -6.619487    42.210097
v    -2.953426     5.578934    42.313548
v    -3.312759     5.391066    42.330416
v    -7.472239   -13.872599    40.842792
v    30.914808    11.035771    37.690587
v    30.741332    13.289568    37.460085
v    30.674325    13.929774    37.399964
v    30.562208    14.200511    37.399964
v    26.986758    12.756141    38.665984
v    26.506720    11.035771    39.027792
v    24.451778    10.051553    39.527484
v    22.799345    12.987958    39.316403
v    15.325015    16.083911    39.316403
v   -30.555784    -8.836840    39.309826
v   -27.702635    -1.574984    40.972938
v   -27.869225    -1.836900    40.902526
v   -28.574968    -3.250475    40.554026
v   -29.112187    -4.579247    40.247232
v   -30.475468    -9.966601    39.137279
v   -30.521274   -12.808143    38.269589
v   -28.810190   -19.212987    36.541714
v   -27.541230   -22.344301    35.751245
v   -24.092521   -29.818089    33.917443
v    -6.138284   -37.254968    33.917443
v    -6.138284   -16.657657    40.165601
v    -3.353149   -43.815260    31.577449
v    -1.456440   -46.021393    30.669911
v     1.375585   -45.806057    30.379365
v    27.914182   -34.813458    30.379365
v    28.004944   -34.736856    30.391204
v    28.949468   -32.406225    30.979490
v    28.856849   -26.666657    32.732203
v    28.745815   -26.391742    32.829541
v    29.718272    -8.821751    35.558502
v    30.172003    -7.726268    35.558502
v    30.341300    -6.308050    35.685321
v    31.451254     8.775320    37.243898
v    30.647785    14.286166    37.347504
v    31.076369    18.609993    35.399340
v    31.600434    23.326191    33.175256
v    31.202646    22.310017    33.775304
v    15.537566    16.757930    38.986551
v    32.642374    29.830617    29.549280
v    32.698471    30.952022    28.941804
v    31.910710    32.286132    28.341601
v    15.554202    36.668842    28.341601
v    15.537566    36.640213    28.359243
v   -29.942737    24.453786    28.359243
v   -29.578220    17.169646    32.304935
v   -28.599109    14.668402    33.782113
v   -28.074116    -0.710930    40.532361
v   -32.163494    14.584372    32.304935
v   -31.959687    12.750183    33.169917
v   -28.113268    -0.658547    40.493519
v   -28.487301   -20.570310    36.102685
v   -28.458595   -20.663934    36.075062
v   -27.463158   -23.780237    35.174951
v   -24.111633   -30.186242    33.754644
v   -22.914400   -31.983290    33.191582
v   -21.421979   -33.974784    32.597182
v   -20.219640   -35.203973    32.280716
v    -9.888835   -44.448889    30.131531
v    -8.060913   -45.483787    30.011367
v    -6.497229   -46.602871    29.637101
v    -5.918537   -46.973577    29.521889
v    -5.627450   -47.111693    29.489778
v    -2.713330   -47.892490    29.489778
v    -1.456440   -47.980466    29.622786
v    -0.796194   -48.687602    29.150176
v    -0.574281   -48.825640    29.044636
v    -0.554473   -48.835390    29.036589
v     2.826610   -48.598775    28.678804
v     6.487482   -47.617884    28.678804
v     7.654616   -47.553276    28.497590
v    25.131678   -37.658095    29.647005
v    28.240862   -34.683467    30.313751
v    29.049901   -33.874428    30.313751
v    29.091994   -33.688571    30.374723
v    29.587585   -16.833842    34.178663
v    32.686323    30.057637    29.409539
v    32.725320    30.954343    28.926793
v    33.171700    34.350436    26.181274
v    33.170076    34.479576    26.086102
v    33.115526    36.278482    24.776288
v    33.048596    36.661878    24.524662
v    32.657307    37.546127    24.061801
v    31.663340    38.210242    24.061801
v    29.465408    43.115546    20.908203
v    27.112803    45.279200    19.787959
v    16.160285    41.324301    24.821630
v    15.554202    38.908324    26.705416
v    24.637170    48.395426    17.634673
v    23.257099    49.602098    16.869660
v    21.583387    50.587090    16.334531
v    16.564263    51.585468    16.334531
v    16.160285    51.615644    16.375695
v    14.963052    52.687761    15.300406
v    13.878401    53.110696    14.776263
v    10.116011    52.829358    14.392944
v     2.416596    51.297862    14.392944
v    -7.635811    47.282068    16.047622
v   -17.474508    43.611911    16.803040
v   -25.407133    39.904071    17.959032
v   -31.921231    36.575295    19.115875
v   -32.530022    36.015328    19.405801
v   -32.832871    28.761828    24.645987
v   -34.221995    35.630771    18.851327
v   -36.206293    34.304940    18.851327
v   -35.926812    33.080471    19.900154
v   -34.930601    29.854759    22.792067
v   -33.930908    28.854988    24.031470
v   -33.154289    19.706018    29.151724
v   -35.259215    29.362959    22.792067
v   -28.142980    -1.078619    40.554026
v   -21.103424   -34.468750    32.388268
v   -20.314502   -35.140602    32.280716
v    -3.597578   -48.148990    29.129285
v    -3.452112   -48.159281    29.150176
v     0.188875   -49.500975    28.368992
v     1.202031   -49.425224    28.265773
v     3.725250   -48.923288    28.265773
v     6.368401   -48.736117    27.885085
v    25.296643   -37.620568    29.592997
v    29.095785   -35.082029    29.592997
v    28.992411   -34.747302    29.893060
v    29.089827   -34.344949    30.050364
v    29.199314   -34.181145    30.050364
v    32.634172    40.472859    21.335626
v    32.542018    40.679684    21.227919
v    32.446459    40.775243    21.227919
v    31.263773    43.275404    19.658897
v    31.261374    43.322294    19.605894
v    29.401806    45.967766    17.634673
v    20.162461    51.660058    15.445949
v    19.079821    52.122532    15.168016
v    18.393809    52.181260    15.255528
v    15.444019    52.648454    15.255528
v    13.270228    53.520245    14.159812
v    13.244694    53.528524    14.144878
v    13.192698    53.542606    14.117642
v    10.268209    53.303593    13.844429
v     9.185956    53.132206    13.844429
v     6.090622    52.867427    13.449813
v   -33.710929    36.127909    18.576566
v   -34.617616    35.665977    18.576566
v   -36.157701    35.253797    18.010486
v   -36.218286    34.325057    18.825561
v   -36.174491    35.258594    17.990214
v   -36.761076    34.671932    17.990214
v   -35.691513    30.433606    21.738985
v   -36.919386    34.664040    17.811090
v   -37.422560    33.676572    17.811090
v   -32.541165     5.951033    34.036678
v   -34.128525    -4.070734    34.036678
v   -32.075905    -7.118792    37.125977
v   -24.449997   -29.822422    33.778631
v   -23.947674   -30.950016    33.191582
v    -9.936111   -44.453067    30.098724
v    -9.500641   -45.072536    29.637101
v    -2.060589   -49.309625    28.168048
v    -1.854151   -49.499504    27.976466
v    -1.507276   -49.714299    27.781711
v     0.188875   -49.982947    27.781711
v     1.150344   -50.833692    26.559563
v     1.623960   -51.152634    26.079525
v     4.908865   -50.632283    26.079525
v     5.803017   -50.555836    25.965551
v     6.218834   -50.241846    26.225610
v     8.504355   -49.670659    25.536812
v    28.797502   -39.330724    25.536812
v    29.302069   -38.612988    26.071633
v    29.333793   -37.979514    26.788286
v    29.432988   -37.769903    26.919824
v    29.572574   -35.631009    28.796879
v    29.466414   -35.452581    29.025756
v    30.212547   -36.990344    26.919824
v    29.883237   -35.829555    28.318853
v    29.396854   -34.670391    29.569165
v    29.947845   -35.702659    28.318853
v    30.457364    -6.664519    35.475091
v    30.645696    -5.475643    35.475091
v    31.771434     8.299770    36.761925
v    35.316398     8.299770    30.129829
v    33.324749    23.427940    30.129829
v    33.416053    35.202187    25.085790
v    33.233678    35.876438    24.908058
v    33.231899    35.884718    24.904344
v    32.812368    42.348908    18.718628
v    32.799059    42.376918    18.705474
v    32.259055    43.080650    18.705474
v    32.190578    43.212730    18.629646
v    31.990949    44.633578    16.579038
v    31.629991    45.130949    16.222646
v    29.182987    47.008545    16.222646
v    28.809031    47.482548    15.791896
v    26.167815    49.445568    14.854103
v    25.320319    49.695955    15.129638
v    21.362557    51.335312    15.129638
v    17.856668    52.811484    14.301486
v    17.273024    53.004382    14.125766
v    16.959420    53.034558    14.159812
v    12.290808    53.933353    13.164452
v    11.932404    53.901939    13.134972
v     9.287009    53.553671    13.134972
v     6.900900    53.323865    12.875763
v   -34.443134    36.161258    17.959032
v   -36.158552    35.654370    17.401154
v   -36.227571    35.325988    17.846682
v   -37.216895    35.754881    15.924904
v   -37.685946    35.394930    15.924904
v   -37.470533    35.179516    16.540814
v   -37.479276    35.105313    16.618809
v   -38.979357    35.213175    14.058295
v   -38.338765    34.924641    15.452758
v   -38.300464    34.083413    16.162138
v   -40.066020    35.260915    12.028578
v   -40.925199    35.221144    10.482613
v   -42.796451    34.351442     7.710709
v   -42.811694    34.335193     7.695079
v   -43.277495    33.210694     7.695079
v   -43.683562    32.742030     7.114375
v   -34.314304    -4.027791    33.699630
v   -44.599767    31.846330     5.620871
v   -45.201362    30.893836     4.730046
v   -46.996090    17.261568     4.730046
v   -47.177922    15.189449     4.900195
v   -44.886676     9.901522    10.489267
v   -37.344410    -4.027791    28.030706
v   -37.009761    -6.569579    28.030706
v   -35.872262    -8.370652    29.715250
v   -33.088442   -11.092261    34.253098
v   -31.795031   -12.584760    36.102685
v   -26.713388   -26.569938    34.154444
v   -26.590980   -26.595626    34.320492
v   -26.961919   -29.187013    30.503863
v   -23.646219   -33.508209    30.503863
v   -23.281625   -34.212018    30.099807
v   -23.121225   -35.353385    28.452635
v    -9.332272   -45.934036    28.452635
v    -9.318189   -45.940690    28.459289
v    -7.859195   -47.025032    27.941260
v    -7.751024   -47.056988    27.976466
v     0.094786   -51.102650    25.796408
v     1.092854   -52.123544    24.132213
v     1.855546   -52.605207    23.418965
v     1.855546   -52.154262    24.262668
v     5.365845   -53.048724    21.724593
v     2.375432   -53.110160    22.346152
v     4.477341   -54.248355    19.699132
v     5.441905   -54.121305    19.699132
v     7.372504   -54.675237    17.215994
v     9.390538   -54.129274    16.684191
v    15.075479   -51.774502    16.684191
v    16.522016   -50.967475    17.065498
v    17.754687   -50.091583    17.735648
v    18.019157   -49.915940    17.797626
v    24.289289   -45.255994    20.023955
v    26.390347   -43.419870    21.187220
v    28.500070   -40.745537    23.617278
v    28.945909   -40.403459    23.617278
v    30.067081   -38.858887    24.724214
v    30.112965   -38.532362    25.195431
v    30.099579   -38.518976    25.233732
v    30.274061   -37.038858    26.788827
v    31.062132   -37.295436    25.195431
v    30.422932   -37.007521    26.586800
v    30.372483   -35.899502    27.521265
v    31.074357   -37.289787    25.177248
v    31.352290   -36.994367    24.891887
v    31.918061   -35.628456    24.891887
v    34.523220   -32.622181    21.166406
v    36.616153   -28.906604    18.534010
v    36.728503   -28.728640    18.367575
v    40.259384    -1.908937    18.367575
v    37.917688     3.495672    24.079907
v    41.478669    -2.260377    14.478677
v    47.325402    -2.260377    -4.795279
v    45.995548     9.541880    -4.795279
v    40.812387    23.045550     7.275703
v    39.156008    27.534109    10.549775
v    35.745910    34.439883    18.234721
v    32.990487    42.314631    18.234721
v    32.931217    42.297144    18.451837
v    32.676496    44.222714    15.499261
v    32.442435    44.595123    15.499261
v    32.323973    44.511093    16.028742
v    32.093703    45.500572    14.043903
v    31.144769    46.449429    14.043903
v    30.752165    46.909272    13.678922
v    30.643297    47.000266    13.661745
v    30.419991    47.123990    13.771386
v    27.433447    49.000503    13.771386
v    26.063977    49.683962    14.318741
v    24.327977    50.678935    13.562936
v    22.395831    51.286875    14.089942
v    18.815739    52.539586    14.089942
v    15.199976    53.769394    12.613615
v    15.082520    53.800654    12.565100
v    14.378170    53.983570    12.223719
v    12.290808    54.218792    12.223719
v     7.313776    54.585784     9.165061
v    11.065023    54.520092    10.774938
v     8.961412    54.940861     8.606564
v     7.318960    54.755779     8.606564
v     3.035524    54.880663     3.214722
v     0.060663    54.037346     2.558422
v   -28.743105    43.958476     2.558422
v   -30.292552    43.010857     3.904989
v   -32.626432    41.673110     4.921086
v   -35.881934    39.134339     8.182081
v   -37.300925    35.876438    15.496630
v   -41.458240    35.630461     8.182081
v   -41.225881    35.302930     9.645873
v   -42.425512    35.257898     6.627450
v   -42.834056    34.849277     6.627450
v   -42.705844    34.758361     7.200339
v   -43.826475    34.183305     4.853228
v   -44.077482    33.783892     4.853228
v   -44.536551    33.195219     4.263548
v   -44.981848    32.705586     3.353843
v   -45.618804    31.664110     2.448703
v   -45.977208    30.640044     2.448703
v   -46.222024    30.144221     1.897015
v   -46.762570    28.679268     0.828458
v   -47.396509    26.297415    -0.155837
v   -47.863857    24.389874    -0.820339
v   -47.952220    23.718872    -0.820339
v   -48.824708    16.556908    -1.036527
v   -48.978840    15.189449    -1.036527
v   -48.978840    13.890467    -1.519041
v   -48.782151     5.769432    -3.887199
v   -48.474119     2.408777    -4.119868
v   -48.017138    -1.647020    -4.119868
v   -47.369350    -3.334582    -2.611275
v   -46.848921    -3.350444    -0.901506
v   -46.021621    -8.088850    -3.660102
v   -38.274001   -30.230191    -3.660102
v   -34.893847   -29.236069     8.719532
v   -30.071335   -31.336585    19.546934
v   -38.120720   -31.161716    -4.995527
v   -33.739326   -38.134574    -4.995527
v   -31.927266   -39.350687    -1.755888
v   -28.783882   -37.120257    12.292893
v   -25.935995   -38.168155    16.998723
v   -30.694595   -40.583280    -1.755888
v   -24.552055   -42.949427     8.116854
v   -24.304917   -42.601082     9.673728
v   -16.702841   -47.881426     8.116854
v    -9.794514   -51.328973    10.877925
v    -5.831722   -51.981095    16.559229
v    -5.778874   -51.801352    17.217619
v     2.870714   -55.026212    16.559229
v     2.857173   -54.582695    18.016212
v     4.477341   -54.342831    19.408819
v     3.079783   -55.136163    16.274255
v     4.553556   -55.302211    16.274255
v     4.553556   -54.607223    18.565424
v     4.925191   -55.393592    15.834994
v     7.259768   -55.130592    15.834994
v     7.263482   -55.008493    16.236109
v     7.424423   -55.135389    15.627627
v     8.042113   -54.960288    15.491369
v    10.575855   -54.073719    15.491369
v    11.602706   -53.750598    15.211346
v    11.832821   -53.632987    15.272318
v    19.604041   -48.920116    17.797626
v    24.085946   -45.439374    19.851949
v    27.075198   -42.847446    21.295236
v    28.782104   -40.848601    22.881823
v    29.063906   -40.566799    22.881823
v    30.477636   -38.707850    24.045784
v    30.860723   -38.249554    23.973516
v    31.580626   -37.451348    23.298336
v    32.062057   -36.685252    23.298336
v    34.478033   -33.587364    20.195264
v    36.300306   -31.583413    16.472491
v    38.376062   -28.189564    13.522933
v    42.257145   -22.528222     3.887116
v    43.966991   -19.065586     0.033733
v    45.063404   -16.981861    -2.806417
v    47.043678   -12.471404    -7.659260
v    48.241839    -9.349685   -10.449734
v    48.455783    -7.451352   -10.449734
v    47.819600    -4.270595    -7.171020
v    48.521862    -7.493599   -11.078953
v    48.724895    -7.493599   -13.140007
v    48.724895    -7.237408   -13.396275
v    48.490370    -3.495601   -14.756693
v    48.221722    -0.768420   -14.756693
v    47.895274     2.338056   -14.548011
v    47.819600     2.706286   -14.147902
v    46.410358     9.151366    -8.085677
v    41.750644    24.512282    -8.085677
v    38.573060    34.366376    -5.993518
v    37.144551    37.769355    -1.593399
v    35.528639    41.287083     1.384866
v    35.036530    42.080725     3.042484
v    32.878988    44.379941    13.507071
v    33.869474    43.817807     5.731441
v    33.056179    45.003434     7.755045
v    32.684776    45.451284     9.243056
v    32.477641    45.379943    12.006680
v    32.212320    45.609439    12.807209
v    31.852910    46.283072    10.794901
v    31.815229    46.245390    11.509465
v    31.385330    46.666855    10.794901
v    30.149332    47.588862    11.755829
v    30.112965    47.613313    11.812158
v    28.255177    48.670728    12.538483
v    24.825270    50.504066    12.538483
v    24.216247    50.783856    13.054192
v    19.688768    52.368045    13.054192
v    17.613863    53.037111    12.613615
v    11.924279    54.520092     9.915605
v    11.240821    54.660607     9.172876
v     9.002654    55.019707     7.764795
v     8.958163    55.024117     7.764795
v     8.958163    54.945968     8.557663
v     3.128452    55.024117     1.935084
v     3.097037    54.945968     2.696537
v     2.624195    54.967865     0.860259
v     1.256813    54.805763    -1.945922
v    -1.642683    54.362246    -6.787933
v    -5.798218    53.508252   -11.303265
v    -9.109972    52.784093   -14.418330
v    -9.334825    52.725675   -14.527274
v   -13.707708    51.399224   -14.527274
v   -14.244540    51.226058   -14.413300
v   -18.737587    49.653863   -14.413300
v   -21.371298    48.688060   -14.070758
v   -21.934438    48.446184   -13.724425
v   -25.904039    46.622673   -10.363615
v   -28.517555    45.225656   -10.363615
v   -34.951570    41.563469    -7.848289
v   -36.724400    40.460479    -6.097047
v   -38.321742    39.387202    -3.624277
v   -40.717678    37.599980    -1.761614
v   -40.755050    37.570268    -1.720140
v   -42.595352    35.442980     4.698012
v   -42.328406    36.182227    -0.712942
v   -43.517514    34.993118     1.505340
v   -43.439907    34.915588     2.974470
v   -43.871430    34.224546     4.384641
v   -44.298002    34.042095     1.505340
v   -44.653079    33.566003     1.875505
v   -44.638532    33.560973     2.070336
v   -44.804116    33.300759     1.771744
v   -45.758389    31.515394     1.771744
v   -46.041507    30.899097     1.250000
v   -46.114859    30.689564     1.250000
v   -46.755142    28.703874     0.828458
v   -48.474119     0.854456    -5.674112
v   -48.318516    -1.363129    -6.511316
v   -45.483861   -13.143334   -14.716226
v   -44.910585   -15.350706   -15.786098
v   -44.206544   -17.996178   -16.879338
v   -43.758694   -19.603579   -17.321231
v   -43.406867   -20.748274   -17.697586
v   -41.296834   -27.291620   -19.086865
v   -40.689358   -29.027774   -19.086865
v   -38.448251   -31.415972    -8.217061
v   -40.542886   -29.346562   -19.356751
v   -39.226572   -31.809195   -19.356751
v   -38.443608   -33.184701   -18.818990
v   -38.205369   -33.567711   -18.440701
v   -36.663660   -35.862362   -14.888464
v   -36.502951   -36.077776   -14.721023
v   -36.394470   -36.214034   -14.569986
v   -36.138279   -36.480593   -13.983788
v   -33.975708   -38.351458    -7.459012
v   -33.787840   -38.831110    -9.598835
v   -33.666980   -38.947250    -9.333050
v   -33.627982   -38.908253    -8.595350
v   -30.786131   -40.683095    -2.795739
v   -30.610488   -41.227200    -6.956767
v   -29.905751   -41.700662    -5.865926
v   -24.653494   -44.690301    -3.812532
v   -16.999731   -48.781304    -3.812532
v   -10.126919   -51.938539     2.006347
v    -8.350143   -52.684439     4.303783
v    -6.092555   -53.412389     4.783125
v     3.033202   -55.205801    15.609985
v    -0.370706   -55.148079     4.783125
v    -0.315924   -55.160072     4.834657
v     2.206289   -55.678411     7.575302
v     2.267571   -55.685685     7.701037
v     3.457608   -55.818307    10.237332
v     3.343943   -55.535808    12.991672
v     4.882712   -55.535808    14.530441
v     4.925191   -55.469265    15.163296
v     4.882712   -55.818307    11.662436
v     5.670318   -55.740699    11.662436
v     6.991042   -55.469265    13.097445
v     7.140919   -55.436535    13.238423
v     8.671409   -54.972282    13.238423
v     9.551634   -54.688390    13.425362
v     9.662668   -54.641810    13.568817
v    13.150219   -52.928792    15.272318
v    16.773177   -50.866654    16.688679
v    18.177699   -49.984108    16.688679
v    26.360402   -43.572842    19.851949
v    27.442887   -42.617795    20.544925
v    28.348801   -41.711958    20.544925
v    29.204575   -40.741900    19.923985
v    32.699090   -36.483843    19.923985
v    36.237167   -31.740718    16.236418
v    42.501265   -22.417498     1.803777
v    42.717298   -22.037893     1.655371
v    43.311620   -20.795241     0.422158
v    48.427386    -9.175049   -11.921496
v    48.452610    -9.102625   -12.073075
v    48.521862    -8.785772   -12.371126
v    48.663304    -8.097748   -13.118729
v    48.696576    -7.781204   -13.140007
v    48.341731    -2.507979   -15.277973
v    48.299020    -2.188031   -15.391792
v    48.221722    -1.345178   -15.333451
v    48.208103    -1.223930   -15.333451
v    48.129103    -0.489559   -15.300412
v    47.832832     2.396784   -15.042906
v    47.751278     2.617846   -15.204156
v    46.319906     6.949410   -16.508400
v    44.287791    13.275795   -17.763587
v    43.688903    15.176295   -18.011885
v    43.351314    16.367106   -17.749195
v    40.267973    25.178873   -17.749195
v    38.925506    29.445364   -16.585543
v    38.635502    30.656215   -15.551728
v    38.610819    30.798896   -15.356432
v    37.906933    35.076220    -9.224337
v    37.894398    35.101367    -9.214278
v    35.631626    40.739031    -0.755421
v    35.466042    41.265495     0.550602
v    37.624203    35.531343    -9.214278
v    37.257365    36.308117    -8.413208
v    35.748695    40.224561    -2.118315
v    35.376905    41.404075     0.805632
v    32.893148    45.105183     7.422330
v    32.179203    45.749180     8.026324
v    28.755874    48.148133     9.664985
v    30.391827    46.872287     8.026324
v    25.107691    50.239055    11.253352
v    15.507003    53.451148    10.113996
v    20.930337    51.553511    10.113996
v     6.816715    54.967865     5.052779
v    -2.371639    54.131590    -8.400828
v    -5.488174    53.508252   -11.613309
v    -7.861516    52.924762   -14.418330
v   -10.112605    52.427160   -15.222494
v   -10.859744    52.151470   -15.767528
v   -13.074079    51.523722   -15.279056
v   -15.563407    50.652627   -15.279056
v   -27.854678    45.491751   -11.358279
v   -28.365435    45.170874   -11.358279
v   -34.704355    41.658641    -8.245613
v   -38.976107    38.748079    -4.687108
v   -39.596118    38.300462    -4.050462
v   -42.076935    36.181917    -2.081252
v   -42.510161    35.891217    -1.306800
v   -43.751885    34.514550    -0.142374
v   -44.725502    32.965026    -0.142374
v   -45.165073    32.401345     0.422236
v   -46.001891    30.941344     1.057954
v   -46.837006    28.287129     0.334028
v   -46.911596    28.008035     0.221446
v   -42.551402   -23.278070   -18.674840
v   -41.402065   -26.756181   -19.722118
v   -41.021145   -27.694670   -20.128650
v   -40.383802   -29.516092   -20.128650
v   -40.219920   -29.783966   -20.361396
v   -39.859505   -30.412875   -20.635228
v   -39.489263   -31.154752   -20.338725
v   -38.900589   -32.091616   -20.338725
v   -38.782823   -32.304090   -20.234345
v   -37.462099   -34.545042   -17.828737
v   -37.447707   -34.565005   -17.808233
v   -36.706603   -35.432850   -17.119358
v   -36.029335   -36.442060   -15.315190
v   -35.233991   -37.159409   -14.642409
v   -25.488223   -43.283148   -14.642409
v   -25.039676   -43.506995   -14.821611
v   -20.604119   -46.049171   -12.890471
v   -18.614328   -47.266212   -11.161203
v    -5.634878   -51.807928   -11.161203
v    -4.162498   -52.582613    -9.154312
v    -3.099976   -53.319461    -6.330411
v    -1.923402   -53.882988    -4.035683
v    -1.123648   -54.348479    -1.560747
v     0.961548   -55.160072     3.557186
v     2.106629   -55.522422     6.091005
v     5.692448   -55.685685    11.125914
v     5.746301   -55.628504    10.672493
v     6.682778   -55.363028    10.879086
v    10.111059   -54.163474    10.879086
v    10.181471   -54.120376    10.817959
v    10.273780   -54.036424    10.646495
v    19.910217   -47.981472    10.646495
v    21.281235   -46.744855     9.486712
v    26.603130   -38.814319    -4.690977
v    27.117755   -38.211718    -5.169313
v    36.883641   -28.445832    -5.169313
v    39.481217   -25.030163    -7.308052
v    41.183558   -20.610855   -14.411211
v    47.245319   -10.963586   -14.411211
v    47.270853   -10.930933   -14.378559
v    47.919260    -9.799547   -13.885908
v    48.187057    -9.361679   -13.505452
v    48.428779    -9.104095   -12.333057
v    48.446730    -8.619492   -13.505452
v    48.596529    -8.250642   -13.345671
v    48.639627    -8.119955   -13.306287
v    48.696576    -7.558981   -13.362230
v    48.712902    -7.369256   -13.386216
v    48.289657    -2.153676   -15.409743
v    47.836546     1.732205   -15.300412
v    40.977352    21.523262   -19.641106
v    40.326623    23.928638   -19.007168
v    39.969148    24.791685   -19.007168
v    38.844880    28.596322   -17.769932
v    37.873430    34.111268   -11.202057
v    38.443765    30.906061   -15.551728
v    38.279187    31.223688   -15.369431
v    36.886117    36.819492    -8.046680
v    35.672635    40.117396    -2.597270
v    33.082951    40.693844    -5.845421
v    34.267494    38.828860    -8.046680
v    32.949013    40.500173    -6.527951
v    27.015464    42.253504    -8.457544
v     2.474009    52.418958    -8.457544
v    -2.356705    53.725909    -9.730683
v    -2.359491    53.734343    -9.705768
v    -6.940205    52.410833   -15.625931
v    -7.969146    52.546318   -15.625931
v    -7.861516    52.919655   -14.435043
v    -8.719999    52.220953   -16.419495
v    -9.313160    51.899767   -17.166557
v   -10.486406    51.745326   -17.166557
v   -10.949190    51.878102   -16.571306
v   -15.460885    50.657502   -15.382275
v   -18.888934    49.237505   -15.382275
v   -21.463298    48.476748   -14.545071
v   -21.692484    48.306444   -14.626470
v   -28.210838    45.205229   -11.552182
v   -32.873029    41.627768   -11.552182
v   -34.816162    41.354787    -8.747858
v   -37.822437    39.172562    -6.593489
v   -40.029809    36.295892    -6.593489
v   -42.284921    35.247684    -3.252951
v   -44.229447    33.181059    -1.256119
v   -46.980460    26.539600    -1.256119
v   -47.289730    25.396453    -1.557419
v   -47.855036    24.392737    -0.846337
v   -48.281918    19.959888    -1.327923
v   -48.774568    16.217926    -1.327923
v   -44.813014   -14.691620   -16.352643
v   -44.586536   -15.109835   -16.879338
v   -40.254043   -29.056480   -21.093446
v   -39.998704   -29.351127   -21.458582
v   -39.492744   -30.572578   -21.458582
v   -39.175118   -30.910168   -21.784720
v   -39.158637   -30.932375   -21.792612
v   -39.028336   -31.035207   -21.910997
v   -38.029958   -32.336278   -21.910997
v   -38.208928   -32.515248   -21.182738
v   -37.603387   -32.396244   -22.526675
v   -35.922247   -33.267107   -23.491704
v   -31.625888   -36.563772   -23.491704
v   -27.132764   -38.701428   -25.610790
v   -27.073804   -38.695857   -25.693117
v   -20.435827   -40.657406   -27.851742
v    -9.752421   -45.082595   -27.851742
v    -8.240657   -46.628947   -25.331154
v    -8.238026   -46.630571   -25.328678
v    -6.457381   -48.360226   -21.654265
v    -5.666293   -50.778136   -14.544220
v    -4.792103   -49.261961   -19.557076
v    -4.592319   -49.449752   -19.060634
v    -4.592319   -50.619130   -15.467466
v    -4.162498   -52.110080   -10.712038
v    -2.622413   -52.338106    -9.388218
v    -1.906225   -53.319229    -5.887823
v    -3.843478   -49.664624   -18.097463
v     9.899979   -52.765606     5.992119
v    14.573388   -42.036085   -18.097463
v    15.330663   -41.323610   -18.829204
v    16.992614   -37.747774   -24.126029
v    21.223513   -32.384792   -28.999377
v    31.747061   -24.309796   -28.999377
v    32.259365   -24.237759   -28.259898
v    33.702807   -23.190016   -27.225541
v    41.022694   -20.496726   -15.130108
v    34.678745   -21.918193   -27.225541
v    40.738958   -17.137309   -21.718641
v    41.692690   -16.480390   -20.683278
v    41.942613   -16.364249   -20.313113
v    46.870666   -11.126771   -15.252516
v    47.076176   -10.630639   -15.252516
v    47.313564   -10.247165   -15.037180
v    47.931718    -9.533917   -14.153241
v    47.495474    -0.974317   -16.605119
v    47.410825     0.061433   -16.508400
v    40.671719    21.928014   -19.894202
v    39.967059    24.747272   -19.044618
v    39.655854    25.358075   -19.044618
v    38.785920    28.608702   -17.849861
v    38.703670    28.700392   -17.869127
v    38.661732    28.720200   -17.895435
v    35.874895    31.507037   -17.895435
v    35.799531    31.540618   -17.934742
v    33.315310    30.835881   -20.928791
v    15.437364    35.620402   -27.499993
v     4.435790    41.226034   -27.499993
v    -5.415441    43.688280   -30.468663
v    -6.231521    44.439365   -29.710923
v    -7.138518    49.611616   -20.911769
v    -7.464424    44.634661   -29.710923
v    -9.037084    46.026184   -27.711847
v    -9.176515    46.231771   -27.390738
v    -9.176515    49.092348   -22.385232
v    -9.313160    49.683498   -21.312884
v   -10.359201    49.950057   -20.556614
v    -9.384965    46.343038   -27.138184
v   -10.550628    48.858055   -22.414248
v   -20.493549    40.683011   -27.138184
v   -21.742005    41.037160   -25.633538
v   -22.909216    42.518129   -22.479631
v   -32.619159    41.373898   -12.278120
v   -27.785814    34.993350   -25.633538
v   -30.118844    34.876281   -22.994333
v   -33.107245    37.231672   -16.629957
v   -39.243750    35.941821    -8.304496
v   -33.803316    27.645066   -22.994333
v   -36.424414    25.764065   -20.467942
v   -38.831338    26.879666   -15.946962
v   -36.817096    21.173369   -21.053134
v   -41.330260    -7.321825   -21.053134
v   -41.966752   -15.109835   -21.780697
v   -41.287781   -16.118040   -22.802519
v   -41.151600   -17.784478   -22.646839
v   -39.759458   -26.574425   -22.646839
v   -39.514642   -29.436008   -22.282013
v   -39.131168   -29.943901   -22.599640
v   -38.647106   -30.291318   -23.066215
v   -38.176895   -31.214177   -23.066215
v   -37.780267   -31.492961   -23.361790
v   -37.699178   -31.583336   -23.380747
v   -36.620020   -32.093860   -24.058016
v   -36.351527   -32.266949   -24.171526
v   -35.275154   -33.343322   -24.171526
v   -32.999538   -34.357097   -25.356379
v   -27.541307   -37.424963   -27.168670
v   -27.400406   -37.517658   -27.193508
v   -27.303068   -37.605016   -27.173003
v   -20.806456   -39.343723   -29.560969
v   -20.710046   -39.374518   -29.588825
v   -18.498806   -40.165297   -30.099117
v   -17.771011   -40.536159   -30.099117
v   -11.227123   -42.171724   -32.071112
v   -10.193772   -42.952057   -31.424871
v   -10.010160   -43.121046   -31.254412
v    -9.727584   -44.732161   -28.513458
v    -8.466052   -43.365553   -31.254412
v    -8.466052   -44.410742   -29.425562
v    -8.238026   -45.396817   -27.636947
v    -5.007594   -46.219939   -25.301287
v    -7.978276   -42.934029   -31.874423
v    -4.330093   -42.356188   -31.874423
v    -3.366999   -41.469927   -32.768498
v     1.222226   -38.004583   -35.638437
v     2.759061   -37.100140   -36.129772
v     3.405379   -36.534988   -36.488099
v     6.426974   -34.319337   -37.515337
v    22.542922   -26.107928   -37.515337
v    22.989302   -25.472906   -37.988489
v    23.022496   -25.443117   -37.995453
v    24.671602   -24.708435   -37.136816
v    31.357784   -23.920519   -30.112116
v    25.348639   -24.031476   -37.136816
v    25.841522   -23.798266   -36.827468
v    31.405138   -23.519249   -30.533813
v    32.754414   -22.570779   -29.528394
v    33.657851   -22.132833   -28.610565
v    40.307744   -17.360615   -22.201001
v    48.131037    -5.085825   -15.037180
v    40.449573    -0.974317   -25.190563
v    40.299774     1.028938   -24.986446
v    36.852381    18.360456   -24.986446
v    39.490657    22.045393   -21.195969
v    39.397729    22.454245   -21.062032
v    35.053553    28.955809   -21.062032
v    33.389977    29.691883   -21.932740
v    30.173473    28.698535   -24.816451
v    15.595984    32.228101   -30.515630
v    11.096515    35.234530   -30.515630
v    -2.359568    38.292801   -34.924802
v    -3.335507    38.991194   -34.691205
v    -5.020438    40.540872   -33.888897
v    -5.289628    40.879700   -33.654758
v    -5.506202    43.059913   -31.251859
v    -6.971774    41.214272   -33.654758
v    -7.327702    41.667771   -33.224473
v    -7.327702    42.466751   -32.326142
v    -7.464424    43.071751   -31.615292
v    -8.666687    43.463272   -30.906299
v    -8.875678    41.359893   -33.224473
v    -8.915527    41.309754   -33.259059
v    -9.839933    40.459551   -33.699249
v    -9.969847    40.385966   -33.707838
v   -10.267047    40.224561   -33.719444
v   -11.842259    39.549459   -33.571502
v   -13.820367    39.099829   -32.923327
v   -19.822780    39.633489   -28.753323
v   -15.299634    38.111433   -32.923327
v   -18.158895    36.992968   -32.196460
v   -18.987278    36.676038   -31.979422
v   -20.032391    36.423020   -31.570801
v   -20.413620    36.041790   -31.570801
v   -21.994172    34.988785   -31.075520
v   -23.262126    34.427735   -30.411869
v   -26.563434    34.212166   -27.514617
v   -24.572173    32.467037   -30.411869
v   -26.242403    30.600659   -30.023521
v   -26.954181    29.343538   -29.940884
v   -27.984592    28.223139   -29.407379
v   -28.720976    17.824089   -30.905139
v   -31.377513     4.468748   -30.905139
v   -31.685390     0.351050   -31.324669
v   -33.282191    -4.235002   -30.264004
v   -38.825921   -15.513195   -25.685534
v   -39.367551   -16.118040   -25.142358
v   -38.804875   -23.642973   -24.375720
v   -38.496147   -25.195050   -24.375720
v   -38.131630   -30.342463   -23.634384
v   -37.717980   -30.792325   -23.848560
v   -37.392151   -30.938255   -24.058016
v   -35.711708   -32.550067   -24.506485
v   -22.439623   -38.718838   -29.133005
v   -11.238575   -42.056048   -32.198704
v   -15.950208   -40.744531   -30.934232
v   -11.210333   -42.053804   -32.207525
v    -9.429997   -42.179849   -32.463948
v    -8.432007   -42.378317   -32.463948
v    -7.978276   -42.412285   -32.510141
v    -7.041567   -41.573456   -33.351523
v    -5.450569   -40.791421   -33.997378
v    -3.191201   -39.483076   -34.963103
v    -0.539926   -38.355095   -35.638437
v    -5.262314   -40.674351   -34.086901
v    -3.472075   -39.631251   -34.859265
v     7.094262   -33.705671   -37.833041
v    18.340884   -25.174082   -41.084906
v    18.702847   -25.091831   -40.966367
v    21.009724   -23.550354   -40.966367
v    21.269010   -23.592601   -40.768672
v    23.078593   -24.151408   -39.146338
v    23.105133   -24.177948   -39.105716
v    23.430962   -23.624016   -39.146338
v    25.596318   -23.157364   -37.445467
v    25.793936   -23.262285   -37.199877
v    27.762835   -12.265353   -37.445467
v    36.432618    -5.460245   -29.219511
v    23.285573   -12.265353   -41.119958
v    34.114445    17.723810   -27.337349
v    22.415097   -12.483707   -41.798696
v    19.031462     0.144148   -41.798696
v    18.625704     7.468833   -40.661120
v    23.600879    14.130486   -35.722157
v    29.259125    17.926534   -30.845018
v     6.292960    31.438405   -35.722157
v     3.693139    32.026769   -36.575843
v    -2.243118    38.095571   -35.013474
v    -4.656309    39.345110   -34.691205
v    -5.848357    40.241893   -34.269430
v    -6.807738    40.777564   -33.986313
v    -6.971774    40.953284   -33.868934
v    -7.772921    40.897187   -33.784208
v    -8.778340    40.627843   -33.784208
v    -9.784842    40.462646   -33.707838
v   -13.206856    38.766263   -33.475866
v   -19.018770    36.644546   -31.979422
v   -19.886692    36.171858   -31.775537
v   -27.338428    22.404957   -31.018416
v   -28.631994    17.577570   -31.018416
v   -29.572494     4.134718   -32.441044
v   -38.204982   -24.388719   -24.746272
v   -37.594721   -26.666193   -24.746272
v   -37.358029   -30.939725   -24.082621
v   -22.485894   -38.672490   -29.133005
v   -19.331987   -39.686342   -30.041317
v    -8.099524   -41.500568   -33.220681
v    -7.661964   -41.524787   -33.288617
v    -7.635579   -41.531905   -33.288617
v     2.988789   -36.384570   -36.679526
v     3.567172   -35.949487   -36.884184
v    20.052742   -23.218955   -41.687817
v    20.279685   -23.238221   -41.560844
v    20.103810   -23.120223   -41.712423
v    22.987367   -23.520797   -39.527258
v    20.207648   -20.153874   -42.217221
v    20.591199   -16.884987   -42.577018
v    20.794697   -13.996787   -42.881491
v    17.861542    -6.315555   -43.349149
v    17.663848    -3.714419   -43.082281
v    17.216307    -2.634024   -43.082281
v    16.673672    -0.388274   -42.914530
v    16.243309     7.387511   -41.706852
v    14.082363     9.548457   -41.706852
v     9.026717    17.659511   -40.410036
v     3.655148    30.914185   -37.064237
v     1.611967    31.760443   -37.064237
v    -3.098351    37.792491   -35.297984
v    -3.880154    38.442291   -35.062608
v   -26.531865    20.129108   -31.775537
v   -27.619998     5.813382   -33.244203
v   -32.639818   -12.686122   -29.397010
v   -21.884376   -38.651985   -29.397010
v    17.655414    -5.945932   -43.365243
v    16.540741    -0.255343   -42.914530
v     7.637903    19.179090   -40.123592
v    -4.386036     7.155152   -40.123592
v    -4.563922     5.813382   -40.238185
v     7.082887    -4.831259   -42.433718
v     7.418775    -7.364923   -42.217221
v    -0.905758   -37.197556   -35.943606
v    16.540741    -4.831259   -43.365243
f      1      2      3
f      1      3      4
f      1      4      5
f      6      7      8
f      6      8      9
f      6      9     10
f      1      5     11
f      1     11     12
f      1     12      6
f      1      6     10
f      1     10     13
f     14     15     16
f     14     16     17
f     14     17     18
f     14     18     19
f     20     19     18
f     20     18     21
f     20     21      3
f     20      3      2
f      3     21     22
f      3     22      4
f     12      7      6
f     24     25     26
f     24     26     27
f     24     27     23
f     24     23     28
f     24     28      9
f     24      9      8
f     10      9     28
f     10     28     29
f     10     29     30
f     10     30     31
f     10     31     32
f     10     32     33
f     10     33     34
f     10     34     13
f     34     33     35
f     34     35     36
f     34     36     37
f     34     37     38
f     34     38     39
f     34     39     40
f     34     40     41
f     34     41     42
f     13     34     42
f     13     42     43
f     13     43     20
f     13     20      2
f     13      2      1
f     43     44     45
f     43     45     46
f     43     46     14
f     43     14     19
f     43     19     20
f     17     16     47
f     48     49     50
f     22     21     18
f     22     18     17
f     22     17     47
f     22     47     48
f     22     48     50
f     22     50     51
f     51     50     49
f     51     49     52
f     51     52     53
f     51     53     54
f     51     54     55
f     51     55     56
f      5      4     22
f      5     22     51
f      5     51     56
f      5     56     57
f      5     57     58
f      5     58     59
f      5     59     11
f     11     59     60
f     11     60     24
f     11     24      8
f     11      8      7
f     11      7     12
f     58     61     62
f     58     62     63
f     58     63     60
f     58     60     59
f     30     64     65
f     30     65     66
f     30     66     31
f     32     67     68
f     32     68     69
f     32     69     70
f     32     70     71
f     32     71     72
f     32     72     35
f     32     35     33
f     35     72     73
f     35     73     74
f     35     74     75
f     35     75     76
f     35     76     77
f     35     77     36
f     36     77     78
f     36     78     79
f     36     79     80
f     36     80     81
f     36     81     82
f     36     82     37
f     37     82     83
f     37     83     84
f     37     84     38
f     39     85     86
f     39     86     87
f     39     87     40
f     42     41     88
f     42     88     44
f     42     44     43
f     52     89     90
f     52     90     53
f     53     90     91
f     53     91     92
f     53     92     93
f     53     93     94
f     53     94     95
f     53     95     96
f     53     96     54
f     54     96     97
f     54     97     98
f     54     98     99
f     54     99    100
f     54    100     55
f     98    101    102
f     98    102    103
f     98    103    104
f     98    104    105
f     98    105     99
f    100     99    105
f    100    105    106
f    100    106    107
f    100    107    108
f    100    108    109
f    100    109    110
f     56     55    100
f     56    100    110
f     56    110    111
f     56    111    112
f     56    112    113
f     56    113    114
f     56    114    115
f     56    115     57
f    114    116    117
f    114    117    118
f    114    118    119
f    114    119    120
f    114    120    115
f     57    115    120
f     57    120    121
f     57    121     61
f     57     61     58
f    120    119    122
f    120    122    121
f     60     63    123
f     60    123     25
f     60     25     24
f    123     26     25
f     69    124    125
f     69    125     70
f     75    126    127
f     75    127     76
f     76    127     78
f     76     78     77
f     80    128    129
f     80    129    130
f     80    130     81
f     81    130    131
f     81    131     83
f     81     83     82
f     38     84    132
f     38    132    133
f     38    133    134
f     38    134     85
f     38     85     39
f    134    135     86
f    134     86     85
f     86    135    136
f     86    136     87
f     94    137    138
f     94    138    139
f     94    139     95
f     95    139    140
f     95    140     97
f     95     97     96
f     97    140    141
f     97    141    142
f     97    142    101
f     97    101     98
f    103    143    144
f    103    144    145
f    103    145    104
f    105    104    145
f    105    145    146
f    105    146    106
f    107    147    148
f    107    148    149
f    107    149    150
f    107    150    151
f    107    151    108
f    108    151    152
f    108    152    109
f    113    153    154
f    113    154    116
f    113    116    114
f    154    155    156
f    154    156    117
f    154    117    116
f    157    158    156
f    157    156    155
f    118    159    122
f    118    122    119
f    117    156    158
f    117    158    160
f    117    160    161
f    117    161    159
f    117    159    118
f     62    162     27
f     62     27     26
f     62     26    123
f     62    123     63
f     27    162    163
f     27    163    164
f     27    164     23
f    165    166     68
f    165     68     67
f     70    125    167
f     70    167     71
f     71    167    168
f     71    168     73
f     71     73     72
f     78    127    126
f     78    126    169
f     78    169     79
f     79    169    170
f     79    170    171
f     79    171    172
f     79    172    128
f     79    128     80
f    172    173    174
f    172    174    175
f    172    175    129
f    172    129    128
f    129    175    176
f    129    176    177
f    129    177    131
f    129    131    130
f     83    131    177
f     83    177    178
f     83    178    179
f     83    179    180
f     83    180    181
f     83    181    132
f     83    132     84
f    132    181    182
f    132    182    183
f    132    183    184
f    132    184    133
f    182    185    186
f    182    186    183
f    133    184    187
f    133    187    136
f    133    136    135
f    133    135    134
f    187    184    183
f    187    183    186
f    187    186    188
f     88    189     45
f     88     45     44
f     45    189    190
f     45    190    191
f     45    191     46
f     46    191    192
f     46    192    193
f     46    193     15
f     46     15     14
f     47     16     15
f     47     15    193
f     47    193     89
f     47     89     52
f     47     52     49
f     47     49     48
f     91    194    195
f     91    195     92
f     92    195    196
f     92    196     93
f    197    198    199
f    197    199    138
f    197    138    137
f    138    199    200
f    138    200    141
f    138    141    140
f    138    140    139
f    141    200    201
f    141    201    202
f    141    202    203
f    141    203    142
f    142    203    204
f    142    204    205
f    142    205    206
f    142    206    102
f    142    102    101
f    102    206    207
f    102    207    143
f    102    143    103
f    145    144    208
f    145    208    209
f    145    209    210
f    145    210    146
f    106    146    210
f    106    210    147
f    106    147    107
f    149    211    212
f    149    212    213
f    149    213    150
f    152    151    150
f    152    150    213
f    152    213    214
f    112    215    153
f    112    153    113
f    216    217    157
f    216    157    155
f    216    155    154
f    216    154    153
f    216    153    215
f    218    219    220
f    218    220    217
f    218    217    216
f    220    221    160
f    220    160    158
f    220    158    157
f    220    157    217
f    222    223    221
f    222    221    220
f    222    220    219
f    161    160    221
f    161    221    223
f    161    223    224
f    224    223    222
f    224    222    225
f    224    225    226
f    224    226    227
f    224    227    228
f    224    228    229
f    121    122    159
f    121    159    161
f    121    161    224
f    121    224    229
f    121    229    230
f    121    230    231
f    121    231    163
f    121    163    162
f    121    162     62
f    121     62     61
f    230    232    233
f    230    233    234
f    230    234    235
f    230    235    236
f    230    236    237
f    230    237    231
f    164    163    231
f    164    231    237
f    164    237    238
f    164    238    239
f    164    239    240
f     28     23    164
f     28    164    240
f     28    240    241
f     28    241     29
f     29    241     64
f     29     64     30
f     65    242    243
f     65    243     66
f    243    242    244
f    243    244    245
f    243    245    166
f    243    166    165
f     68    166    245
f     68    245    246
f     68    246    124
f     68    124     69
f    246    247    248
f    246    248    249
f    246    249    168
f    246    168    167
f    246    167    125
f    246    125    124
f     73    168    249
f     73    249    250
f     73    250    251
f     73    251     74
f     74    251    170
f     74    170    169
f     74    169    126
f     74    126     75
f    171    252    173
f    171    173    172
f    253    254    255
f    253    255    174
f    253    174    173
f    253    173    252
f    256    255    254
f    256    254    257
f    256    257    258
f    256    258    259
f    174    255    256
f    174    256    176
f    174    176    175
f    177    176    256
f    177    256    259
f    177    259    260
f    177    260    261
f    177    261    262
f    177    262    263
f    177    263    264
f    177    264    178
f    178    264    265
f    178    265    266
f    178    266    267
f    178    267    268
f    178    268    179
f    179    268    269
f    179    269    270
f    179    270    271
f    179    271    272
f    179    272    180
f    180    272    273
f    180    273    185
f    180    185    182
f    180    182    181
f    273    272    271
f    273    271    274
f    273    274    275
f    188    186    185
f    188    185    273
f    188    273    275
f    188    275    276
f    276    275    274
f    276    274    277
f    276    277    278
f    276    278    279
f     40     87    136
f     40    136    187
f     40    187    188
f     40    188    276
f     40    276    279
f     40    279    280
f     40    280    281
f     40    281    190
f     40    190    189
f     40    189     88
f     40     88     41
f    281    282    283
f    281    283    284
f    281    284    192
f    281    192    191
f    281    191    190
f    283    285    286
f    283    286    287
f    283    287    288
f    283    288    284
f    192    284    288
f    192    288    289
f    192    289    290
f    192    290    194
f    192    194     91
f    192     91     90
f    192     90     89
f    192     89    193
f    290    291    292
f    290    292    196
f    290    196    195
f    290    195    194
f     93    196    292
f     93    292    197
f     93    197    137
f     93    137     94
f    292    291    293
f    292    293    294
f    292    294    295
f    292    295    198
f    292    198    197
f    295    201    200
f    295    200    199
f    295    199    198
f    294    296    297
f    294    297    202
f    294    202    201
f    294    201    295
f    202    297    298
f    202    298    299
f    202    299    300
f    202    300    204
f    202    204    203
f    204    300    301
f    204    301    302
f    204    302    205
f    205    302    303
f    205    303    304
f    205    304    207
f    205    207    206
f    207    304    305
f    207    305    208
f    207    208    144
f    207    144    143
f    210    209    306
f    210    306    307
f    210    307    148
f    210    148    147
f    148    307    308
f    148    308    309
f    148    309    211
f    148    211    149
f    310    212    211
f    310    211    309
f    310    309    311
f    310    311    312
f    310    312    313
f    214    213    212
f    214    212    310
f    110    109    152
f    110    152    214
f    110    214    310
f    110    310    313
f    110    313    314
f    110    314    315
f    110    315    316
f    110    316    317
f    110    317    111
f    111    317    318
f    111    318    319
f    111    319    320
f    111    320    218
f    111    218    216
f    111    216    215
f    111    215    112
f    319    321    322
f    319    322    226
f    319    226    225
f    319    225    320
f    320    225    222
f    320    222    219
f    320    219    218
f    323    324    325
f    323    325    322
f    323    322    321
f    322    325    227
f    322    227    226
f    227    325    324
f    227    324    326
f    227    326    327
f    227    327    228
f    229    228    327
f    229    327    328
f    229    328    232
f    229    232    230
f    328    329    330
f    328    330    331
f    328    331    233
f    328    233    232
f    233    331    332
f    233    332    333
f    233    333    334
f    233    334    335
f    233    335    336
f    233    336    234
f    234    336    337
f    234    337    338
f    234    338    235
f    235    338    339
f    235    339    340
f    235    340    341
f    235    341    342
f    235    342    343
f    235    343    344
f    235    344    236
f    237    236    344
f    237    344    238
f    238    344    343
f    238    343    345
f    238    345    346
f    238    346    347
f    238    347    239
f    240    239    347
f    240    347    348
f    240    348    244
f    240    244    242
f    240    242     65
f    240     65     64
f    240     64    241
f    347    346    349
f    347    349    350
f    347    350    351
f    347    351    352
f    347    352    348
f    348    352    353
f    348    353    247
f    348    247    246
f    348    246    245
f    348    245    244
f    351    354    355
f    351    355    356
f    351    356    353
f    351    353    352
f    353    356    248
f    353    248    247
f    249    248    356
f    249    356    355
f    249    355    357
f    249    357    358
f    249    358    359
f    249    359    360
f    249    360    250
f    250    360    253
f    250    253    252
f    250    252    171
f    250    171    170
f    250    170    251
f    359    361    362
f    359    362    257
f    359    257    254
f    359    254    253
f    359    253    360
f    362    363    258
f    362    258    257
f    364    365    366
f    364    366    363
f    364    363    362
f    364    362    361
f    366    365    367
f    366    367    368
f    366    368    369
f    259    258    363
f    259    363    366
f    259    366    369
f    259    369    260
f    260    369    368
f    260    368    370
f    260    370    371
f    260    371    372
f    260    372    261
f    261    372    373
f    261    373    374
f    261    374    262
f    265    375    376
f    265    376    266
f    267    377    378
f    267    378    269
f    267    269    268
f    269    378    379
f    269    379    380
f    269    380    270
f    274    271    270
f    274    270    380
f    274    380    381
f    274    381    277
f    277    381    382
f    277    382    383
f    277    383    278
f    279    278    383
f    279    383    384
f    279    384    280
f    280    384    385
f    280    385    386
f    280    386    282
f    280    282    281
f    386    387    388
f    386    388    285
f    386    285    283
f    386    283    282
f    388    389    390
f    388    390    391
f    388    391    392
f    388    392    393
f    388    393    286
f    388    286    285
f    392    394    395
f    392    395    396
f    392    396    397
f    392    397    398
f    392    398    399
f    392    399    400
f    392    400    393
f    286    393    400
f    286    400    401
f    286    401    287
f    288    287    401
f    288    401    402
f    288    402    403
f    288    403    404
f    288    404    289
f    289    404    405
f    289    405    406
f    289    406    407
f    289    407    293
f    289    293    291
f    289    291    290
f    406    408    409
f    406    409    410
f    406    410    411
f    406    411    407
f    407    411    412
f    407    412    296
f    407    296    294
f    407    294    293
f    410    413    414
f    410    414    412
f    410    412    411
f    412    414    298
f    412    298    297
f    412    297    296
f    298    414    413
f    298    413    415
f    298    415    416
f    298    416    417
f    298    417    299
f    299    417    418
f    299    418    301
f    299    301    300
f    301    418    419
f    301    419    420
f    301    420    303
f    301    303    302
f    303    420    421
f    303    421    305
f    303    305    304
f    208    305    421
f    208    421    422
f    208    422    306
f    208    306    209
f    309    308    423
f    309    423    311
f    311    423    424
f    311    424    425
f    311    425    426
f    311    426    427
f    311    427    312
f    427    426    428
f    427    428    429
f    313    312    427
f    313    427    429
f    313    429    314
f    314    429    428
f    314    428    430
f    314    430    431
f    314    431    432
f    314    432    433
f    314    433    434
f    314    434    435
f    314    435    436
f    314    436    437
f    314    437    315
f    315    437    438
f    315    438    439
f    315    439    440
f    315    440    441
f    315    441    316
f    316    441    442
f    316    442    443
f    316    443    444
f    316    444    445
f    316    445    318
f    316    318    317
f    318    445    446
f    318    446    447
f    318    447    448
f    318    448    323
f    318    323    321
f    318    321    319
f    447    449    450
f    447    450    451
f    447    451    448
f    448    451    452
f    448    452    326
f    448    326    324
f    448    324    323
f    450    453    454
f    450    454    455
f    450    455    452
f    450    452    451
f    327    326    452
f    327    452    455
f    327    455    329
f    327    329    328
f    455    454    456
f    455    456    457
f    455    457    330
f    455    330    329
f    330    457    458
f    330    458    459
f    330    459    332
f    330    332    331
f    332    459    460
f    332    460    333
f    340    461    341
f    341    461    462
f    341    462    342
f    343    342    462
f    343    462    463
f    343    463    464
f    343    464    465
f    343    465    466
f    343    466    345
f    345    466    467
f    345    467    468
f    345    468    469
f    345    469    470
f    345    470    349
f    345    349    346
f    469    471    472
f    469    472    473
f    469    473    474
f    469    474    475
f    469    475    470
f    349    470    475
f    349    475    476
f    349    476    477
f    349    477    478
f    349    478    479
f    349    479    350
f    478    480    481
f    478    481    482
f    478    482    479
f    350    479    482
f    350    482    483
f    350    483    354
f    350    354    351
f    482    481    484
f    482    484    485
f    482    485    483
f    355    354    483
f    355    483    485
f    355    485    486
f    355    486    357
f    357    486    487
f    357    487    488
f    357    488    489
f    357    489    358
f    358    489    490
f    358    490    491
f    358    491    364
f    358    364    361
f    358    361    359
f    490    492    493
f    490    493    494
f    490    494    495
f    490    495    496
f    490    496    497
f    490    497    491
f    491    497    498
f    491    498    499
f    491    499    367
f    491    367    365
f    491    365    364
f    496    500    498
f    496    498    497
f    498    500    501
f    498    501    502
f    498    502    499
f    368    367    499
f    368    499    502
f    368    502    503
f    368    503    370
f    370    503    504
f    370    504    505
f    370    505    506
f    370    506    371
f    371    506    373
f    371    373    372
f    262    374    507
f    262    507    508
f    262    508    263
f    263    508    509
f    263    509    375
f    263    375    265
f    263    265    264
f    266    376    510
f    266    510    511
f    266    511    377
f    266    377    267
f    511    512    379
f    511    379    378
f    511    378    377
f    380    379    512
f    380    512    513
f    380    513    514
f    380    514    382
f    380    382    381
f    383    382    514
f    383    514    515
f    383    515    385
f    383    385    384
f    385    515    516
f    385    516    517
f    385    517    387
f    385    387    386
f    517    518    389
f    517    389    388
f    517    388    387
f    390    519    391
f    391    519    520
f    391    520    521
f    391    521    394
f    391    394    392
f    521    522    523
f    521    523    395
f    521    395    394
f    397    524    525
f    397    525    526
f    397    526    398
f    399    398    526
f    399    526    527
f    399    527    528
f    399    528    529
f    401    400    399
f    401    399    529
f    401    529    530
f    401    530    531
f    401    531    532
f    401    532    533
f    401    533    534
f    401    534    402
f    402    534    535
f    402    535    536
f    402    536    537
f    402    537    538
f    402    538    539
f    402    539    403
f    403    539    540
f    403    540    541
f    403    541    542
f    403    542    405
f    403    405    404
f    540    543    544
f    540    544    545
f    540    545    541
f    405    542    546
f    405    546    408
f    405    408    406
f    546    547    409
f    546    409    408
f    409    547    548
f    409    548    415
f    409    415    413
f    409    413    410
f    549    416    415
f    549    415    548
f    549    548    550
f    419    418    417
f    419    417    416
f    419    416    549
f    419    549    551
f    552    422    421
f    552    421    420
f    552    420    419
f    552    419    551
f    552    551    553
f    306    422    552
f    306    552    424
f    306    424    423
f    306    423    308
f    306    308    307
f    430    554    431
f    428    426    425
f    428    425    554
f    428    554    430
f    432    555    556
f    432    556    433
f    433    556    557
f    433    557    434
f    435    558    559
f    435    559    560
f    435    560    436
f    436    560    561
f    436    561    438
f    436    438    437
f    440    562    442
f    440    442    441
f    442    562    563
f    442    563    564
f    442    564    443
f    444    565    566
f    444    566    446
f    444    446    445
f    446    566    567
f    446    567    568
f    446    568    449
f    446    449    447
f    568    569    453
f    568    453    450
f    568    450    449
f    570    571    456
f    570    456    454
f    570    454    453
f    570    453    569
f    456    571    572
f    456    572    458
f    456    458    457
f    458    572    573
f    458    573    460
f    458    460    459
f    333    460    573
f    333    573    574
f    333    574    334
f    467    575    576
f    467    576    468
f    468    576    577
f    468    577    578
f    468    578    471
f    468    471    469
f    578    579    580
f    578    580    581
f    578    581    472
f    578    472    471
f    472    581    582
f    472    582    583
f    472    583    473
f    475    474    584
f    475    584    585
f    475    585    476
f    476    585    586
f    476    586    587
f    476    587    477
f    477    587    588
f    477    588    480
f    477    480    478
f    588    589    484
f    588    484    481
f    588    481    480
f    485    484    589
f    485    589    590
f    485    590    591
f    485    591    592
f    485    592    487
f    485    487    486
f    487    592    593
f    487    593    594
f    487    594    595
f    487    595    488
f    488    595    596
f    488    596    597
f    488    597    492
f    488    492    490
f    488    490    489
f    597    598    493
f    597    493    492
f    493    598    599
f    493    599    494
f    495    600    501
f    495    501    500
f    495    500    496
f    494    599    601
f    494    601    600
f    494    600    495
f    502    501    600
f    502    600    601
f    502    601    602
f    502    602    504
f    502    504    503
f    504    602    603
f    504    603    505
f    373    506    505
f    373    505    603
f    373    603    604
f    373    604    507
f    373    507    374
f    507    604    605
f    507    605    606
f    507    606    509
f    507    509    508
f    509    606    607
f    509    607    510
f    509    510    376
f    509    376    375
f    510    607    608
f    510    608    609
f    510    609    610
f    510    610    513
f    510    513    512
f    510    512    511
f    514    513    610
f    514    610    611
f    514    611    516
f    514    516    515
f    516    611    612
f    516    612    613
f    516    613    614
f    516    614    518
f    516    518    517
f    614    615    616
f    614    616    617
f    614    617    520
f    614    520    519
f    614    519    390
f    614    390    389
f    614    389    518
f    616    618    619
f    616    619    617
f    617    619    620
f    617    620    522
f    617    522    521
f    617    521    520
f    621    523    522
f    621    522    620
f    395    523    621
f    395    621    622
f    395    622    396
f    526    525    623
f    526    623    527
f    529    528    624
f    529    624    530
f    533    625    626
f    533    626    535
f    533    535    534
f    535    626    627
f    535    627    628
f    535    628    536
f    538    629    543
f    538    543    540
f    538    540    539
f    537    630    631
f    537    631    629
f    537    629    538
f    544    632    633
f    544    633    545
f    634    633    632
f    634    632    635
f    634    635    636
f    541    545    633
f    541    633    634
f    541    634    550
f    541    550    548
f    541    548    547
f    541    547    546
f    541    546    542
f    553    551    549
f    553    549    550
f    553    550    634
f    553    634    636
f    553    636    637
f    553    637    638
f    431    554    425
f    431    425    424
f    431    424    552
f    431    552    553
f    431    553    638
f    431    638    639
f    431    639    640
f    431    640    555
f    431    555    432
f    639    641    642
f    639    642    643
f    639    643    640
f    640    643    557
f    640    557    556
f    640    556    555
f    434    557    643
f    434    643    642
f    434    642    644
f    434    644    558
f    434    558    435
f    644    645    646
f    644    646    647
f    644    647    559
f    644    559    558
f    559    647    648
f    559    648    561
f    559    561    560
f    438    561    648
f    438    648    649
f    438    649    650
f    438    650    439
f    439    650    651
f    439    651    652
f    439    652    563
f    439    563    562
f    439    562    440
f    652    653    654
f    652    654    564
f    652    564    563
f    443    564    654
f    443    654    655
f    443    655    565
f    443    565    444
f    655    656    657
f    655    657    567
f    655    567    566
f    655    566    565
f    567    657    658
f    567    658    570
f    567    570    569
f    567    569    568
f    658    659    574
f    658    574    573
f    658    573    572
f    658    572    571
f    658    571    570
f    334    574    659
f    334    659    660
f    334    660    661
f    334    661    335
f    335    661    662
f    335    662    663
f    335    663    337
f    335    337    336
f    337    663    339
f    337    339    338
f    463    664    464
f    464    664    665
f    464    665    465
f    577    666    579
f    577    579    578
f    667    668    580
f    667    580    579
f    667    579    666
f    580    668    669
f    580    669    670
f    580    670    582
f    580    582    581
f    582    670    671
f    582    671    672
f    582    672    673
f    582    673    583
f    473    583    673
f    473    673    584
f    473    584    474
f    584    673    672
f    584    672    674
f    584    674    675
f    584    675    676
f    584    676    586
f    584    586    585
f    586    676    677
f    586    677    590
f    586    590    589
f    586    589    588
f    586    588    587
f    590    677    678
f    590    678    679
f    590    679    680
f    590    680    681
f    590    681    591
f    591    681    682
f    591    682    683
f    591    683    684
f    591    684    593
f    591    593    592
f    683    685    686
f    683    686    687
f    683    687    684
f    593    684    687
f    593    687    688
f    593    688    594
f    594    688    689
f    594    689    690
f    594    690    596
f    594    596    595
f    687    686    691
f    687    691    689
f    687    689    688
f    596    690    692
f    596    692    605
f    596    605    604
f    596    604    603
f    596    603    602
f    596    602    601
f    596    601    599
f    596    599    598
f    596    598    597
f    689    691    693
f    689    693    692
f    689    692    690
f    605    692    693
f    605    693    694
f    605    694    608
f    605    608    607
f    605    607    606
f    608    694    695
f    608    695    696
f    608    696    697
f    608    697    698
f    608    698    609
f    610    609    698
f    610    698    699
f    610    699    700
f    610    700    612
f    610    612    611
f    699    701    702
f    699    702    703
f    699    703    704
f    699    704    700
f    612    700    704
f    612    704    705
f    612    705    613
f    613    705    706
f    613    706    707
f    613    707    708
f    613    708    615
f    613    615    614
f    708    618    616
f    708    616    615
f    527    623    709
f    527    709    710
f    527    710    624
f    527    624    528
f    530    624    710
f    530    710    531
f    711    712    627
f    711    627    626
f    711    626    625
f    627    712    713
f    627    713    714
f    627    714    628
f    536    628    714
f    536    714    715
f    536    715    630
f    536    630    537
f    715    716    717
f    715    717    631
f    715    631    630
f    631    717    718
f    631    718    635
f    631    635    632
f    631    632    544
f    631    544    543
f    631    543    629
f    636    635    718
f    636    718    719
f    636    719    720
f    636    720    721
f    636    721    637
f    638    637    721
f    638    721    722
f    638    722    723
f    638    723    724
f    638    724    641
f    638    641    639
f    723    725    726
f    723    726    727
f    723    727    728
f    723    728    724
f    642    641    724
f    642    724    728
f    642    728    729
f    642    729    645
f    642    645    644
f    729    730    646
f    729    646    645
f    728    727    731
f    728    731    732
f    728    732    730
f    728    730    729
f    648    647    646
f    648    646    730
f    648    730    732
f    648    732    649
f    649    732    731
f    649    731    733
f    649    733    734
f    649    734    735
f    649    735    651
f    649    651    650
f    651    735    736
f    651    736    653
f    651    653    652
f    734    737    738
f    734    738    739
f    734    739    736
f    734    736    735
f    654    653    736
f    654    736    739
f    654    739    740
f    654    740    656
f    654    656    655
f    739    738    741
f    739    741    742
f    739    742    743
f    739    743    740
f    740    743    660
f    740    660    659
f    740    659    658
f    740    658    657
f    740    657    656
f    660    743    742
f    660    742    744
f    660    744    745
f    660    745    662
f    660    662    661
f    339    663    662
f    339    662    745
f    339    745    746
f    339    746    665
f    339    665    664
f    339    664    463
f    339    463    462
f    339    462    461
f    339    461    340
f    465    665    746
f    465    746    747
f    465    747    748
f    465    748    575
f    465    575    467
f    465    467    466
f    748    749    750
f    748    750    667
f    748    667    666
f    748    666    577
f    748    577    576
f    748    576    575
f    750    751    669
f    750    669    668
f    750    668    667
f    752    753    671
f    752    671    670
f    752    670    669
f    752    669    751
f    672    671    753
f    672    753    754
f    672    754    755
f    672    755    674
f    674    755    756
f    674    756    757
f    674    757    758
f    674    758    675
f    675    758    759
f    675    759    760
f    675    760    761
f    675    761    762
f    675    762    678
f    675    678    677
f    675    677    676
f    678    762    763
f    678    763    764
f    678    764    765
f    678    765    766
f    678    766    679
f    679    766    767
f    679    767    768
f    679    768    769
f    679    769    770
f    679    770    680
f    769    771    772
f    769    772    770
f    680    770    772
f    680    772    773
f    680    773    682
f    680    682    681
f    682    773    774
f    682    774    685
f    682    685    683
f    772    771    775
f    772    775    776
f    772    776    774
f    772    774    773
f    693    691    686
f    693    686    685
f    693    685    774
f    693    774    776
f    693    776    777
f    693    777    778
f    693    778    779
f    693    779    695
f    693    695    694
f    695    779    780
f    695    780    781
f    695    781    782
f    695    782    696
f    696    782    783
f    696    783    784
f    696    784    785
f    696    785    786
f    696    786    697
f    786    785    787
f    786    787    788
f    786    788    789
f    698    697    786
f    698    786    789
f    698    789    790
f    698    790    791
f    698    791    701
f    698    701    699
f    791    792    702
f    791    702    701
f    704    703    706
f    704    706    705
f    707    793    622
f    707    622    621
f    707    621    620
f    707    620    619
f    707    619    618
f    707    618    708
f    396    622    793
f    396    793    524
f    396    524    397
f    531    710    709
f    531    709    794
f    531    794    795
f    531    795    532
f    532    795    796
f    532    796    797
f    532    797    711
f    532    711    625
f    532    625    533
f    797    798    713
f    797    713    712
f    797    712    711
f    714    713    798
f    714    798    799
f    714    799    716
f    714    716    715
f    718    717    716
f    718    716    799
f    718    799    800
f    718    800    719
f    719    800    801
f    719    801    802
f    719    802    803
f    719    803    720
f    721    720    803
f    721    803    804
f    721    804    805
f    721    805    806
f    721    806    807
f    721    807    808
f    721    808    722
f    807    809    810
f    807    810    811
f    807    811    808
f    722    808    811
f    722    811    812
f    722    812    725
f    722    725    723
f    812    813    726
f    812    726    725
f    811    810    814
f    811    814    813
f    811    813    812
f    731    727    726
f    731    726    813
f    731    813    814
f    731    814    815
f    731    815    816
f    731    816    817
f    731    817    818
f    731    818    819
f    731    819    820
f    731    820    821
f    731    821    733
f    820    822    823
f    820    823    824
f    820    824    825
f    820    825    821
f    733    821    825
f    733    825    826
f    733    826    827
f    733    827    828
f    733    828    829
f    733    829    737
f    733    737    734
f    828    830    831
f    828    831    829
f    829    831    832
f    829    832    833
f    829    833    741
f    829    741    738
f    829    738    737
f    741    833    834
f    741    834    835
f    741    835    744
f    741    744    742
f    745    744    835
f    745    835    836
f    745    836    837
f    745    837    838
f    745    838    839
f    745    839    747
f    745    747    746
f    747    839    840
f    747    840    749
f    747    749    748
f    840    841    842
f    840    842    752
f    840    752    751
f    840    751    750
f    840    750    749
f    842    843    754
f    842    754    753
f    842    753    752
f    754    843    844
f    754    844    756
f    754    756    755
f    757    845    759
f    757    759    758
f    761    846    763
f    761    763    762
f    847    767    766
f    847    766    765
f    847    765    848
f    849    850    851
f    849    851    768
f    849    768    767
f    849    767    847
f    768    851    852
f    768    852    775
f    768    775    771
f    768    771    769
f    776    775    852
f    776    852    853
f    776    853    854
f    776    854    777
f    855    856    778
f    855    778    777
f    855    777    854
f    855    854    857
f    855    857    858
f    781    859    860
f    781    860    861
f    781    861    783
f    781    783    782
f    783    861    862
f    783    862    863
f    783    863    864
f    783    864    865
f    783    865    784
f    784    865    787
f    784    787    785
f    787    865    864
f    787    864    866
f    787    866    867
f    787    867    868
f    787    868    788
f    789    788    868
f    789    868    790
f    790    868    867
f    790    867    869
f    790    869    870
f    790    870    792
f    790    792    791
f    706    703    702
f    706    702    792
f    706    792    870
f    706    870    794
f    706    794    709
f    706    709    623
f    706    623    525
f    706    525    524
f    706    524    793
f    706    793    707
f    794    870    869
f    794    869    871
f    794    871    872
f    794    872    796
f    794    796    795
f    871    873    874
f    871    874    875
f    871    875    876
f    871    876    877
f    871    877    872
f    796    872    877
f    796    877    801
f    796    801    800
f    796    800    799
f    796    799    798
f    796    798    797
f    877    876    878
f    877    878    802
f    877    802    801
f    803    802    878
f    803    878    879
f    803    879    880
f    803    880    804
f    805    881    882
f    805    882    806
f    806    882    883
f    806    883    884
f    806    884    809
f    806    809    807
f    814    810    809
f    814    809    884
f    814    884    885
f    814    885    815
f    815    885    886
f    815    886    887
f    815    887    816
f    819    888    822
f    819    822    820
f    825    824    889
f    825    889    890
f    825    890    826
f    827    830    828
f    891    892    834
f    891    834    833
f    891    833    832
f    835    834    892
f    835    892    893
f    835    893    836
f    838    894    841
f    838    841    840
f    838    840    839
f    895    896    844
f    895    844    843
f    895    843    842
f    895    842    841
f    895    841    894
f    756    844    896
f    756    896    845
f    756    845    757
f    760    897    846
f    760    846    761
f    848    765    764
f    848    764    898
f    899    900    901
f    899    901    850
f    899    850    849
f    901    853    852
f    901    852    851
f    901    851    850
f    778    856    902
f    778    902    780
f    778    780    779
f    780    902    903
f    780    903    859
f    780    859    781
f    904    905    862
f    904    862    861
f    904    861    860
f    906    905    904
f    866    864    863
f    866    863    907
f    907    863    862
f    907    862    905
f    907    905    906
f    907    906    908
f    907    908    909
f    869    867    866
f    869    866    907
f    869    907    909
f    869    909    910
f    869    910    873
f    869    873    871
f    910    911    912
f    910    912    874
f    910    874    873
f    874    912    913
f    874    913    914
f    874    914    915
f    874    915    875
f    878    876    875
f    878    875    915
f    878    915    916
f    878    916    917
f    878    917    918
f    878    918    879
f    879    918    919
f    879    919    920
f    879    920    880
f    804    880    920
f    804    920    921
f    804    921    881
f    804    881    805
f    883    886    885
f    883    885    884
f    816    887    817
f    823    889    824
f    826    890    922
f    826    922    891
f    826    891    832
f    826    832    831
f    826    831    830
f    826    830    827
f    922    923    893
f    922    893    892
f    922    892    891
f    837    924    895
f    837    895    894
f    837    894    838
f    925    897    760
f    925    760    759
f    925    759    845
f    925    845    896
f    925    896    895
f    925    895    924
f    898    764    763
f    898    763    846
f    898    846    897
f    898    897    925
f    858    857    900
f    858    900    899
f    854    853    901
f    854    901    900
f    854    900    857
f    926    913    912
f    926    912    911
f    915    914    927
f    915    927    916
f    919    918    917
f    919    917    928
f    817    887    886
f    817    886    883
f    817    883    882
f    817    882    881
f    817    881    921
f    817    921    818
f    818    921    920
f    818    920    919
f    818    919    928
f    818    928    929
f    818    929    888
f    818    888    819
f    929    930    923
f    929    923    922
f    929    922    890
f    929    890    889
f    929    889    823
f    929    823    822
f    929    822    888
f    836    893    923
f    836    923    930
f    836    930    931
f    836    931    932
f    836    932    933
f    836    933    855
f    836    855    858
f    836    858    899
f    836    899    849
f    836    849    847
f    836    847    848
f    836    848    898
f    836    898    925
f    836    925    924
f    836    924    837
f    932    908    906
f    932    906    904
f    932    904    860
f    932    860    859
f    932    859    903
f    932    903    933
f    933    903    902
f    933    902    856
f    933    856    855
f    927    914    913
f    927    913    926
f    927    926    934
f    928    917    916
f    928    916    927
f    928    927    934
f    928    934    931
f    928    931    930
f    928    930    929
f    931    934    926
f    931    926    911
f    931    911    910
f    931    910    909
f    931    909    908
f    931    908    932
f     31     66    243
f     31    243    165
f     31    165     67
f     31     67     32
