v   -21.404075     9.216303    88.321293
v   -22.126783    14.667740    87.855564
v   -27.310841    19.851797    87.855564
v   -27.742054    18.132068    88.067478
v   -27.939650    15.209733    88.374648
v   -27.939650     8.500377    89.035561
v   -22.187524     8.500377    88.468999
v   -28.923407     7.789425    89.008582
v   -28.954607     7.485420    89.035561
v   -31.330426     0.513055    88.582794
v   -32.154720    -1.761178    88.277583
v   -31.604738    -5.909328    87.923238
v   -31.330426    -4.815544    88.057983
v   -30.490155     3.463876    88.790639
v   -22.825226     3.689656    88.057983
v    15.026155     9.216303    77.270260
v     2.663395    39.062727    77.270260
v   -11.867490    44.951557    80.938212
v   -12.646116    44.637002    81.214032
v   -14.196886    43.086231    81.879316
v   -26.071008    39.772926    84.376315
v   -27.178960    37.459807    84.938806
v   -27.310841    32.153665    85.832885
v   -24.098368    49.380652    81.214032
v   -26.071008    44.734066    82.871363
v   -26.486094    44.562093    82.871363
v   -27.984716    40.864148    83.804930
v   -27.536923    38.345897    84.625005
v   -28.029781    19.163152    87.850590
v   -28.065351    19.077542    87.850590
v   -32.339354    -2.091860    88.180067
v   -31.872269    -8.236163    87.549751
v   -31.766010    -7.855441    87.629784
v   -32.209281   -14.121224    86.526655
v   -31.766010   -22.129949    85.282752
v   -32.789407   -32.660239    82.603230
v   -34.294510   -41.123840    79.846689
v   -33.294474   -41.538173    79.846689
v   -32.789407   -40.348681    80.270969
v   -13.416150   -30.029701    80.966849
v   -31.696377   -24.928842    84.811146
v   -31.976417   -26.189173    84.464034
v   -11.793938   -31.652065    80.270969
v    22.123166     6.203385    74.738897
v    -2.446809   -35.427934    76.961131
v     6.356669   -31.860211    74.738897
v    67.149481     1.224309    54.358972
v   103.849502     1.224309    34.742301
v   100.647278    13.174996    34.742301
v    68.166699    32.355330    49.356534
v    60.495590    31.971443    53.511919
v    51.362636     6.203385    62.084039
v    28.224362    39.935253    66.051173
v    17.150571    51.009044    66.051173
v   -11.366191    57.463229    75.415183
v   -11.447429    57.255837    75.537719
v   -24.066867    52.783033    79.735758
v   -24.098368    52.683406    79.784592
v   -11.405680    57.529999    75.385189
v   -24.067018    60.922583    75.385189
v   -24.264614    61.264118    75.174180
v   -26.680223    60.616921    75.174180
v   -26.322712    53.471829    79.044551
v   -26.733428    51.807716    79.691145
v   -31.232608    47.308385    79.691145
v   -31.596599    45.700491    80.219272
v   -28.531231    20.392133    87.413197
v   -29.579497    16.480012    87.413197
v   -33.200876    -2.896259    87.604312
v   -32.381556   -14.607300    86.365082
v   -32.482539   -17.052150    85.882924
v   -35.756204   -44.463220    78.125000
v   -38.197889   -52.974600    73.476154
v   -37.572848   -53.599641    73.476154
v   -35.860202   -49.224655    76.059968
v   -35.694861   -44.381077    78.185892
v   -35.204263   -48.992092    76.278213
v   -33.294474   -42.936715    79.241393
v   -37.839624   -58.930199    70.588787
v   -35.204263   -59.636479    70.588787
v   -35.132520   -59.760372    70.512221
v   -32.230232   -59.557350    70.205051
v    -6.131039   -52.564035    70.205051
v    -1.869848   -52.328006    69.543234
v     7.582334   -59.387186    62.535449
v    40.994521   -51.825049    51.563847
v    59.157035   -33.662536    51.563847
v    77.876915   -29.042929    44.290040
v   100.775693   -30.188712    31.886284
v   112.102696   -23.500005    26.789946
v   116.730893    -6.227350    26.789946
v   122.075469    -7.138912    22.706606
v   128.739759    -7.138912    17.237384
v   128.554222    -4.659397    16.984775
v   127.278818     1.752587    16.984775
v   122.651073     5.428979    20.182628
v   118.442032    -6.227350    25.539713
v   121.725796     6.435044    20.661620
v   107.304334    12.897066    29.933087
v    98.171682    26.564921    29.933087
v    68.779230    39.570959    45.318260
v    65.621469    42.728871    45.318260
v    27.717788    51.905986    60.137173
v    15.121260    60.322713    60.137173
v   -11.777509    66.436117    68.951050
v   -11.936218    66.582166    68.875388
v   -24.264614    62.130463    74.541301
v   -11.977365    66.633864    68.839667
v   -25.440390    69.311879    68.839667
v   -25.440390    66.817291    70.886914
v   -26.839083    71.093856    67.148876
v   -30.469807    74.344913    63.888173
v   -31.622976    74.115516    63.888173
v   -30.337022    68.585402    68.636495
v   -30.436046    66.215160    70.348839
v   -36.729713    77.771862    58.634934
v   -39.364019    76.011589    58.634934
v   -37.987030    71.552652    62.632665
v   -32.854820    66.420442    68.995061
v   -45.101223    60.905401    62.632665
v   -34.138965    45.594232    78.382432
v   -35.115036    31.810021    80.367732
v   -41.963810    -2.620590    80.367732
v   -41.716928    -2.896259    80.615367
v   -41.510440    -5.657623    80.334122
v   -36.842302   -29.125977    80.334122
v   -47.525424   -67.298846    59.785088
v   -45.298668   -70.631443    59.785088
v   -42.763687   -68.096463    62.927777
v   -40.610484   -63.060564    67.028751
v   -40.088536   -56.911891    70.469717
v   -47.076425   -76.388392    54.623940
v   -46.584773   -76.716964    54.623940
v   -44.162381   -74.982615    57.115664
v   -42.732790   -68.834695    62.394525
v   -36.878776   -66.720830    65.084899
v   -37.098076   -76.387789    57.115664
v   -36.878776   -76.191550    57.312506
v   -28.088864   -75.534255    56.417071
v    -2.229167   -70.390440    56.417071
v     7.150668   -69.726211    55.066157
v    12.470224   -73.534937    49.594071
v    42.433909   -66.724899    39.775938
v    62.057364   -53.612904    39.775938
v    94.707655   -45.707726    27.010904
v   101.515131   -38.900250    27.010904
v   114.223645   -33.276689    20.358821
v   121.004594   -23.128326    20.358821
v   125.002777   -21.336853    17.788421
v   126.582185   -19.619536    16.970758
v   127.230738   -19.104220    16.522513
v   128.428068   -13.084714    16.522513
v   128.862447    -7.275918    17.114245
v   129.258542    -7.275918    16.631636
v   129.655391    -6.686748    16.034327
v   129.663229    -6.657810    16.019255
v   129.357867    -2.920224    15.670034
v   129.280246    -2.430079    15.670034
v   128.936601     1.587848    15.157883
v   129.115357     1.922902    14.752142
v   128.352255     4.976062    13.831988
v   123.002254    15.476058    13.831988
v   122.557325    15.788804    14.163424
v   118.924038    19.837931    15.014698
v   105.749494    26.070254    23.282813
v    87.057497    44.762251    23.282813
v    67.993671    53.254489    33.208260
v    64.989796    52.402462    36.828735
v    30.339434    61.675587    49.564831
v    14.022653    69.989371    49.564831
v   -11.070476    76.261334    57.126667
v   -12.839943    75.316764    59.269923
v   -13.656551    75.386548    59.374071
v   -31.278427    78.177604    59.374071
v   -31.278427    77.923337    59.683803
v   -32.481785    79.242450    57.844251
v   -40.577626    84.694037    49.638986
v   -41.186239    84.597726    49.638986
v   -37.966079    80.101109    55.739579
v   -42.111667    84.971364    48.728780
v   -48.559522    88.413235    40.919008
v   -51.455028    89.821122    37.571791
v   -51.490448    89.803035    37.571791
v   -48.781384    85.564302    44.095006
v   -48.789674    85.437394    44.206540
v   -58.648200    91.833703    28.944959
v   -59.647029    92.033258    27.819674
v   -62.082534    89.597904    27.819674
v   -54.943471    85.035571    38.806047
v   -53.179581    65.193119    52.590862
v   -63.398331    89.531888    26.331000
v   -71.887102    72.871915    26.331000
v   -67.341048    64.355411    36.646061
v   -65.006978    64.018096    39.555282
v   -43.413899    -2.292922    78.664130
v   -76.690287     5.326941    36.646061
v   -76.775143     4.288170    36.743125
v   -73.347139    -0.802591    41.902766
v   -72.028328    -2.292922    43.797181
v   -61.683575   -67.607824    43.797181
v   -61.627959   -68.256830    43.714435
v   -51.269189   -69.285955    55.131419
v   -62.905623   -70.650283    40.815463
v   -56.171397   -83.866879    40.815463
v   -52.348202   -81.423537    46.699319
v   -52.126039   -81.438006    46.894201
v   -56.254143   -84.158525    40.464131
v   -54.859369   -85.553148    40.464131
v   -53.566030   -85.186293    42.022891
v   -52.037415   -82.794497    45.703805
v   -49.700331   -82.586653    47.327374
v   -52.140056   -85.912920    42.022891
v   -49.917219   -84.726291    44.715224
v   -49.662651   -82.965415    46.910027
v   -37.704427   -79.071381    53.962726
v   -38.955263   -86.462600    44.715224
v   -37.704427   -86.564789    44.832033
v   -35.169447   -88.271707    42.262839
v   -20.507887   -87.073624    40.893235
v    -1.767357   -84.105320    40.893235
v    11.533039   -82.967827    39.197771
v    14.620112   -84.615511    35.458829
v    36.640486   -79.111774    28.823025
v    58.200105   -68.126456    28.823025
v    80.886366   -62.055103    20.484372
v    94.433946   -49.898982    23.332702
v   102.640115   -46.243389    19.060207
v   115.703276   -33.180077    19.060207
v   119.631072   -31.322136    16.595312
v   125.084920   -25.244000    15.317346
v   125.284023   -24.500191    15.590755
v   127.016111   -21.100523    15.590755
v   127.522384   -19.075281    16.201025
v   128.236200   -18.129957    15.609896
v   128.617826   -13.667553    16.178718
v   128.862447   -12.123113    16.178718
v   129.977332    -5.932991    15.253139
v   130.023905    -5.623259    15.089606
v   129.700155    -1.933904    14.786657
v   129.669107    -1.698327    14.786657
v   129.323955     1.886276    14.397193
v   129.614696     2.899726    13.093906
v   129.478746     6.884796    10.315059
v   128.721824     9.682484     9.577730
v   128.581804    10.020551     9.577730
v   127.232396    14.586953     8.092825
v   127.478373    17.175591     4.481694
v   127.114382    18.695162     3.184437
v   124.802167    23.555169     0.892268
v   117.340109    33.279854     0.892268
v   115.883840    36.090956    -0.721354
v   114.313777    37.661020    -0.721354
v   104.594969    42.695561     4.857442
v    88.349178    55.161414     4.857442
v    72.486973    62.708178    12.338642
v    66.133469    62.104690    21.201353
v    36.057647    70.992119    30.981956
v    21.660904    76.955405    30.981956
v    -6.485385    84.570295    38.399853
v   -12.238113    82.919897    45.798910
v   -16.455897    83.325940    46.257103
v   -37.849421    86.142468    46.257103
v   -40.976133    86.416932    46.513932
v   -41.364693    86.579861    46.121001
v   -51.051246    90.776996    35.882959
v   -52.007572    90.651144    35.882959
v   -56.582113    91.739653    30.687296
v   -60.187817    92.774052    26.049754
v   -60.818736    92.941805    25.262838
v   -60.932682    92.894629    25.262838
v   -62.394376    92.947683    23.458705
v   -63.765035    93.077907    21.546655
v   -67.562005    93.254703    16.547684
v   -66.742684    92.435231    18.890193
v   -66.771472    92.190460    19.147475
v   -67.684089    93.281380    16.317231
v   -72.696626    92.577060     9.082913
v   -74.407011    92.276823     6.688856
v   -75.227838    91.681022     6.100591
v   -76.195770    90.419485     6.100591
v   -75.877899    90.276300     6.792552
v   -75.154889    74.386362    20.193179
v   -79.265058    88.992909     1.554236
v   -81.461519    86.658538    -0.701459
v   -87.437013    72.232706    -0.701459
v   -88.606007    70.883600    -2.373108
v   -91.903185    65.029888    -6.520354
v   -93.154925    63.047904    -8.374075
v   -98.824908    19.980664    -8.374075
v   -99.772643     9.182692    -7.487532
v   -97.651844     4.288170    -2.314327
v   -97.510769     2.681482    -2.446208
v   -91.400379   -43.731770    -2.446208
v   -90.884309   -44.961655    -1.783788
v   -86.406080   -52.052487     4.848098
v   -81.168667   -61.350782    11.435671
v   -74.489304   -69.058516    20.987329
v   -63.593515   -70.969210    39.523480
v   -72.209796   -74.561500    20.987329
v   -66.328050   -80.812513    27.027181
v   -65.248735   -81.643891    28.375684
v   -64.103405   -82.176088    30.072203
v   -61.484171   -84.242476    32.452242
v   -57.439415   -85.092695    37.939852
v   -61.390271   -84.364862    32.452242
v   -59.699480   -85.592185    33.663890
v   -59.100062   -85.875240    34.281998
v   -57.445293   -86.107802    36.670327
v   -57.333006   -85.995515    36.991212
v   -55.388702   -86.224762    39.034088
v   -56.562368   -86.785294    36.670327
v   -56.241181   -86.938126    36.821802
v   -55.416736   -86.859751    37.971956
v   -55.306559   -86.615281    38.504152
v   -52.404421   -86.483249    40.951715
v   -52.945058   -87.883600    37.971956
v   -52.119709   -88.106969    38.189446
v   -50.741212   -88.883334    37.212923
v   -49.082374   -89.043099    37.393035
v   -35.561322   -90.823117    37.393035
v   -35.169447   -90.857481    37.425290
v   -27.887199   -94.012830    29.728408
v   -26.223839   -94.308847    28.764847
v   -10.512204   -92.929898    27.474974
v    -1.949127   -91.802503    27.474974
v    13.622639   -90.302978    25.783128
v    16.420929   -91.105870    22.184056
v    33.072311   -86.600812    17.795505
v    49.716308   -79.706671    17.795505
v    66.317952   -74.800845    12.396670
v    80.408580   -64.328582    17.399862
v    85.905836   -61.713267    14.807155
v   106.688186   -45.766356    14.807155
v   108.623145   -44.763909    13.696339
v   119.223220   -34.163834    13.696339
v   119.317571   -33.981763    13.800940
v   124.945654   -26.647064    13.800940
v   125.671979   -25.120560    14.520935
v   126.512099   -23.990150    14.119564
v   127.062835   -22.126482    14.725615
v   127.819757   -20.298987    14.725615
v   128.415106   -18.098607    15.305439
v   128.573514   -17.817512    15.106336
v   129.050697   -12.861798    15.644713
v   129.238948   -11.431302    15.644713
v   130.197385    -4.756160    14.195829
v   130.179147    -3.281654    13.707945
v   129.919756    -0.450958    13.512007
v   129.743412     1.644670    13.205892
v   129.530745     8.667075     8.071573
v   128.992820    12.019266     5.962531
v   128.536889    13.627763     5.607733
v   128.212537    14.841973     5.118190
v   126.179458    24.376901    -4.961293
v   126.166646    24.410964    -4.988122
v   124.053534    28.645327    -6.680571
v   123.458035    29.592911    -6.680571
v   120.875426    34.254418    -8.969423
v   120.650852    34.837257    -9.906156
v   119.285920    36.632196   -11.030084
v   113.219390    42.698576   -11.030084
v   112.165245    43.500262   -10.370076
v   108.097882    46.899931   -11.011696
v    96.436277    53.361200    -5.285344
v    89.429849    57.763617    -5.285344
v    73.789807    65.568717     0.965669
v    71.044269    66.020579     4.901754
v    38.854129    76.149197    13.681418
v    29.724943    79.343584    13.681418
v     0.945625    87.502125    20.030098
v    -7.365295    87.259765    30.491660
v   -20.914080    88.650168    31.700444
v   -39.965698    90.796740    31.700444
v   -51.245224    91.830688    32.481180
v   -51.245224    91.449966    33.736387
v   -58.854839    93.352822    24.637195
v   -60.946699    93.117094    24.637195
v   -62.297010    93.146786    23.023874
v   -67.723729    93.305043    16.192886
v   -69.977916    93.182206    12.492830
v   -72.457733    92.774203     8.937617
v   -73.710829    92.551136     7.193019
v   -73.729669    92.546916     7.169506
v   -74.164500    92.440054     6.655396
v   -74.412286    92.284359     6.655396
v   -68.646294    93.412658    14.315050
v   -78.164642    90.838942     0.624135
v   -78.252512    90.772173     0.569272
v   -78.575207    90.449328     0.569272
v   -79.026617    90.063934     0.211008
v   -80.801661    88.872784    -2.962428
v   -81.897404    87.657970    -3.989895
v   -82.926228    86.020535    -3.989895
v   -85.447342    82.787865    -7.227990
v   -88.279394    77.846469    -9.379385
v   -90.367637    74.432181   -12.346634
v   -94.505990    62.605838   -12.346634
v   -95.794054    59.997155   -15.249676
v  -100.375679    47.581944   -24.305461
v  -101.842498    42.070219   -26.583311
v  -101.946194    41.060387   -26.493180
v  -104.515991    18.251589   -26.493180
v  -105.201924    10.770691   -25.975302
v  -104.884203     9.182692   -24.338469
v  -104.598737     6.068791   -24.554000
v  -102.036476   -16.671880   -24.554000
v  -101.086480   -20.330186   -22.780916
v  -100.964999   -20.646701   -22.498012
v   -95.538431   -35.351819   -11.771784
v   -89.117706   -50.010666    -1.783788
v   -88.952967   -50.344966    -1.625531
v   -87.558947   -52.949429    -0.022610
v   -81.381636   -63.049260     8.754792
v   -81.068136   -63.492833     9.280357
v   -79.904719   -65.073597    10.673625
v   -72.758422   -74.237148    19.852699
v   -72.615990   -74.384553    20.075315
v   -69.253550   -78.112492    23.228705
v   -66.532880   -80.675055    26.661080
v   -63.273383   -83.330613    29.943487
v   -62.309370   -84.026643    30.933575
v   -60.816626   -85.161876    31.868197
v   -58.058880   -86.452200    34.793244
v   -57.630681   -86.721238    34.793244
v   -55.975912   -87.547040    35.454609
v   -55.964909   -87.553370    35.449786
v   -55.260589   -87.775081    35.641956
v   -50.566376   -89.417490    35.641956
v   -49.560010   -89.914569    34.521946
v   -43.794319   -92.042150    30.316371
v   -43.136572   -92.294608    29.728408
v   -24.800277   -94.658822    27.082647
v   -15.290671   -96.560924    17.280189
v    -3.198305   -95.452369    16.442933
v     2.322313   -94.830342    16.442933
v    15.649990   -93.462547    15.254043
v    17.982703   -93.530673    12.317692
v    29.488311   -90.268915     9.779546
v    41.038683   -86.227324     9.779546
v    55.147247   -81.787981     5.931482
v    65.978528   -75.580074    10.647248
v    70.676509   -73.235605     8.769563
v    90.719571   -60.641639     8.769563
v    93.795038   -58.937735     7.259336
v   107.570659   -47.423386     9.432586
v   107.700581   -47.271308     9.553314
v   119.608463   -35.363425     9.553314
v   121.024791   -33.500962    10.719444
v   123.192012   -30.908256    10.310537
v   124.537953   -28.478930    11.503345
v   126.551588   -25.274295    11.503345
v   127.017619   -24.340426    11.876682
v   127.118752   -23.725936    12.757647
v   127.753741   -21.707778    13.308081
v   128.158729   -20.550541    13.308081
v   128.816627   -18.229886    13.819931
v   128.802309   -17.742604    14.433215
v   129.363595   -12.273231    14.921251
v   129.537828   -10.727434    14.921251
v   129.743412     5.517905     9.332507
v   129.617259     7.843534     8.126888
v   127.666926    18.471190    -1.047967
v   126.819722    22.346083    -4.692708
v   126.587460    23.111445    -4.692708
v   124.571563    28.210797    -9.901333
v   123.790224    29.911687   -11.341324
v   122.806768    31.751692   -11.341324
v   121.438069    34.156148   -12.281372
v   121.362256    34.269189   -12.456209
v   120.414068    35.540221   -13.444488
v   118.547084    37.815207   -13.444488
v   118.144659    38.271290   -13.736435
v   115.600484    40.815465   -13.736435
v   114.063278    42.171504   -12.752376
v   110.518314    45.080876   -12.752376
v   109.496575    45.874423   -12.284085
v   108.054474    46.950121   -11.163020
v   100.047257    51.981347   -11.163020
v    90.986348    57.138877    -7.620619
v    85.507178    60.067542    -7.620619
v    79.271087    63.254090    -5.967508
v    73.365075    65.967224    -0.967030
v    52.354683    73.319105    -0.967030
v    39.830501    77.357680     1.691995
v    16.386263    84.469462     1.691995
v     0.538376    87.934544    16.598477
v   -21.944109    90.467716    16.598477
v   -25.073987    90.796740    16.808733
v   -59.010534    94.139135    16.808733
v   -59.010534    93.596388    22.320157
v   -63.106685    94.139135    12.712431
v   -68.618109    93.596388    12.712431
v   -68.632126    93.594880    12.711527
v   -68.711707    93.510326    13.381935
v   -76.482894    91.644095     1.909033
v   -78.115507    90.958766    -0.201968
v   -78.099983    90.913700     0.398505
v   -74.941016    92.181567     5.138387
v   -78.713870    90.627480    -1.864725
v   -80.208121    89.623526    -4.177844
v   -80.496903    89.386592    -4.177844
v   -80.486955    89.376645    -3.990799
v   -81.996579    87.886765    -6.975834
v   -82.887040    86.801874    -6.975834
v   -84.941823    84.047142    -9.117432
v   -85.469950    83.261281   -10.334054
v   -88.524316    77.895002   -12.431943
v   -90.385271    74.413492   -12.431943
v   -94.886712    64.614802   -20.728092
v   -95.272860    63.694950   -21.917434
v   -98.899816    52.447075   -24.305461
v  -103.930289    32.521877   -35.564489
v  -104.515991    27.322899   -35.564489
v  -104.815474    24.473664   -35.755905
v  -106.124941    11.178543   -35.755905
v  -106.124941    10.770691   -35.347903
v  -105.004027    -0.611024   -35.347903
v  -104.598737    -4.466172   -35.089114
v  -104.485546    -5.471633   -35.089114
v  -100.542376   -22.123618   -22.780916
v   -98.503118   -28.447580   -21.438140
v   -96.868546   -32.816839   -18.004409
v   -95.304210   -36.543572   -13.185700
v   -84.185654   -58.875940     2.294277
v   -75.844891   -70.516142    14.904973
v   -73.158134   -73.891393    18.646628
v   -70.787590   -76.578301    20.366659
v   -64.127219   -82.797361    28.201149
v   -63.845822   -83.028417    28.201149
v   -62.038674   -84.376467    29.606022
v   -60.743074   -85.246883    31.611670
v   -59.401655   -86.010436    32.136029
v   -55.236775   -88.236589    32.136029
v   -53.097588   -89.219292    30.324812
v   -51.479746   -89.898442    28.232951
v   -42.959022   -92.483160    28.232951
v   -33.009008   -94.658822    18.873916
v   -30.390830   -95.196897    16.029052
v   -29.008263   -95.342192    15.936208
v   -15.290671   -96.693257    15.936208
v    -5.104024   -96.693257     5.749411
v     7.495217   -95.452369     5.749411
v    12.820952   -94.892590     5.391749
v    17.160669   -94.403500     5.391749
v    19.225550   -93.952090     3.449555
v    34.823692   -89.220498     3.449555
v    35.900595   -88.873236     3.220911
v    54.387310   -82.404431     3.220911
v    54.589277   -82.311586     3.391980
v    73.743837   -72.073243     3.391980
v    74.153799   -71.839926     3.552196
v    92.732152   -60.166415     3.552196
v    92.805704   -60.111402     3.494922
v   110.433458   -45.644724     3.494922
v   110.469028   -45.613374     3.517681
v   117.050875   -39.031528     3.517681
v   117.964245   -37.996224     4.180553
v   123.923613   -30.734775     4.180553
v   124.660790   -29.637675     5.878880
v   125.133904   -28.806297     6.203835
v   126.395140   -26.446756     6.203835
v   127.491185   -23.835812     9.579841
v   127.547253   -23.661729     9.616918
v   127.928427   -22.405316     9.616918
v   128.847827   -18.200344    13.571994
v   128.886411   -17.857453    13.571994
v   129.537828   -11.660549    13.988136
v   130.038977    -6.571748    13.988136
v   127.666926    16.527640    -2.991668
v   125.665950    23.432331   -13.845557
v   125.424193    23.872437   -15.048313
v   125.032017    24.301390   -16.920874
v   122.832240    30.587671   -16.920874
v   122.763511    31.005772   -16.321455
v   122.295974    31.942655   -15.947064
v   120.531933    34.749989   -15.947064
v   119.799729    36.071664   -15.298058
v   119.195035    36.795126   -15.412154
v   118.476396    37.739998   -14.820422
v   116.484313    39.732080   -14.820422
v   115.512011    40.870629   -13.916698
v   111.065432    44.587415   -13.215241
v   100.926715    51.259241   -12.284085
v    99.519883    52.193110   -11.954307
v    95.005933    54.623340   -11.756259
v    67.948153    66.816839    -9.055787
v    45.536958    74.658866    -9.055787
v    33.359586    78.110985   -11.742092
v    16.523118    84.324016     0.538676
v    -9.036492    86.947018    -1.741435
v   -40.283871    90.467716    -1.741435
v   -63.106685    92.560028    -3.321295
v   -63.171797    92.546916    -3.388366
v   -64.466341    92.228743    -4.918488
v   -77.168827    90.797494    -4.918488
v   -77.214947    90.866524    -4.259384
v   -78.717337    90.571261    -2.476955
v   -78.948392    89.861214    -7.344046
v   -79.464914    89.680499    -7.344046
v   -79.549921    89.789922    -6.266539
v   -80.178429    89.537766    -5.323476
v   -81.042513    88.245783   -10.274820
v   -81.173038    88.388064    -8.792025
v   -81.988591    87.878777    -7.127459
v   -81.126314    88.076373   -10.739946
v   -82.326960    86.287311   -13.938402
v   -84.072915    84.541356   -13.938402
v   -84.231926    84.332306   -14.069228
v   -85.830626    80.181744   -20.740301
v   -86.284598    79.362424   -21.142726
v   -90.854467    72.089521   -21.142726
v   -94.783770    64.215993   -24.289485
v   -95.682219    58.755965   -32.117343
v   -98.223078    50.680622   -34.319833
v  -100.558654    44.006083   -34.319833
v  -103.772031    32.670941   -36.820298
v  -103.587247    26.336880   -44.793452
v  -103.683407    25.399846   -44.877103
v  -104.815474    15.352466   -44.877103
v  -105.198156    11.178543   -45.166035
v  -105.158215    10.978686   -45.372071
v  -105.004027     9.296637   -45.255564
v  -104.025243     0.610270   -45.255564
v  -104.210178    -5.730874   -37.273517
v  -102.755567   -10.862028   -36.141601
v  -100.190744   -18.191753   -36.141601
v   -92.370873   -41.829517   -14.402322
v   -88.447750   -48.073145   -14.402322
v   -87.868829   -49.117945   -13.889266
v   -84.072312   -58.974059     1.952140
v   -78.372637   -66.468673     6.644996
v   -69.917175   -74.923984     6.644996
v   -67.675498   -78.264721    12.617326
v   -67.825466   -78.428253    14.321682
v   -53.409732   -87.228415    12.617326
v   -53.771764   -87.694596    17.202266
v   -51.483213   -89.842072    27.618461
v   -46.761719   -88.322350     3.086166
v   -31.706777   -93.590208     3.086166
v   -31.788468   -93.712443     4.252598
v   -23.817273   -93.360207    -6.844857
v    -6.227350   -95.342192    -6.844857
v    -5.104024   -95.445134    -6.922629
v    -4.294501   -95.283260    -7.757022
v    -0.032857   -94.892590    -7.462060
v    15.528509   -93.139250    -7.462060
v    18.947469   -92.788371    -7.157000
v    20.284668   -92.827257    -5.473746
v    30.464834   -89.941397    -3.227999
v    42.233149   -85.823542    -3.227999
v    55.036919   -81.794763     0.264062
v    65.167044   -75.988679    -4.146344
v    70.009718   -73.572015    -2.210781
v    92.304405   -59.563379    -2.210781
v    94.178021   -58.525362    -1.290779
v   107.090310   -47.732666    -3.327776
v   108.858421   -45.662208    -4.971241
v   119.648706   -34.871923    -4.971241
v   120.924863   -33.193793    -6.021919
v   123.811778   -30.696191     2.688564
v   121.037602   -32.900790    -6.492923
v   124.141254   -27.961354    -6.492923
v   124.535692   -27.744014    -4.789019
v   124.887174   -28.016970    -1.331474
v   126.358515   -26.449017     5.805178
v   126.665835   -24.885736     3.950553
v   127.739573   -22.583167     8.118297
v   128.886411   -15.611255    11.325795
v   122.105764    19.057647   -28.563487
v   122.874744    24.251501   -24.099124
v   122.946487    24.303801   -23.843501
v   124.958314    24.242307   -17.233922
v   120.332528    15.408685   -35.488827
v   120.458230    16.694488   -34.582239
v   120.921245    18.640601   -32.371912
v   122.479251    24.070786   -25.387489
v   122.654238    30.535371   -17.573044
v   121.464746    26.520308   -25.387489
v   121.456607    26.594011   -25.325844
v   121.863705    30.879619   -19.347787
v   120.980177    32.736956   -18.471795
v   119.808018    34.264366   -18.471795
v   118.332759    37.112394   -16.837073
v   118.053322    37.391831   -16.837073
v   116.617852    39.369294   -15.419841
v   109.515264    44.819375   -15.419841
v   109.407046    44.956531   -15.295194
v    81.749698    58.540585   -16.067188
v    60.980310    67.143603   -16.067188
v    38.282895    73.284288   -22.049013
v    34.183127    75.593639   -19.144464
v    -4.686376    79.336650   -23.367372
v   -34.195938    83.221641   -23.367372
v   -64.288792    85.862730   -25.837995
v   -64.466341    86.478878   -23.872891
v   -78.985922    88.628917   -11.392569
v   -66.899887    84.448964   -29.126431
v   -78.269544    82.952152   -29.126431
v   -79.769070    86.235313   -18.430799
v   -80.573770    86.197632   -17.621125
v   -78.354400    82.865336   -29.267807
v   -79.383073    82.439247   -29.267807
v   -81.117723    84.948455   -20.425595
v   -81.341544    84.898566   -20.144952
v   -80.486653    80.064935   -32.784737
v   -80.979361    79.686927   -32.784737
v   -82.645886    81.353602   -26.002884
v   -81.901172    73.125880   -42.253649
v   -90.031378    62.530478   -42.253649
v   -90.819499    60.874051   -43.034837
v   -90.374872    56.192649   -49.564835
v   -92.511496    48.962400   -51.916086
v   -99.043152    33.193491   -51.916086
v  -100.637029    27.302099   -53.468817
v   -99.842728    24.533500   -57.029908
v  -100.015304    22.740219   -57.224640
v  -101.550701    11.077861   -57.224640
v  -101.562759    11.077861   -57.187562
v  -101.906705    10.978686   -56.090462
v  -103.444665     0.592485   -47.163092
v  -101.089494    10.226135   -58.297323
v   -99.973554     1.749271   -58.297323
v  -100.468674     0.023211   -56.077500
v  -100.984592    -0.212366   -54.396808
v  -100.142211   -18.177435   -36.319603
v   -94.122405   -15.297905   -56.077500
v   -93.760222   -16.523721   -55.678842
v   -94.119089   -20.302454   -50.407970
v   -94.561456   -20.608116   -48.849361
v   -73.841655   -46.728410   -50.407970
v   -73.176221   -48.013158   -49.670491
v   -72.756311   -51.001207   -45.358205
v   -75.444576   -53.689471   -34.419158
v   -68.411922   -72.802583    -2.836425
v   -47.376511   -70.475748   -45.358205
v   -46.306240   -72.778618   -41.946931
v   -49.268666   -77.063925   -26.846320
v   -45.795596   -85.037531    -8.944253
v   -30.246439   -79.430851   -41.946931
v   -27.372938   -81.920917   -38.385991
v   -25.052735   -84.294174   -34.517429
v   -25.820057   -85.974263   -29.044589
v   -23.859927   -91.965282   -11.427536
v   -13.895143   -85.763103   -34.517429
v    -7.040340   -89.474764   -25.884869
v    -4.294501   -90.664558   -22.982731
v    -2.341756   -90.493188   -22.822364
v    10.125001   -88.851833   -22.822364
v    14.808664   -88.400875   -22.313529
v    19.904549   -89.863022   -15.759265
v    33.283924   -86.243150   -12.232991
v    51.815553   -78.567068   -12.232991
v    65.850415   -74.419822    -7.669001
v    82.692610   -61.902573   -13.649017
v    83.481033   -61.527428   -13.277187
v   110.707922   -40.635654   -13.277187
v   113.931095   -36.195105   -16.459214
v   115.650523   -34.475677   -16.459214
v   120.659744   -32.632657    -8.182056
v   117.473045   -30.957541   -18.478879
v   120.928932   -26.453689   -18.478879
v   121.739059   -27.013619   -15.624369
v   121.863705   -27.223573   -14.966170
v   124.014347   -27.856150    -7.089929
v   121.832506   -25.019576   -17.630771
v   120.546251   -22.423554   -24.100330
v   118.854556   -15.418784   -33.598481
v   118.616868   -14.590570   -34.663628
v   118.119790   -12.501725   -37.036131
v   117.574631    -6.925641   -40.967394
v   117.536800    -5.970069   -41.470049
v   117.558353    -5.746700   -41.494315
v   118.631488   -12.993980   -35.264855
v   117.738465    -2.791207   -41.998176
v   117.771322    -2.418172   -42.028773
v   118.062817     4.707175   -42.689836
v   117.928826     6.346721   -42.536703
v   117.928374     6.361642   -42.533990
v   119.630017    13.039950   -37.705484
v   119.808169    13.406354   -37.281958
v   117.835529     7.445630   -42.395779
v   118.639929    11.135738   -39.965549
v   118.721770    11.338458   -39.766145
v   121.225401    25.323280   -26.736143
v   119.385095    18.800516   -34.582239
v   119.380271    18.818904   -34.575456
v   120.444062    28.867038   -24.142381
v   114.095231    35.216020   -24.142381
v   112.771446    38.014159   -22.386327
v   110.521329    40.033221   -21.913213
v    95.287631    44.110080   -27.512508
v    68.178154    57.923080   -27.512508
v    39.729669    65.033656   -36.085532
v    38.665577    64.465588   -37.374199
v    -9.201532    68.559780   -43.476450
v   -32.498968    72.249737   -43.476450
v   -66.639139    75.039738   -46.665561
v   -66.899887    76.167585   -44.619671
v   -78.081745    79.016820   -36.534983
v   -69.231996    72.745459   -49.961533
v   -76.443255    71.603294   -49.961533
v   -78.575207    76.203005   -41.322041
v   -78.750495    76.210993   -41.174183
v   -76.864520    70.789851   -50.871438
v   -77.803966    70.311161   -50.871438
v   -79.530176    72.501442   -46.206916
v   -81.092553    72.317260   -44.565562
v   -78.074360    64.918505   -56.971729
v   -78.529237    63.957205   -57.575066
v   -82.551685    59.934606   -57.575066
v   -83.582619    57.620432   -58.779932
v   -83.298358    56.618286   -59.987812
v   -85.630920    47.902227   -63.191543
v   -91.903034    35.592672   -63.191543
v   -93.944102    27.426293   -65.652369
v   -95.561642    25.284092   -64.312758
v   -96.081178    19.209875   -65.087164
v   -97.244445    11.865681   -65.087164
v   -97.378436    10.226135   -65.240297
v   -97.262381    10.053710   -65.414983
v   -99.367504     1.792076   -59.441749
v   -96.659797     9.372752   -66.280575
v   -95.616203     2.783219   -66.280575
v   -95.473018     1.109158   -66.067154
v   -93.833472    -1.061982   -67.424851
v   -93.529920    -2.276644   -67.058900
v   -86.444212   -16.183242   -67.058900
v   -85.911563   -18.173516   -66.327299
v   -80.834367   -23.831742   -67.516941
v   -77.763573   -27.975823   -67.340447
v   -77.270714   -28.695668   -67.244136
v   -76.949829   -29.183251   -67.158225
v   -75.535008   -32.359249   -65.504662
v   -61.773103   -46.121003   -65.504662
v   -61.525770   -46.418075   -65.445730
v   -60.952275   -47.183136   -65.217387
v   -59.569408   -49.327598   -64.310347
v   -59.424565   -49.633713   -64.118328
v   -52.325896   -56.003343   -62.625735
v   -49.206719   -60.440728   -59.319514
v   -47.186150   -70.053126   -46.278208
v   -45.280129   -62.441401   -59.319514
v   -39.547748   -67.453486   -56.142009
v   -37.982659   -69.634271   -54.040050
v   -35.107199   -71.805562   -52.241795
v   -30.905543   -75.672165   -48.341129
v   -28.373576   -76.073234   -48.341129
v   -22.551365   -78.832789   -45.125944
v   -20.919657   -80.276548   -43.051868
v   -13.895143   -85.006784   -35.932249
v    -7.133486   -84.454240   -35.300576
v     2.692635   -82.897892   -35.300576
v    15.254648   -81.823551   -33.699163
v    15.901544   -82.168703   -32.915865
v    33.623348   -77.739307   -27.575359
v    72.759778   -57.798283   -27.575359
v    84.198767   -54.736983   -23.370839
v   103.491840   -37.425292   -27.427049
v   105.248044   -33.712877   -29.757049
v   118.738048   -20.222722   -29.757049
v   119.050041   -19.522471   -30.121643
v   119.657749   -19.796332   -28.798612
v   118.779798   -18.170954   -31.644079
v   117.565588   -13.890772   -36.802966
v   117.735300   -13.256235   -37.036131
v   117.055999    -3.764112   -42.922700
v   117.273038    -1.227323   -43.246148
v   117.298660    -1.065147   -43.246148
v   117.613969     2.791960   -43.606372
v   117.833871     3.118724   -43.275237
v   117.233549     2.791960   -44.069991
v   117.147185     3.946636   -43.952277
v   116.895330     5.212544   -43.952277
v   116.836097     6.049649   -43.831700
v   115.469959    15.879991   -39.965549
v   114.780410    18.727869   -38.852172
v   115.147717    19.095327   -38.289831
v   102.521798    21.696022   -43.644806
v    72.066159    42.045802   -43.644806
v    46.139542    47.938249   -52.140058
v    39.721078    53.841247   -49.083733
v    -9.313518    57.313563   -56.146229
v   -30.683832    61.564354   -56.146229
v   -68.039339    64.357822   -59.951790
v   -68.972756    65.193571   -59.113478
v   -69.231996    66.340862   -57.765427
v   -76.566695    68.729341   -53.439728
v   -76.372717    63.721628   -59.113478
v   -76.955104    64.819029   -57.749300
v   -76.410699    63.545133   -59.252142
v   -77.339745    61.471661   -60.585120
v   -78.753208    60.527242   -60.585120
v   -80.031475    57.638217   -62.097307
v   -80.894656    56.775187   -62.097307
v   -82.204725    51.363842   -64.212981
v   -82.434273    50.763971   -64.370183
v   -85.480048    46.205558   -64.370183
v   -86.768112    40.538439   -66.227220
v   -89.075956    35.153922   -66.733040
v   -92.816104    28.547810   -66.298511
v   -93.837843    27.436844   -65.769479
v   -94.433493    19.025845   -66.980977
v   -95.035625    15.998759   -66.980977
v   -95.531046     9.372752   -67.655906
v   -94.863350     8.627133   -68.325712
v   -94.648573     5.754688   -68.033011
v   -93.995196     2.469869   -68.033011
v   -93.744396    -1.070874   -67.523121
v   -92.745415    -2.157122   -68.040396
v   -88.277435   -10.048586   -68.559480
v   -86.761179   -13.586315   -68.226989
v   -86.367344   -15.319006   -67.659373
v   -82.110223   -21.690295   -67.659373
v   -68.071895   -38.061185   -67.158225
v   -57.506185   -50.706245   -64.310347
v   -53.878927   -53.952178   -63.555686
v   -52.214663   -55.993546   -62.703055
v   -50.158825   -57.464737   -62.211101
v   -46.724190   -60.623703   -60.575474
v   -39.525894   -67.457706   -56.142009
v   -34.020197   -70.882243   -53.523076
v   -33.664344   -71.335613   -53.092767
v   -12.174207   -78.056726   -44.068785
v    -1.118050   -75.857552   -44.068785
v    15.967560   -74.647712   -41.607959
v    29.461332   -62.237476   -48.033356
v    32.882101   -60.300708   -48.258383
v    52.009230   -55.953605   -41.991092
v    99.007883   -24.550080   -41.991092
v   105.956133   -22.867729   -39.274493
v   114.749210   -14.074652   -39.274493
v   115.539593   -10.810180   -40.550800
v   117.285548    -8.197126   -40.550800
v   116.503003    -2.991666   -43.717303
v   116.648750    -0.933115   -44.013771
v   116.849210     0.074155   -44.013771
v   117.035953     2.571304   -44.268189
v   116.518075     2.571304   -44.693223
v   116.244516     2.826626   -44.875897
v   116.210302     3.315415   -44.824200
v   115.462273     6.107074   -44.824200
v   114.679728     6.569186   -45.176284
v   114.174058     6.543864   -45.450145
v   104.229772     8.998058   -49.314186
v    92.391673    20.836157   -49.314186
v    67.874299    26.385111   -57.364961
v    59.008424    31.473310   -57.986083
v    46.283782    44.481910   -54.637057
v     0.703265    47.006641   -61.715681
v   -21.431959    52.937673   -61.715681
v   -62.407338    55.804542   -66.051931
v   -63.363514    56.338397   -65.769781
v   -68.039339    61.345959   -62.423468
v   -69.950183    61.212270   -62.221350
v   -76.874317    59.356891   -62.221350
v   -77.429424    59.326144   -62.135138
v   -79.153373    57.563760   -62.588809
v   -80.184910    53.383657   -64.212981
v   -83.433706    46.348442   -65.820122
v   -93.231190    21.055457   -67.462079
v   -94.055485    17.978935   -67.462079
v   -94.709765     8.627133   -68.451715
v   -93.993538     7.958233   -68.930405
v   -93.672050     3.364701   -68.444329
v   -92.889354     0.443723   -68.444329
v   -68.271149   -37.695384   -67.244136
v   -47.382842   -58.208546   -62.211101
v   -46.113316   -60.403047   -60.856268
v   -18.000639   -69.761329   -51.827764
v     5.028212   -63.590802   -51.827764
v    58.935776   -33.665399   -55.115446
v    67.228911   -28.905773   -54.534416
v    89.892865   -23.776428   -47.092253
v   108.337227    -5.331915   -47.092253
v   114.936406    -3.703372   -44.528183
v   115.626559    -3.028291   -44.350483
v   115.649468    -2.615164   -44.414690
v   116.333894    -0.060891   -44.414690
v   113.720689     2.826626   -46.225003
v   112.943570     3.071699   -46.605273
v   107.689729     3.071699   -48.879053
v   102.543050     5.256705   -50.714838
v   101.038551     8.889087   -50.714838
v    74.693833    19.565427   -57.364961
v    16.977241    33.799541   -64.514122
v    -7.709090    44.024923   -64.514122
v   -55.396389    47.649769   -69.406534
v   -67.475792    56.025801   -65.347912
v   -80.096587    50.798034   -65.347912
v   -80.854715    48.927433   -65.820122
v   -89.494810    27.585153   -67.908515
v   -92.755514    19.713284   -67.908515
v   -93.648989     7.958233   -69.114587
v   -92.956877     7.363185   -69.399299
v   -92.511798     1.509021   -68.798675
v   -88.362592    -8.507913   -68.798675
v   -68.425939   -37.313607   -67.340447
v   -52.101924   -50.321454   -65.445730
v   -50.994575   -52.929986   -64.515328
v   -47.382842   -57.130738   -62.787158
v   -19.235196   -54.991250   -59.899490
v    28.134382   -35.370057   -59.899490
v    81.862286   -14.272398   -54.534416
v   104.266397    -5.192950   -48.879053
v    76.412809     5.256705   -58.641419
v    71.374499     7.669903   -59.866482
v    26.692733     7.669903   -67.212937
v    23.157566     8.556295   -67.648370
v     2.073321    29.640690   -67.648370
v   -49.643208    36.497150   -72.066764
v   -55.396389    42.791872   -70.880135
v   -57.748997    42.479879   -70.679224
v   -85.818418    14.410458   -70.679224
v   -86.702548     7.741948   -71.248950
v   -87.117032     7.363185   -71.170726
v   -86.091826    -0.369870   -70.510115
v   -53.353814   -33.107881   -70.510115
v   -52.101924   -33.273826   -70.616976
v   -50.457706   -31.474666   -70.956250
v    -6.642888   -25.665869   -67.212937
v   -49.643208     8.556295   -74.818632
v   -50.457706     7.741948   -74.818632
f      1      2      3
f      1      3      4
f      1      4      5
f      1      5      6
f      1      6      7
f      5      8      9
f      5      9      6
f     10     11     12
f     10     12     13
f      7      6      9
f      7      9     14
f      7     14     10
f      7     10     13
f      7     13     15
f     16     17     18
f     16     18     19
f     16     19     20
f     16     20      2
f     16      2      1
f     20     21     22
f     20     22     23
f     20     23      3
f     20      3      2
f     19     24     25
f     19     25     21
f     19     21     20
f     25     26     27
f     25     27     28
f     25     28     22
f     25     22     21
f      3     23     29
f      3     29      4
f      4     29     30
f      4     30      8
f      4      8      5
f     12     11     31
f     12     31     32
f     12     32     33
f     33     32     34
f     33     34     35
f     36     37     38
f     36     38     39
f     40     41     42
f     40     42     36
f     40     36     39
f     40     39     43
f     15     13     12
f     15     12     33
f     15     33     35
f     15     35     41
f     15     41     40
f     44     16      1
f     44      1      7
f     44      7     15
f     44     15     40
f     44     40     43
f     44     43     45
f     44     45     46
f     47     48     49
f     47     49     50
f     47     50     51
f     47     51     52
f     44     52     51
f     44     51     53
f     44     53     17
f     44     17     16
f     53     54     55
f     53     55     56
f     53     56     18
f     53     18     17
f     18     56     57
f     18     57     58
f     18     58     24
f     18     24     19
f     55     59     60
f     55     60     57
f     55     57     56
f     57     60     61
f     57     61     62
f     57     62     63
f     57     63     58
f     58     63     64
f     58     64     26
f     58     26     25
f     58     25     24
f     64     65     66
f     64     66     27
f     64     27     26
f     22     28     67
f     22     67     30
f     22     30     29
f     22     29     23
f      9      8     30
f      9     30     67
f      9     67     68
f      9     68     14
f     69     70     34
f     69     34     32
f     69     32     31
f     35     34     70
f     35     70     71
f     35     71     42
f     35     42     41
f     72     73     74
f     72     74     75
f     72     75     76
f     38     37     76
f     38     76     75
f     38     75     77
f     38     77     78
f     75     74     79
f     75     79     80
f     75     80     77
f     78     77     80
f     78     80     81
f     78     81     82
f     78     82     83
f     43     39     38
f     43     38     78
f     43     78     83
f     43     83     84
f     43     84     45
f     45     84     85
f     45     85     86
f     45     86     87
f     45     87     46
f     46     87     88
f     46     88     47
f     46     47     52
f     46     52     44
f     88     89     90
f     88     90     91
f     88     91     48
f     88     48     47
f     92     93     94
f     92     94     95
f     92     95     96
f     92     96     97
f     91     97     96
f     91     96     98
f     91     98     99
f     91     99     49
f     91     49     48
f     49     99    100
f     49    100    101
f     49    101     50
f     51     50    101
f     51    101    102
f     51    102    103
f     51    103     54
f     51     54     53
f    103    104    105
f    103    105     59
f    103     59     55
f    103     55     54
f    105    106    107
f    105    107     61
f    105     61     60
f    105     60     59
f    108    109    110
f    108    110    107
f    108    107    106
f    110    109    111
f    110    111    112
f    110    112    113
f    110    113    114
f     61    107    110
f     61    110    114
f     61    114    115
f     61    115     62
f    114    113    116
f    114    116    117
f    114    117    118
f    114    118    119
f    114    119    115
f     62    115    119
f     62    119     65
f     62     65     64
f     62     64     63
f     66     65    119
f     66    119    118
f     66    118    120
f     66    120    121
f     67     28     27
f     67     27     66
f     67     66    121
f     67    121    122
f     67    122     68
f     14     68    122
f     14    122    123
f     14    123    124
f     14    124     69
f     14     69     31
f     14     31     11
f     14     11     10
f    124    125    126
f    124    126     71
f    124     71     70
f    124     70     69
f     42     71    126
f     42    126     72
f     42     72     76
f     42     76     37
f     42     37     36
f    127    128    129
f    127    129    130
f    127    130    131
f    131    130     79
f    131     79     74
f    131     74     73
f    129    128    132
f    129    132    133
f    129    133    134
f    129    134    135
f     80     79    130
f     80    130    129
f     80    129    135
f     80    135    136
f     80    136     81
f    135    134    137
f    135    137    138
f    135    138    136
f     81    136    138
f     81    138    139
f     81    139    140
f     81    140     82
f     83     82    140
f     83    140    141
f     83    141     85
f     83     85     84
f     85    141    142
f     85    142    143
f     85    143    144
f     85    144     86
f     87     86    144
f     87    144    145
f     87    145    146
f     87    146     89
f     87     89     88
f    146    147    148
f    146    148     90
f    146     90     89
f     90    148    149
f     90    149    150
f     90    150     92
f     90     92     97
f     90     97     91
f    150    151    152
f    150    152    153
f    150    153     93
f    150     93     92
f    153    154    155
f    153    155    156
f    153    156    157
f    153    157    158
f    153    158     94
f    153     94     93
f     94    158    159
f     94    159     95
f     96     95    159
f     96    159    160
f     96    160    161
f     96    161    162
f     96    162    163
f     96    163     98
f     98    163    164
f     98    164    165
f     98    165    100
f     98    100     99
f    101    100    165
f    101    165    166
f    101    166    167
f    101    167    168
f    101    168    102
f    102    168    169
f    102    169    104
f    102    104    103
f    169    170    171
f    169    171    172
f    169    172    108
f    169    108    106
f    169    106    105
f    169    105    104
f    172    173    111
f    172    111    109
f    172    109    108
f    174    175    112
f    174    112    111
f    174    111    173
f    176    177    178
f    176    178    179
f    176    179    175
f    176    175    174
f    112    175    179
f    112    179    116
f    112    116    113
f    180    181    182
f    180    182    183
f    180    183    184
f    117    116    179
f    117    179    178
f    117    178    180
f    117    180    184
f    117    184    185
f    185    184    183
f    185    183    186
f    185    186    187
f    185    187    188
f    185    188    189
f    120    118    117
f    120    117    185
f    120    185    189
f    120    189    190
f    190    189    188
f    190    188    191
f    190    191    192
f    190    192    193
f    190    193    194
f    122    121    120
f    122    120    190
f    122    190    194
f    122    194    195
f    122    195    123
f    194    193    196
f    194    196    197
f    194    197    198
f    194    198    199
f    194    199    195
f    123    195    199
f    123    199    200
f    123    200    125
f    123    125    124
f    126    125    200
f    126    200    201
f    126    201    202
f    126    202    127
f    126    127    131
f    126    131     73
f    126     73     72
f    201    203    204
f    201    204    205
f    201    205    202
f    202    205    206
f    202    206    132
f    202    132    128
f    202    128    127
f    204    207    208
f    204    208    209
f    204    209    210
f    204    210    206
f    204    206    205
f    206    210    211
f    206    211    133
f    206    133    132
f    209    212    213
f    209    213    214
f    209    214    211
f    209    211    210
f    133    211    214
f    133    214    215
f    133    215    137
f    133    137    134
f    215    214    213
f    215    213    216
f    215    216    217
f    138    137    215
f    138    215    217
f    138    217    218
f    138    218    219
f    138    219    220
f    138    220    139
f    140    139    220
f    140    220    221
f    140    221    142
f    140    142    141
f    142    221    222
f    142    222    223
f    142    223    224
f    142    224    143
f    144    143    224
f    144    224    225
f    144    225    226
f    144    226    145
f    145    226    227
f    145    227    228
f    145    228    147
f    145    147    146
f    228    229    230
f    228    230    231
f    228    231    149
f    228    149    148
f    228    148    147
f    149    231    232
f    149    232    233
f    149    233    151
f    149    151    150
f    233    234    235
f    233    235    152
f    233    152    151
f    152    235    236
f    152    236    154
f    152    154    153
f    156    237    238
f    156    238    239
f    156    239    240
f    156    240    157
f    159    158    157
f    159    157    240
f    159    240    241
f    159    241    160
f    160    241    242
f    160    242    243
f    160    243    244
f    160    244    245
f    160    245    161
f    161    245    246
f    161    246    162
f    162    246    247
f    162    247    248
f    162    248    249
f    162    249    250
f    162    250    164
f    162    164    163
f    165    164    250
f    165    250    251
f    165    251    252
f    165    252    253
f    165    253    166
f    166    253    254
f    166    254    255
f    166    255    256
f    166    256    167
f    167    256    257
f    167    257    170
f    167    170    169
f    167    169    168
f    257    258    259
f    257    259    260
f    257    260    171
f    257    171    170
f    171    260    261
f    171    261    176
f    171    176    174
f    171    174    173
f    171    173    172
f    261    262    263
f    261    263    177
f    261    177    176
f    264    265    266
f    264    266    182
f    264    182    181
f    178    177    263
f    178    263    264
f    178    264    181
f    178    181    180
f    186    267    268
f    186    268    269
f    186    269    270
f    186    270    187
f    183    182    266
f    183    266    267
f    183    267    186
f    271    272    273
f    271    273    274
f    188    187    270
f    188    270    271
f    188    271    274
f    188    274    275
f    188    275    191
f    274    273    276
f    274    276    277
f    274    277    278
f    274    278    279
f    274    279    280
f    274    280    281
f    274    281    275
f    191    275    281
f    191    281    282
f    191    282    192
f    281    280    283
f    281    283    284
f    281    284    285
f    281    285    282
f    192    282    285
f    192    285    286
f    192    286    287
f    192    287    196
f    192    196    193
f    196    287    288
f    196    288    289
f    196    289    290
f    196    290    291
f    196    291    197
f    197    291    292
f    197    292    293
f    197    293    294
f    197    294    295
f    197    295    198
f    199    198    295
f    199    295    296
f    199    296    297
f    199    297    298
f    199    298    203
f    199    203    201
f    199    201    200
f    297    299    300
f    297    300    301
f    297    301    302
f    297    302    298
f    298    302    303
f    298    303    304
f    298    304    207
f    298    207    204
f    298    204    203
f    303    305    306
f    303    306    307
f    303    307    308
f    303    308    309
f    303    309    304
f    304    309    310
f    304    310    208
f    304    208    207
f    308    311    312
f    308    312    313
f    308    313    314
f    308    314    310
f    308    310    309
f    208    310    314
f    208    314    315
f    208    315    212
f    208    212    209
f    314    313    316
f    314    316    317
f    314    317    315
f    213    212    315
f    213    315    317
f    213    317    318
f    213    318    319
f    213    319    216
f    217    216    319
f    217    319    320
f    217    320    321
f    217    321    218
f    218    321    322
f    218    322    323
f    218    323    324
f    218    324    325
f    218    325    219
f    220    219    325
f    220    325    326
f    220    326    222
f    220    222    221
f    222    326    327
f    222    327    328
f    222    328    329
f    222    329    223
f    224    223    329
f    224    329    330
f    224    330    331
f    224    331    225
f    225    331    332
f    225    332    333
f    225    333    227
f    225    227    226
f    227    333    334
f    227    334    335
f    227    335    336
f    227    336    229
f    227    229    228
f    336    337    338
f    336    338    230
f    336    230    229
f    230    338    339
f    230    339    340
f    230    340    232
f    230    232    231
f    232    340    341
f    232    341    342
f    232    342    234
f    232    234    233
f    342    343    344
f    342    344    236
f    342    236    235
f    342    235    234
f    236    344    345
f    236    345    155
f    236    155    154
f    238    346    347
f    238    347    348
f    238    348    239
f    240    239    348
f    240    348    349
f    240    349    242
f    240    242    241
f    243    350    351
f    243    351    352
f    243    352    244
f    244    352    353
f    244    353    247
f    244    247    246
f    244    246    245
f    248    354    355
f    248    355    356
f    248    356    357
f    248    357    249
f    250    249    357
f    250    357    358
f    250    358    251
f    251    358    359
f    251    359    360
f    251    360    361
f    251    361    362
f    251    362    252
f    252    362    363
f    252    363    364
f    252    364    254
f    252    254    253
f    254    364    365
f    254    365    366
f    254    366    367
f    254    367    255
f    255    367    368
f    255    368    258
f    255    258    257
f    255    257    256
f    368    369    370
f    368    370    371
f    368    371    259
f    368    259    258
f    259    371    372
f    259    372    262
f    259    262    261
f    259    261    260
f    372    373    374
f    372    374    375
f    372    375    265
f    372    265    264
f    372    264    263
f    372    263    262
f    268    375    374
f    268    374    376
f    268    376    377
f    268    377    269
f    266    265    375
f    266    375    268
f    266    268    267
f    378    379    276
f    378    276    273
f    378    273    272
f    270    269    377
f    270    377    378
f    270    378    272
f    270    272    271
f    277    380    381
f    277    381    382
f    277    382    383
f    277    383    384
f    277    384    385
f    277    385    278
f    276    379    386
f    276    386    380
f    276    380    277
f    278    385    387
f    278    387    388
f    278    388    389
f    278    389    279
f    279    389    390
f    279    390    283
f    279    283    280
f    283    390    391
f    283    391    392
f    283    392    393
f    283    393    284
f    285    284    393
f    285    393    394
f    285    394    395
f    285    395    286
f    286    395    396
f    286    396    397
f    286    397    288
f    286    288    287
f    288    397    398
f    288    398    399
f    288    399    400
f    288    400    401
f    288    401    289
f    289    401    402
f    289    402    403
f    289    403    404
f    289    404    290
f    290    404    405
f    290    405    406
f    290    406    407
f    290    407    408
f    290    408    292
f    290    292    291
f    292    408    409
f    292    409    293
f    295    294    410
f    295    410    411
f    295    411    412
f    295    412    413
f    295    413    414
f    295    414    296
f    296    414    415
f    296    415    416
f    296    416    417
f    296    417    299
f    296    299    297
f    417    418    419
f    417    419    300
f    417    300    299
f    301    420    421
f    301    421    305
f    301    305    303
f    301    303    302
f    421    422    306
f    421    306    305
f    307    423    311
f    307    311    308
f    424    425    312
f    424    312    311
f    424    311    423
f    312    425    426
f    312    426    427
f    312    427    316
f    312    316    313
f    317    316    427
f    317    427    428
f    317    428    318
f    319    318    428
f    319    428    429
f    319    429    430
f    319    430    320
f    320    430    431
f    320    431    322
f    320    322    321
f    323    432    433
f    323    433    434
f    323    434    435
f    323    435    324
f    325    324    435
f    325    435    436
f    325    436    327
f    325    327    326
f    327    436    437
f    327    437    438
f    327    438    439
f    327    439    328
f    329    328    439
f    329    439    440
f    329    440    441
f    329    441    330
f    330    441    442
f    330    442    443
f    330    443    332
f    330    332    331
f    332    443    444
f    332    444    445
f    332    445    446
f    332    446    334
f    332    334    333
f    334    446    447
f    334    447    448
f    334    448    335
f    335    448    449
f    335    449    450
f    335    450    337
f    335    337    336
f    450    451    452
f    450    452    453
f    450    453    339
f    450    339    338
f    450    338    337
f    339    453    454
f    339    454    341
f    339    341    340
f    341    454    455
f    341    455    456
f    341    456    457
f    341    457    343
f    341    343    342
f    457    458    345
f    457    345    344
f    457    344    343
f    155    345    458
f    155    458    459
f    155    459    237
f    155    237    156
f    348    347    460
f    348    460    349
f    242    349    460
f    242    460    461
f    242    461    350
f    242    350    243
f    351    462    463
f    351    463    464
f    351    464    353
f    351    353    352
f    247    353    464
f    247    464    354
f    247    354    248
f    355    465    466
f    355    466    467
f    355    467    356
f    357    356    467
f    357    467    468
f    357    468    359
f    357    359    358
f    359    468    469
f    359    469    470
f    359    470    471
f    359    471    360
f    360    471    472
f    360    472    473
f    360    473    474
f    360    474    361
f    361    474    475
f    361    475    476
f    361    476    477
f    361    477    363
f    361    363    362
f    363    477    478
f    363    478    479
f    363    479    365
f    363    365    364
f    365    479    480
f    365    480    481
f    365    481    482
f    365    482    366
f    366    482    483
f    366    483    484
f    366    484    369
f    366    369    368
f    366    368    367
f    484    485    486
f    484    486    370
f    484    370    369
f    370    486    487
f    370    487    488
f    370    488    373
f    370    373    372
f    370    372    371
f    488    489    490
f    488    490    376
f    488    376    374
f    488    374    373
f    490    489    491
f    490    491    492
f    377    376    490
f    377    490    492
f    377    492    493
f    377    493    494
f    377    494    386
f    377    386    379
f    377    379    378
f    493    382    381
f    493    381    494
f    494    381    380
f    494    380    386
f    495    496    497
f    495    497    498
f    384    498    497
f    384    497    387
f    384    387    385
f    387    497    496
f    387    496    499
f    387    499    500
f    387    500    501
f    387    501    502
f    387    502    388
f    388    502    391
f    388    391    390
f    388    390    389
f    391    502    501
f    391    501    503
f    391    503    504
f    391    504    392
f    393    392    504
f    393    504    505
f    393    505    394
f    394    505    506
f    394    506    507
f    394    507    508
f    394    508    396
f    394    396    395
f    396    508    509
f    396    509    398
f    396    398    397
f    398    509    510
f    398    510    511
f    398    511    399
f    400    512    513
f    400    513    402
f    400    402    401
f    402    513    514
f    402    514    515
f    402    515    516
f    402    516    403
f    403    516    517
f    403    517    518
f    403    518    405
f    403    405    404
f    405    518    519
f    405    519    406
f    407    520    521
f    407    521    522
f    407    522    523
f    407    523    409
f    407    409    408
f    293    409    523
f    293    523    410
f    293    410    294
f    412    524    413
f    415    525    526
f    415    526    416
f    416    526    527
f    416    527    418
f    416    418    417
f    300    419    528
f    300    528    420
f    300    420    301
f    528    529    530
f    528    530    531
f    528    531    422
f    528    422    421
f    528    421    420
f    306    422    531
f    306    531    532
f    306    532    424
f    306    424    423
f    306    423    307
f    532    533    426
f    532    426    425
f    532    425    424
f    428    427    426
f    428    426    533
f    428    533    534
f    428    534    429
f    429    534    535
f    429    535    536
f    429    536    431
f    429    431    430
f    322    431    536
f    322    536    537
f    322    537    432
f    322    432    323
f    537    538    539
f    537    539    540
f    537    540    433
f    537    433    432
f    433    540    541
f    433    541    542
f    433    542    434
f    435    434    542
f    435    542    543
f    435    543    544
f    435    544    437
f    435    437    436
f    437    544    545
f    437    545    546
f    437    546    438
f    439    438    546
f    439    546    547
f    439    547    548
f    439    548    549
f    439    549    440
f    440    549    550
f    440    550    551
f    440    551    442
f    440    442    441
f    442    551    552
f    442    552    444
f    442    444    443
f    444    552    553
f    444    553    554
f    444    554    555
f    444    555    445
f    445    555    556
f    445    556    557
f    445    557    447
f    445    447    446
f    447    557    558
f    447    558    559
f    447    559    449
f    447    449    448
f    449    559    560
f    449    560    451
f    449    451    450
f    560    561    562
f    560    562    452
f    560    452    451
f    452    562    563
f    452    563    455
f    452    455    454
f    452    454    453
f    455    563    564
f    455    564    565
f    455    565    456
f    456    565    566
f    456    566    567
f    456    567    459
f    456    459    458
f    456    458    457
f    459    567    568
f    459    568    346
f    459    346    238
f    459    238    237
f    461    569    462
f    461    462    351
f    461    351    350
f    570    463    462
f    570    462    569
f    464    463    570
f    464    570    571
f    464    571    465
f    464    465    355
f    464    355    354
f    572    573    574
f    572    574    466
f    572    466    465
f    572    465    571
f    467    466    574
f    467    574    575
f    467    575    469
f    467    469    468
f    469    575    576
f    469    576    577
f    469    577    470
f    470    577    578
f    470    578    579
f    470    579    472
f    470    472    471
f    472    579    580
f    472    580    581
f    472    581    473
f    473    581    582
f    473    582    475
f    473    475    474
f    476    583    584
f    476    584    478
f    476    478    477
f    478    584    585
f    478    585    480
f    478    480    479
f    481    586    587
f    481    587    483
f    481    483    482
f    483    587    588
f    483    588    589
f    483    589    485
f    483    485    484
f    589    590    591
f    589    591    487
f    589    487    486
f    589    486    485
f    487    591    592
f    487    592    491
f    487    491    489
f    487    489    488
f    492    491    592
f    492    592    593
f    492    593    383
f    492    383    382
f    492    382    493
f    383    593    594
f    383    594    595
f    383    595    596
f    383    596    495
f    383    495    498
f    383    498    384
f    596    597    499
f    596    499    496
f    596    496    495
f    595    598    599
f    595    599    600
f    595    600    597
f    595    597    596
f    499    597    600
f    499    600    601
f    499    601    500
f    599    602    603
f    599    603    601
f    599    601    600
f    500    601    603
f    500    603    604
f    500    604    503
f    500    503    501
f    604    603    602
f    604    602    605
f    604    605    606
f    604    606    607
f    504    503    604
f    504    604    607
f    504    607    608
f    504    608    506
f    504    506    505
f    506    608    609
f    506    609    610
f    506    610    611
f    506    611    507
f    507    611    612
f    507    612    510
f    507    510    509
f    507    509    508
f    510    612    613
f    510    613    614
f    510    614    615
f    510    615    511
f    399    511    615
f    399    615    616
f    399    616    512
f    399    512    400
f    616    617    618
f    616    618    619
f    616    619    514
f    616    514    513
f    616    513    512
f    514    619    620
f    514    620    515
f    515    620    621
f    515    621    622
f    515    622    517
f    515    517    516
f    517    622    623
f    517    623    624
f    517    624    519
f    517    519    518
f    406    519    624
f    406    624    625
f    406    625    520
f    406    520    407
f    625    626    521
f    625    521    520
f    410    523    522
f    410    522    627
f    410    627    411
f    411    627    628
f    411    628    629
f    411    629    630
f    411    630    524
f    411    524    412
f    413    524    630
f    413    630    631
f    413    631    525
f    413    525    415
f    413    415    414
f    631    632    633
f    631    633    634
f    631    634    527
f    631    527    526
f    631    526    525
f    527    634    529
f    527    529    528
f    527    528    419
f    527    419    418
f    633    635    636
f    633    636    530
f    633    530    529
f    633    529    634
f    530    636    637
f    530    637    535
f    530    535    534
f    530    534    533
f    530    533    532
f    530    532    531
f    637    636    635
f    637    635    638
f    637    638    639
f    637    639    640
f    536    535    637
f    536    637    640
f    536    640    538
f    536    538    537
f    640    639    641
f    640    641    642
f    640    642    539
f    640    539    538
f    539    642    643
f    539    643    541
f    539    541    540
f    542    541    643
f    542    643    644
f    542    644    645
f    542    645    543
f    543    645    646
f    543    646    647
f    543    647    648
f    543    648    545
f    543    545    544
f    546    545    648
f    546    648    649
f    546    649    547
f    547    649    650
f    547    650    651
f    547    651    548
f    548    651    652
f    548    652    653
f    548    653    550
f    548    550    549
f    550    653    654
f    550    654    655
f    550    655    553
f    550    553    552
f    550    552    551
f    553    655    656
f    553    656    554
f    554    656    657
f    554    657    658
f    554    658    556
f    554    556    555
f    556    658    659
f    556    659    660
f    556    660    558
f    556    558    557
f    659    661    662
f    659    662    663
f    659    663    664
f    659    664    660
f    558    660    664
f    558    664    665
f    558    665    561
f    558    561    560
f    558    560    559
f    664    663    666
f    664    666    665
f    665    666    667
f    665    667    564
f    665    564    563
f    665    563    562
f    665    562    561
f    564    667    668
f    564    668    566
f    564    566    565
f    566    668    568
f    566    568    567
f    669    670    671
f    669    671    672
f    673    674    675
f    673    675    676
f    673    676    670
f    673    670    669
f    672    671    677
f    672    677    573
f    672    573    572
f    676    678    679
f    676    679    680
f    676    680    677
f    676    677    671
f    676    671    670
f    574    573    677
f    574    677    680
f    574    680    681
f    574    681    576
f    574    576    575
f    576    681    682
f    576    682    683
f    576    683    578
f    576    578    577
f    578    683    684
f    578    684    685
f    578    685    580
f    578    580    579
f    580    685    686
f    580    686    687
f    580    687    582
f    580    582    581
f    475    582    687
f    475    687    583
f    475    583    476
f    480    585    688
f    480    688    689
f    480    689    586
f    480    586    481
f    689    690    691
f    689    691    588
f    689    588    587
f    689    587    586
f    588    691    692
f    588    692    693
f    588    693    590
f    588    590    589
f    693    694    695
f    693    695    594
f    693    594    593
f    693    593    592
f    693    592    591
f    693    591    590
f    594    695    696
f    594    696    598
f    594    598    595
f    697    698    699
f    697    699    696
f    697    696    695
f    697    695    694
f    696    699    700
f    696    700    605
f    696    605    602
f    696    602    599
f    696    599    598
f    701    702    703
f    701    703    700
f    701    700    699
f    701    699    698
f    605    700    703
f    605    703    704
f    605    704    606
f    704    703    702
f    704    702    705
f    704    705    706
f    704    706    707
f    607    606    704
f    607    704    707
f    607    707    609
f    607    609    608
f    609    707    706
f    609    706    708
f    609    708    709
f    609    709    610
f    610    709    710
f    610    710    613
f    610    613    612
f    610    612    611
f    613    710    711
f    613    711    712
f    613    712    713
f    613    713    614
f    615    614    713
f    615    713    714
f    615    714    617
f    615    617    616
f    714    715    716
f    714    716    717
f    714    717    718
f    714    718    618
f    714    618    617
f    618    718    719
f    618    719    621
f    618    621    620
f    618    620    619
f    621    719    720
f    621    720    623
f    621    623    622
f    720    719    718
f    720    718    717
f    720    717    721
f    720    721    722
f    720    722    723
f    720    723    724
f    624    623    720
f    624    720    724
f    624    724    725
f    624    725    626
f    624    626    625
f    725    724    723
f    725    723    726
f    725    726    727
f    725    727    728
f    725    728    729
f    522    521    626
f    522    626    725
f    522    725    729
f    522    729    628
f    522    628    627
f    628    729    728
f    628    728    730
f    628    730    731
f    628    731    732
f    628    732    733
f    628    733    629
f    629    733    734
f    629    734    632
f    629    632    631
f    629    631    630
f    732    735    736
f    732    736    737
f    732    737    734
f    732    734    733
f    734    737    738
f    734    738    638
f    734    638    635
f    734    635    633
f    734    633    632
f    736    739    740
f    736    740    741
f    736    741    742
f    736    742    738
f    736    738    737
f    738    742    743
f    738    743    641
f    738    641    639
f    738    639    638
f    743    742    741
f    743    741    744
f    743    744    745
f    643    642    641
f    643    641    743
f    643    743    745
f    643    745    746
f    643    746    644
f    644    746    747
f    644    747    646
f    644    646    645
f    646    747    748
f    646    748    749
f    646    749    750
f    646    750    647
f    648    647    750
f    648    750    751
f    648    751    650
f    648    650    649
f    650    751    752
f    650    752    753
f    650    753    652
f    650    652    651
f    652    753    754
f    652    754    755
f    652    755    654
f    652    654    653
f    654    755    756
f    654    756    657
f    654    657    656
f    654    656    655
f    657    756    757
f    657    757    758
f    657    758    759
f    657    759    661
f    657    661    659
f    657    659    658
f    758    760    761
f    758    761    762
f    758    762    763
f    758    763    759
f    662    661    759
f    662    759    763
f    662    763    764
f    765    762    761
f    765    761    766
f    764    763    762
f    764    762    765
f    767    768    769
f    767    769    770
f    767    770    771
f    767    771    772
f    767    772    773
f    773    772    774
f    773    774    775
f    776    777    778
f    776    778    779
f    776    779    780
f    778    781    782
f    778    782    783
f    778    783    779
f    675    784    678
f    675    678    676
f    785    786    784
f    785    784    675
f    785    675    674
f    680    679    787
f    680    787    682
f    680    682    681
f    682    787    788
f    682    788    789
f    682    789    684
f    682    684    683
f    684    789    790
f    684    790    686
f    684    686    685
f    687    686    790
f    687    790    791
f    687    791    792
f    687    792    688
f    687    688    585
f    687    585    584
f    687    584    583
f    688    792    793
f    688    793    690
f    688    690    689
f    793    794    795
f    793    795    796
f    793    796    692
f    793    692    691
f    793    691    690
f    692    796    797
f    692    797    798
f    692    798    697
f    692    697    694
f    692    694    693
f    798    799    701
f    798    701    698
f    798    698    697
f    797    800    801
f    797    801    802
f    797    802    799
f    797    799    798
f    802    803    705
f    802    705    702
f    802    702    701
f    802    701    799
f    801    804    805
f    801    805    806
f    801    806    803
f    801    803    802
f    706    705    803
f    706    803    806
f    706    806    807
f    706    807    708
f    806    805    808
f    806    808    809
f    806    809    810
f    806    810    807
f    708    807    810
f    708    810    811
f    708    811    711
f    708    711    710
f    708    710    709
f    711    811    812
f    711    812    813
f    711    813    814
f    711    814    712
f    713    712    814
f    713    814    815
f    713    815    816
f    713    816    715
f    713    715    714
f    816    817    818
f    816    818    716
f    816    716    715
f    716    818    819
f    716    819    721
f    716    721    717
f    721    819    820
f    721    820    821
f    721    821    722
f    821    820    822
f    821    822    823
f    821    823    824
f    723    722    821
f    723    821    824
f    723    824    825
f    723    825    826
f    723    826    726
f    726    826    827
f    726    827    828
f    726    828    727
f    728    727    828
f    728    828    829
f    728    829    830
f    728    830    831
f    728    831    832
f    728    832    833
f    728    833    730
f    730    833    834
f    730    834    835
f    730    835    836
f    730    836    837
f    730    837    838
f    730    838    731
f    731    838    839
f    731    839    840
f    731    840    841
f    731    841    735
f    731    735    732
f    840    842    843
f    840    843    844
f    840    844    841
f    841    844    845
f    841    845    846
f    841    846    739
f    841    739    736
f    841    736    735
f    846    847    848
f    846    848    849
f    846    849    740
f    846    740    739
f    740    849    850
f    740    850    744
f    740    744    741
f    745    744    850
f    745    850    851
f    745    851    748
f    745    748    747
f    745    747    746
f    748    851    852
f    748    852    853
f    748    853    854
f    748    854    749
f    750    749    854
f    750    854    855
f    750    855    752
f    750    752    751
f    752    855    856
f    752    856    857
f    752    857    754
f    752    754    753
f    754    857    858
f    754    858    757
f    754    757    756
f    754    756    755
f    757    858    859
f    757    859    860
f    757    860    760
f    757    760    758
f    766    761    760
f    766    760    860
f    766    860    861
f    766    861    862
f    863    864    865
f    863    865    769
f    863    769    768
f    862    861    863
f    862    863    768
f    862    768    767
f    771    866    867
f    771    867    868
f    771    868    774
f    771    774    772
f    775    774    868
f    775    868    869
f    775    869    870
f    870    869    871
f    870    871    872
f    870    872    777
f    870    777    776
f    872    873    874
f    872    874    781
f    872    781    778
f    872    778    777
f    780    779    783
f    780    783    785
f    780    785    674
f    780    674    673
f    783    782    875
f    783    875    876
f    783    876    877
f    783    877    786
f    783    786    785
f    877    788    787
f    877    787    679
f    877    679    678
f    877    678    784
f    877    784    786
f    790    789    788
f    790    788    877
f    790    877    876
f    790    876    878
f    790    878    879
f    790    879    791
f    791    879    880
f    791    880    881
f    791    881    794
f    791    794    793
f    791    793    792
f    881    882    883
f    881    883    795
f    881    795    794
f    795    883    884
f    795    884    885
f    795    885    886
f    795    886    800
f    795    800    797
f    795    797    796
f    886    887    804
f    886    804    801
f    886    801    800
f    885    888    889
f    885    889    887
f    885    887    886
f    889    808    805
f    889    805    804
f    889    804    887
f    890    891    892
f    890    892    809
f    890    809    808
f    890    808    889
f    890    889    888
f    810    809    892
f    810    892    893
f    810    893    894
f    810    894    812
f    810    812    811
f    812    894    895
f    812    895    896
f    812    896    897
f    812    897    813
f    814    813    897
f    814    897    898
f    814    898    899
f    814    899    900
f    814    900    901
f    814    901    815
f    815    901    902
f    815    902    903
f    815    903    817
f    815    817    816
f    903    904    822
f    903    822    820
f    903    820    819
f    903    819    818
f    903    818    817
f    822    904    905
f    822    905    906
f    822    906    823
f    824    823    906
f    824    906    907
f    824    907    908
f    824    908    825
f    825    908    909
f    825    909    910
f    825    910    911
f    825    911    912
f    825    912    827
f    825    827    826
f    828    827    912
f    828    912    913
f    828    913    829
f    832    914    834
f    832    834    833
f    837    915    916
f    837    916    917
f    837    917    839
f    837    839    838
f    839    917    918
f    839    918    919
f    839    919    842
f    839    842    840
f    843    920    921
f    843    921    922
f    843    922    845
f    843    845    844
f    845    922    847
f    845    847    846
f    850    849    848
f    850    848    923
f    850    923    852
f    850    852    851
f    852    923    924
f    852    924    925
f    852    925    853
f    854    853    925
f    854    925    926
f    854    926    927
f    854    927    928
f    854    928    856
f    854    856    855
f    856    928    929
f    856    929    930
f    856    930    859
f    856    859    858
f    856    858    857
f    860    859    930
f    860    930    931
f    860    931    864
f    860    864    863
f    860    863    861
f    931    932    933
f    931    933    865
f    931    865    864
f    769    865    933
f    769    933    770
f    934    935    936
f    934    936    867
f    934    867    866
f    868    867    936
f    868    936    937
f    868    937    871
f    868    871    869
f    871    937    938
f    871    938    939
f    871    939    940
f    871    940    873
f    871    873    872
f    940    941    874
f    940    874    873
f    874    941    942
f    874    942    875
f    874    875    782
f    874    782    781
f    875    942    943
f    875    943    944
f    875    944    945
f    875    945    878
f    875    878    876
f    878    945    946
f    878    946    947
f    878    947    948
f    878    948    880
f    878    880    879
f    880    948    949
f    880    949    950
f    880    950    882
f    880    882    881
f    950    951    952
f    950    952    953
f    950    953    884
f    950    884    883
f    950    883    882
f    884    953    954
f    884    954    890
f    884    890    888
f    884    888    885
f    954    955    956
f    954    956    891
f    954    891    890
f    892    891    956
f    892    956    957
f    892    957    893
f    893    957    958
f    893    958    895
f    893    895    894
f    897    896    959
f    897    959    898
f    900    960    961
f    900    961    902
f    900    902    901
f    902    961    962
f    902    962    905
f    902    905    904
f    902    904    903
f    906    905    962
f    906    962    963
f    906    963    964
f    906    964    907
f    907    964    965
f    907    965    909
f    907    909    908
f    912    911    913
f    831    966    914
f    831    914    832
f    836    915    837
f    918    967    968
f    918    968    919
f    919    968    920
f    919    920    843
f    919    843    842
f    921    969    924
f    921    924    923
f    921    923    848
f    921    848    847
f    921    847    922
f    925    924    969
f    925    969    970
f    925    970    926
f    927    971    972
f    927    972    973
f    927    973    929
f    927    929    928
f    930    929    973
f    930    973    974
f    930    974    975
f    930    975    932
f    930    932    931
f    770    933    932
f    770    932    975
f    770    975    976
f    770    976    934
f    770    934    866
f    770    866    771
f    976    977    978
f    976    978    935
f    976    935    934
f    936    935    978
f    936    978    938
f    936    938    937
f    939    979    980
f    939    980    943
f    939    943    942
f    939    942    941
f    939    941    940
f    981    982    983
f    981    983    944
f    981    944    943
f    981    943    980
f    944    983    984
f    944    984    946
f    944    946    945
f    947    985    986
f    947    986    949
f    947    949    948
f    949    986    987
f    949    987    951
f    949    951    950
f    952    988    955
f    952    955    954
f    952    954    953
f    989    958    957
f    989    957    956
f    989    956    955
f    989    955    988
f    895    958    989
f    895    989    990
f    895    990    959
f    895    959    896
f    899    991    992
f    899    992    960
f    899    960    900
f    992    993    963
f    992    963    962
f    992    962    961
f    992    961    960
f    965    964    963
f    965    963    993
f    965    993    994
f    965    994    995
f    910    909    965
f    910    965    995
f    910    995    996
f    830    997    966
f    830    966    831
f    835    998    999
f    835    999    916
f    835    916    915
f    835    915    836
f    999   1000    967
f    999    967    918
f    999    918    917
f    999    917    916
f   1001    970    969
f   1001    969    921
f   1001    921    920
f   1001    920    968
f   1001    968    967
f   1001    967   1000
f    926    970   1001
f    926   1001   1002
f    926   1002    971
f    926    971    927
f    973    972   1003
f    973   1003   1004
f    973   1004    974
f    975    974   1004
f    975   1004    981
f    975    981    980
f    975    980    979
f    975    979    977
f    975    977    976
f    938    978    977
f    938    977    979
f    938    979    939
f   1005   1006    984
f   1005    984    983
f   1005    983    982
f    946    984   1006
f    946   1006   1007
f    946   1007   1008
f    946   1008   1009
f    946   1009    985
f    946    985    947
f   1009   1010   1011
f   1009   1011    987
f   1009    987    986
f   1009    986    985
f    987   1011   1012
f    987   1012    990
f    987    990    989
f    987    989    988
f    987    988    952
f    987    952    951
f    898    959    990
f    898    990   1012
f    898   1012   1013
f    898   1013    991
f    898    991    899
f    994    993    992
f    994    992    991
f    994    991   1013
f    994   1013   1014
f    994   1014   1015
f    996    995    994
f    996    994   1015
f    996   1015   1016
f    829    913    911
f    829    911    910
f    829    910    996
f    829    996   1016
f    829   1016   1017
f    829   1017    997
f    829    997    830
f    834    914    966
f    834    966    997
f    834    997   1017
f    834   1017   1018
f    834   1018    998
f    834    998    835
f   1018   1019   1020
f   1018   1020   1002
f   1018   1002   1001
f   1018   1001   1000
f   1018   1000    999
f   1018    999    998
f   1020   1007   1006
f   1020   1006   1005
f   1020   1005   1003
f   1020   1003    972
f   1020    972    971
f   1020    971   1002
f   1004   1003   1005
f   1004   1005    982
f   1004    982    981
f   1008   1021   1010
f   1008   1010   1009
f   1014   1013   1012
f   1014   1012   1011
f   1014   1011   1010
f   1014   1010   1021
f   1014   1021   1022
f   1016   1015   1014
f   1016   1014   1022
f   1016   1022   1019
f   1016   1019   1018
f   1016   1018   1017
f   1022   1021   1008
f   1022   1008   1007
f   1022   1007   1020
f   1022   1020   1019
f    460    347    346
f    460    346    568
f    460    568    668
f    460    668    667
f    460    667    666
f    460    666    663
f    460    663    662
f    460    662    764
f    460    764    765
f    460    765    766
f    460    766    862
f    460    862    767
f    460    767    773
f    460    773    775
f    460    775    870
f    460    870    776
f    460    776    780
f    460    780    673
f    460    673    669
f    460    669    672
f    460    672    572
f    460    572    571
f    460    571    570
f    460    570    569
f    460    569    461
