v    15.179595   -10.770681   107.228164
v    13.051704     5.280215   105.856724
v   -19.424526    37.756445   105.856724
v   -19.424526    23.833644   107.228164
v   -21.506968    46.061032   104.833724
v   -34.707301    32.860699   104.833724
v   -35.823246    24.442491   105.552916
v   -33.395026    23.833644   105.852016
v    28.678618   -38.240205   105.852016
v    28.678618   -34.971393   106.174045
v    34.055258   -59.681661   103.210680
v    37.915719   -55.821405   103.210680
v    39.382969   -44.754490   104.156295
v    45.367431   -44.754490   102.340812
v    43.431570   -19.288590    99.728342
v    21.183710    34.422736    99.728342
v    19.789956    59.602229    95.817519
v    19.057457    60.334728    95.817519
v   -21.506968    49.015594   104.347916
v    17.840993    63.336376    95.059635
v   -17.227234    77.862086    95.059635
v   -22.391780    71.855104    97.530846
v   -22.392395    50.864448   103.898344
v   -41.194972    56.111088    99.944325
v   -45.193416    62.409186    97.531460
v   -43.634656    58.550772    98.897781
v   -56.716454    26.968772    98.897781
v   -56.951681    23.873156    99.215306
v   -37.011867    23.873156   105.264051
v   -67.606079    14.713031    94.832392
v   -66.720447     3.060404    93.636810
v   -52.439791   -31.416174    93.636810
v   -50.807535   -60.908362    89.056133
v   -29.503652   -82.212244    89.056133
v   -18.441241   -88.560908    89.831214
v     0.349667   -89.600901    92.749745
v    31.583228   -80.885435    99.318077
v    34.055258   -75.724368   100.573029
v    14.230704   -95.350751    92.749745
v    28.991026   -96.472633    94.264081
v    31.583228   -90.366770    96.441924
v    41.624890   -86.207413    96.441924
v    43.695049   -81.099165    97.731474
v    42.472648   -78.073155    98.802994
v    42.746158   -73.132166    99.570296
v    50.912353   -53.417138    99.570296
v    51.190367   -49.760786    99.945348
v    73.626162   -49.760786    87.953291
v    73.845625   -49.633858    87.817764
v    72.691397   -33.138508    86.072091
v    57.981028    21.761643    86.072091
v    56.471196    49.020712    81.838829
v    44.840679    60.397168    84.833108
v    44.626538    60.449987    84.916225
v    18.629996    86.446734    84.916225
v    18.073968    88.699915    84.040625
v    17.210242    89.582886    83.813383
v    15.917007    89.654334    84.014216
v   -17.211061    77.912857    95.034863
v   -11.152284    96.907669    84.014216
v   -13.561055    97.076156    84.269096
v   -17.211061    93.167175    86.881361
v   -20.989633    92.902878    86.481537
v   -54.429084    83.942767    86.481537
v   -54.096000    83.091939    86.983927
v   -53.679798    70.895567    92.337228
v   -59.623930    87.822268    82.630084
v   -74.952767    72.493430    82.630084
v   -72.513084    71.538397    84.070924
v   -79.371508    72.714531    80.236463
v   -92.500802    23.715519    80.236463
v   -92.739919    20.297464    80.598208
v   -86.759346    14.713031    84.594605
v   -85.673905    -0.802514    82.952727
v   -78.103454   -29.056128    82.952727
v   -77.032139   -48.395284    79.949441
v   -64.945908   -60.217626    83.060821
v   -60.768945   -61.248406    84.683865
v   -42.818630   -79.198517    84.683865
v    -9.159101   -98.050228    87.388255
v    -6.401483   -99.611650    87.206871
v     1.045316  -100.023962    88.363351
v    23.619504  -106.072912    88.363351
v    29.220930  -106.464752    88.956024
v    29.220930   -97.201651    93.907249
v    30.431661  -107.761262    88.089636
v    43.160517  -104.350578    88.089636
v    42.156556  -101.786422    89.603972
v    43.727600  -104.774149    87.669135
v    63.161952   -85.339797    87.669135
v    63.739885   -82.786492    88.507476
v    60.932109   -81.687539    90.165732
v    64.971703   -82.059111    87.953291
v    76.831920   -50.383144    85.489245
v    98.998505   -50.383144    67.297561
v   105.803906   -45.041307    60.840394
v   110.150584   -40.187325    56.480818
v   109.467424   -31.051767    55.550147
v    96.886582    32.196987    55.550147
v    96.417972    32.569174    55.873814
v    84.945296    45.043559    61.814056
v    78.083186    48.118294    66.225631
v    55.358526    82.128103    66.225631
v    46.999278    85.827038    70.601176
v    42.129532    90.696783    70.601176
v    41.991754    90.730153    70.655018
v    18.352596   106.525350    70.655018
v    17.077172   106.815237    71.072857
v    16.507837   106.407429    71.658570
v    15.377971   106.487476    71.821325
v    -7.974779   111.132640    71.821325
v   -12.472747   111.469000    72.279699
v   -13.561055   110.494519    73.257047
v   -22.446032   109.829988    72.351967
v   -51.733701   104.004391    72.351967
v   -57.854304   103.570992    71.470429
v   -59.198311   102.334875    72.110393
v   -59.793645    88.075510    82.411849
v   -64.420180   101.148096    70.399319
v   -81.258030    89.897340    70.399319
v   -83.756879    89.292384    69.422381
v   -82.529565    74.833209    77.514466
v   -87.425719    90.425321    66.133301
v   -95.511868    86.847172    61.900654
v  -104.142170    73.930995    61.900654
v  -109.729264    71.427438    58.308789
v  -114.519987    70.395020    54.545571
v  -115.486689    69.627308    53.877765
v  -122.760906    33.056619    53.877765
v  -112.515954    21.615676    64.153221
v  -110.836611    20.297260    65.746784
v   -99.192582   -38.240615    65.746784
v   -99.080394   -39.824556    65.518518
v   -94.658992   -44.632066    67.807731
v   -87.208918   -47.970279    72.597225
v   -76.253168   -64.366747    72.597225
v   -65.694785   -69.038935    78.123926
v   -58.368159   -76.365561    78.123926
v   -45.667964   -79.440500    83.089277
v   -22.278978   -95.068438    83.089277
v     5.348797  -110.418567    81.611587
v    10.562273  -110.787682    82.362511
v    25.485145  -113.755961    82.362511
v    30.590322  -114.137769    82.882507
v    30.590322  -108.393856    87.596254
v    33.384381  -116.639688    80.373218
v    34.954401  -116.522177    80.213329
v    46.156638  -114.293973    80.213329
v    46.085804  -113.989345    80.474760
v    46.309975  -108.623351    84.351395
v    52.985787  -119.183371    73.188465
v    65.717918  -110.676108    73.188465
v    65.274898  -110.233088    73.737532
v    67.354269  -111.181364    71.721420
v    87.439845   -81.121071    71.721420
v    87.862803   -80.931497    71.449548
v    88.019416   -80.897718    71.326509
v    93.850131   -76.265656    67.297561
v   122.398341   -40.187325    41.557127
v   124.543428   -37.762996    38.475432
v   128.084112   -32.504891    33.146288
v   127.225709   -22.001783    32.165051
v   122.379097     8.598979    32.165051
v   121.812219    15.226476    31.320364
v   111.176451    29.311417    40.128570
v   108.805554    31.012870    42.413688
v    91.581596    64.816933    42.413688
v    86.990069    68.044390    45.834813
v    78.700221    77.283129    47.777225
v    70.555932    81.135811    52.888544
v    46.586556   105.105186    52.888544
v    41.918258   107.184762    55.319015
v    41.068862   106.943599    56.343039
v    36.577855   108.145527    57.993516
v    19.992222   116.596287    57.993516
v    16.204028   117.543131    59.135256
v    16.021006   117.445478    59.356766
v    12.370795   117.757885    59.822101
v    -6.811543   120.795974    59.822101
v   -12.472747   121.258648    60.350901
v   -12.500590   121.277278    60.322649
v   -22.936958   120.424402    59.347758
v   -44.495106   117.010032    59.347758
v   -53.539358   116.236384    58.194758
v   -56.843996   113.741221    60.261232
v   -63.594532   112.053894    58.226900
v   -81.941396   102.705628    58.226900
v   -86.707142   101.430409    56.475290
v   -87.840284   101.751824    55.109583
v   -97.884812    97.277194    49.879935
v  -109.209268    85.952942    49.879935
v  -115.633066    82.914034    45.848530
v  -118.463361    82.772161    42.646662
v  -122.575631    79.881473    39.582369
v  -128.457118    68.338577    39.582369
v  -133.628625    64.627359    34.597979
v  -123.394728    33.199925    53.133188
v  -133.934481    64.468904    34.255682
v  -135.672784    62.580129    32.502025
v  -139.531402    38.217481    32.502025
v  -136.152450    33.199925    37.587753
v  -135.774122    28.568477    37.154969
v  -127.678147   -22.547370    37.154969
v  -127.101237   -23.174232    37.736996
v  -120.641818   -31.728581    43.086612
v  -111.011854   -38.639210    52.368343
v  -105.505625   -49.446127    52.368343
v   -95.699803   -56.338945    59.674906
v   -94.140019   -58.077248    60.040336
v   -81.579445   -64.019127    67.922990
v   -74.225796   -71.372777    67.922990
v   -58.228743   -78.498774    76.251735
v   -41.578418   -93.439252    72.751176
v   -32.196169   -95.950180    76.199735
v    -1.313503  -111.685597    76.199735
v     5.647693  -113.425538    78.297531
v    10.589296  -117.157023    75.207033
v    14.114830  -117.458580    75.656400
v    30.674463  -120.081286    75.656400
v    33.384381  -120.302797    75.909643
v    38.270504  -123.593104    70.957394
v    40.956060  -123.373641    70.706608
v    51.073470  -121.771070    70.706608
v    52.812182  -121.622441    70.484893
v    53.043724  -119.292489    73.052938
v    60.484994  -125.718129    61.191493
v    61.187399  -125.542681    60.980015
v    69.512459  -121.300821    60.980015
v    69.143753  -120.723707    61.867898
v    69.618915  -113.446010    68.254846
v    76.751463  -123.354193    52.255335
v    76.963147  -123.260020    52.145194
v    87.975605  -112.247562    52.145194
v    90.692075  -110.962516    50.440262
v    92.970232  -110.848075    47.863209
v    94.602488  -109.700808    46.646949
v   112.586992   -74.404314    46.646949
v   114.839150   -72.788027    44.476067
v   115.585775   -72.401510    43.641002
v   117.651634   -70.156722    41.557127
v   136.192371   -32.504891    17.976725
v   137.562991   -29.341716    14.633394
v   136.984649   -22.752912    14.092311
v   133.595050     2.994483    14.092311
v   133.302911     6.028068    13.762707
v   129.121853    13.450709    19.021631
v   128.617211    14.033146    19.743279
v   114.147800    48.965232    19.743279
v   112.166696    51.070808    21.777816
v   107.037157    57.972634    24.228555
v   100.824020    62.874112    29.874405
v    83.264725    85.757841    29.874405
v    77.181177    90.173921    34.233981
v    67.917257    99.437636    34.233981
v    60.036037   103.520221    38.758154
v    48.410843   112.440615    38.758154
v    40.846943   116.039236    42.325452
v    40.072680   115.965740    43.405775
v    35.543389   117.304015    44.878552
v    19.849735   123.804583    44.878552
v    15.437546   124.998323    46.041379
v    14.922667   124.850513    46.703658
v    10.697390   125.257502    47.162647
v    -6.925778   127.577628    47.162647
v   -12.500590   128.066916    47.620407
v   -13.335655   128.428661    46.737846
v   -22.440709   127.629627    45.990403
v   -41.411364   125.132007    45.990403
v   -49.742361   124.329698    45.085323
v   -52.380831   122.843614    46.954648
v   -60.796583   120.566685    44.736679
v   -79.590971   112.781889    44.736679
v   -85.914659   110.913177    42.680032
v   -86.863755   111.003255    41.356294
v   -95.555269   106.868056    37.256921
v  -109.899594    95.861535    37.256921
v  -117.377305    91.987766    32.964494
v  -119.220631    91.728792    30.304324
v  -124.239415    88.085746    26.707750
v  -132.065360    77.886652    26.707750
v  -134.459186    75.998288    24.532569
v  -137.141671    74.751525    20.558896
v  -138.849675    72.936246    18.804829
v  -143.724129    61.168155    18.804829
v  -145.394873    59.240279    16.415712
v  -140.069824    38.342157    31.525496
v  -146.444283    58.214412    14.705252
v  -147.142798    57.108294    13.670786
v  -149.543994    38.869728    13.670786
v  -149.315318    38.342157    14.228247
v  -148.730015    31.671873    13.680613
v  -144.046977    -3.898744    13.680613
v  -143.943592    -4.972107    13.563921
v  -138.024232   -15.481356    21.009491
v  -132.657624   -21.674226    28.683941
v  -128.168868   -32.510828    28.683941
v  -121.023012   -40.105436    36.022032
v  -120.815833   -40.384064    36.120913
v  -110.717667   -48.350449    45.297211
v  -105.084919   -55.691201    45.297211
v   -94.304412   -63.516737    53.022637
v   -93.485315   -63.631791    54.204503
v   -79.813096   -70.714183    62.052763
v   -56.697005   -88.451791    62.052763
v   -41.063335   -95.889786    69.426271
v   -20.564423  -111.124656    62.147754
v   -16.351020  -112.369781    63.517965
v     5.563961  -121.447198    63.517965
v    11.629493  -123.088258    65.116647
v    11.776075  -123.170966    65.012648
v    16.691883  -123.644285    65.546770
v    35.738900  -126.151732    65.546770
v    38.270504  -126.374061    65.754564
v    44.374524  -129.018878    59.302924
v    47.429810  -128.750690    59.052138
v    57.075333  -127.480794    59.052138
v    60.229295  -127.177190    58.709432
v    68.710354  -129.610527    47.800973
v    69.098918  -129.505504    47.698611
v    76.285719  -126.528422    47.698611
v    76.148350  -126.223385    48.362733
v    84.243301  -127.284260    36.598532
v    84.343615  -127.236559    36.551241
v    91.746603  -121.556111    36.551241
v    91.712414  -121.521922    36.649098
v    97.224580  -120.786352    28.645453
v    97.955032  -120.256120    28.121977
v   108.256897  -106.830592    28.121977
v   112.768377  -103.271483    24.022399
v   116.746963   -97.918182    22.121546
v   118.233047   -96.338949    20.595541
v   129.972887   -67.996076    20.595541
v   130.421025   -67.479150    19.954963
v   131.587537   -65.407968    18.487509
v   131.978762   -64.788476    17.908143
v   136.119080   -33.340161    17.908143
v   143.080071   -29.341716    -3.553991
v   143.192873   -28.777704    -4.135199
v   142.803285   -24.527655    -4.429591
v   140.175256    -1.204590    -4.429591
v   139.966439     0.831380    -4.611180
v   138.774746     4.060680    -2.255638
v   138.670338     4.271954    -2.020616
v   129.203947    31.325482    -2.020616
v   128.207356    32.954872    -0.604547
v   122.640324    42.668158     3.624416
v   119.571936    46.602729     7.565538
v   108.714453    63.882168     7.565538
v   104.741189    68.287192    11.291701
v    96.619419    78.004163    12.824666
v    90.776011    82.994081    17.462665
v    73.213236   100.556651    17.462665
v    66.088877   105.974850    21.923784
v    65.416771   106.233824    23.004107
v    58.111641   110.281197    26.591058
v    47.996893   116.636618    26.591058
v    38.528660   121.361829    30.375362
v    38.352189   121.462962    30.298591
v    32.847392   123.195123    31.799825
v    18.880577   128.082270    31.799825
v    15.099548   129.154199    32.634071
v    14.087398   129.124515    33.907857
v     7.847236   129.765093    34.464704
v    -5.167822   131.231523    34.464704
v   -13.335655   131.980195    35.030149
v   -14.797172   132.272540    33.523388
v   -24.790315   131.356404    32.831629
v   -37.749484   129.896320    32.831629
v   -47.892279   128.855509    31.926753
v   -48.312371   128.700329    32.233223
v   -57.805785   126.009245    30.139112
v   -75.303458   119.886390    30.139112
v   -84.216073   117.082095    27.708231
v   -84.775785   116.989969    26.905717
v   -93.234734   112.768582    23.524922
v  -106.504059   104.431034    23.524922
v  -116.606523    98.833498    18.564280
v  -117.255086    98.583736    17.521830
v  -123.443657    93.877359    13.646834
v  -132.143564    85.177452    13.646834
v  -135.449226    82.354527    11.022899
v  -137.494204    80.982268     7.366956
v  -139.276113    79.006692     5.695803
v  -144.688374    70.392972     5.695803
v  -145.948854    68.776685     4.076853
v  -147.465441    67.109011     0.978576
v  -148.469608    65.467338    -0.448139
v  -151.944371    55.537250    -0.448139
v  -152.360777    54.693996    -1.386589
v  -150.038809    39.012215    12.092782
v  -153.351022    52.811568    -3.952382
v  -153.458707    52.531507    -4.202758
v  -154.981846    39.012215    -4.202758
v  -155.222600    38.032821    -5.360262
v  -154.841815    33.878173    -5.647898
v  -152.065772     9.240991    -5.647898
v  -152.055331     9.213558    -5.623331
v  -149.065761     1.112669     0.285589
v  -146.469259    -4.145845     6.137390
v  -142.027794   -16.838670     6.137390
v  -138.403174   -22.764786    11.287606
v  -137.643447   -23.600260    12.839816
v  -131.993502   -30.844997    20.096631
v  -127.902728   -37.355188    20.096631
v  -121.358144   -44.610979    26.234226
v  -119.614518   -45.781176    29.351748
v  -110.223875   -53.800380    36.805506
v  -102.826415   -61.197840    36.805506
v   -92.177954   -69.295862    43.473129
v   -81.243495   -78.435310    41.748133
v   -67.509040   -86.045068    48.492322
v   -23.896085  -113.448876    48.492322
v   -18.345636  -116.218778    50.710701
v   -12.167915  -119.759667    48.020845
v    -8.970347  -120.765675    48.892965
v    10.081993  -127.432479    48.892965
v    12.377142  -128.083089    49.399245
v    13.373733  -128.054018    50.653583
v    18.995631  -128.630927    51.155154
v    41.699000  -131.188941    51.155154
v    44.374524  -131.434404    51.340428
v    51.094351  -132.778410    44.413626
v    54.205322  -132.493231    44.198258
v    64.710681  -131.309523    44.198258
v    68.274090  -130.943888    43.880323
v    77.574245  -131.214941    32.173444
v    83.648785  -129.089507    32.173444
v    83.571605  -128.826643    33.135642
v    91.627863  -127.776414    20.734343
v    96.020809  -125.016134    20.734343
v    95.788653  -124.688987    22.196679
v   101.973334  -122.723236    11.166820
v   102.331395  -122.450955    10.942648
v   108.351479  -116.430871    10.942648
v   110.188253  -114.862284     9.484816
v   113.137083  -112.883431     4.212994
v   114.577309  -111.286797     2.862437
v   126.131260   -92.898579     2.862437
v   128.417401   -89.967355    -0.073905
v   129.451048   -88.163951    -0.859018
v   130.269735   -86.825062    -2.022458
v   138.756731   -62.570917    -2.022458
v   138.893690   -62.293722    -2.330976
v   139.693338   -60.126525    -3.911642
v   139.853841   -58.563055    -3.772226
v   142.791002   -32.494655    -3.772226
v   145.145316   -28.777704   -23.959140
v   143.112826    -8.140605   -23.959140
v   142.803285    -5.195664   -23.761377
v   142.725286    -4.503701   -23.761377
v   141.971496    -1.056575   -20.519179
v   137.499732    13.684912   -20.519179
v   135.921522    18.578815   -19.480006
v   135.227307    20.563195   -19.480006
v   131.318326    29.072301   -12.275804
v   124.336454    42.134446   -12.275804
v   119.310300    50.964557    -8.823765
v   117.096016    54.488658    -8.823765
v   112.589859    60.529419    -4.127420
v    98.417501    77.798417    -4.127420
v    92.701021    84.278104     0.020677
v    86.824448    90.154882     0.020677
v    79.445413    96.664663     4.744660
v    68.659378   105.516475     4.744660
v    63.161338   109.617690     9.019071
v    62.626192   109.977389     9.847585
v    57.933327   112.648614    11.682107
v    39.836840   122.321365    11.682107
v    35.608696   124.263777    15.261893
v    35.172431   124.446799    15.826110
v    31.728377   125.557421    16.557176
v    17.330210   129.924981    16.557176
v    13.664030   130.678362    20.540675
v     8.402855   131.231523    20.894027
v     4.884076   131.577915    20.894027
v   -14.797172   132.879134    27.363683
v   -29.618092   132.383295    17.578334
v   -40.043405   131.356404    17.578334
v   -46.140670   130.715622    17.168888
v   -48.379725   130.255404    14.735960
v   -49.771841   129.950981    13.426552
v   -71.892568   123.240776    13.426552
v   -75.472150   122.086548    12.666415
v   -81.647209   119.925697    12.666415
v   -87.016888   117.458990     8.120132
v  -103.501591   108.647713     8.120132
v  -111.229884   104.248830     5.098830
v  -113.692906   102.701329     5.098830
v  -121.158129    97.132455    -0.705066
v  -130.476300    89.485437    -0.705066
v  -134.279030    86.130437    -3.139427
v  -136.215095    84.194372    -6.751354
v  -138.286891    81.845995    -8.254635
v  -143.899986    75.006405    -8.254635
v  -144.756752    73.857909    -9.147637
v  -146.874406    70.705994   -14.027004
v  -151.269194    62.483910   -14.027004
v  -151.585696    61.795017   -14.610260
v  -152.839624    58.807699   -18.472973
v  -155.257403    50.837834   -18.472973
v  -155.279308    50.737724   -18.567146
v  -155.279308    38.069057    -5.898478
v  -155.772281    48.338780   -21.173883
v  -156.783817    38.069057   -21.173883
v  -156.783817    37.082701   -22.160239
v  -155.102223    20.009624   -22.160239
v  -154.845295    17.565027   -21.996051
v  -154.841815    17.548240   -21.977831
v  -153.274047    10.378841   -15.234256
v  -149.644922    -1.585579   -15.234256
v  -148.660205    -4.639023   -14.585898
v  -147.297773    -7.884701   -10.389077
v  -144.293668   -14.423962    -4.852549
v  -141.286288   -20.050364    -4.852549
v  -140.213335   -21.935658    -4.115546
v  -136.544289   -27.396438     4.338080
v  -131.321806   -34.397350     9.781050
v  -128.639116   -37.666367     9.781050
v  -119.042727   -48.543913    16.744497
v  -118.668084   -48.918556    17.443626
v  -109.409692   -57.086388    23.370356
v   -80.035425   -81.193338    23.370356
v   -76.714204   -83.670691    25.952322
v   -39.528936  -107.035724    25.952322
v   -38.703288  -107.505768    26.275171
v   -10.479769  -122.591600    26.275171
v   -10.045142  -122.791205    26.643263
v    -8.040495  -123.632821    29.235260
v    -6.148445  -124.242895    29.637131
v    11.619053  -129.632637    29.637131
v    14.411065  -130.243121    32.263318
v    22.806959  -131.188941    32.263318
v    24.241043  -131.339822    32.166893
v    51.094351  -133.984638    32.166893
v    58.660913  -133.984638    24.600537
v    73.803043  -132.493231    24.600537
v    76.797731  -132.178367    24.399294
v    77.628497  -131.296216    31.398773
v    81.462139  -131.219854    19.330967
v    88.153100  -129.756904    13.037578
v    90.900483  -128.923477    13.037578
v    90.915223  -128.684974    15.635513
v    91.735548  -127.915216    19.369250
v    98.294462  -125.819672     3.477015
v    98.807089  -125.584240     3.043002
v   100.618682  -124.615900     3.043002
v   100.538226  -124.382107     6.161752
v   106.640199  -120.570165    -6.278240
v   110.306788  -117.561147    -6.278240
v   110.250694  -117.505257    -5.218798
v   114.727166  -113.140563   -14.525095
v   120.340261  -106.301178   -14.525095
v   123.633435  -101.886327   -17.957481
v   124.496137  -100.602509   -19.944931
v   125.959907   -98.030574   -20.950326
v   134.172164   -82.666524   -20.950326
v   135.426502   -79.936134   -23.262058
v   135.527430   -79.695585   -23.573032
v   136.072812   -78.004368   -23.932116
v   142.216754   -57.750510   -23.932116
v   142.376233   -57.021286   -24.617938
v   142.791002   -53.340367   -24.617938
v   142.883332   -52.461901   -24.676898
v   145.145316   -29.495258   -24.676898
v   143.477028   -29.495258   -41.615882
v   143.112826   -25.522404   -41.340939
v   141.505137   -11.254646   -41.340939
v   141.118006    -7.482215   -41.004375
v   141.245548    -3.110356   -35.501216
v   139.794471     2.008537   -34.371964
v   136.276512    12.062073   -34.371964
v   133.463618    21.001711   -31.933714
v   133.176187    22.749022   -29.428723
v   127.765768    33.590332   -25.095557
v   119.776044    46.305881   -25.095557
v   113.535883    57.568716   -19.565170
v   107.530130    64.753878   -20.698517
v   102.127491    71.857970   -16.250296
v    87.276886    86.708575   -16.250296
v    81.487934    93.487567   -10.869562
v    74.527762    99.305180    -9.771632
v    72.275605   101.336646    -7.866480
v    53.212825   113.314578    -7.866480
v    52.430169   113.925062    -7.082391
v    43.063683   119.293308    -3.004310
v    42.486774   119.474897    -3.161742
v    20.079639   127.315378    -3.161742
v    19.307219   127.534431    -3.332071
v    17.534318   129.417268    11.605336
v    15.278476   127.416920    -8.403469
v    11.842201   127.769658    -8.709939
v     4.336237   128.615369    -8.709939
v     5.596512   129.417268    -0.332470
v   -29.973287   130.255404    -3.670683
v   -29.825681   130.069925    -5.464875
v   -46.124906   128.233355    -5.464875
v   -51.952345   127.635360    -4.945084
v   -55.113882   126.468848    -7.251083
v   -59.499458   125.225565    -6.283562
v   -88.509932   115.074377    -6.283562
v   -90.087118   114.577923    -5.853439
v  -100.817059   108.428250   -10.525013
v  -104.645174   105.442775   -14.359679
v  -125.073456    92.606849   -14.359679
v  -130.314569    87.879386   -18.792955
v  -130.398506    87.754095   -19.016922
v  -134.545374    82.898066   -22.871446
v  -142.760089    74.683557   -22.871446
v  -143.788412    73.331157   -23.718181
v  -146.837761    70.693301   -14.518135
v  -145.141836    69.817496   -29.365669
v  -150.809387    60.797811   -29.365669
v  -150.845623    60.724930   -29.394739
v  -152.632854    58.820392   -20.726154
v  -151.328359    57.791659   -33.600159
v  -154.296228    49.309986   -33.600159
v  -154.478022    49.431591   -31.865336
v  -155.539102    48.432543   -23.447742
v  -154.230103    47.038585   -36.459320
v  -155.364473    36.970923   -36.459320
v  -155.539102    37.082701   -34.797583
v  -155.232631    36.312534   -37.137977
v  -155.102223    34.888890   -37.039505
v  -153.445809    20.188347   -37.039505
v  -153.393809    19.682477   -36.994261
v  -153.492691    16.291650   -32.725992
v  -152.401517    12.442244   -31.876801
v  -148.597355     1.570225   -31.876801
v  -147.972745    -0.414564   -31.335513
v  -146.983728    -6.425640   -22.717699
v  -145.814965    -8.767466   -21.781706
v  -141.448019   -15.717197   -21.781706
v  -140.737835   -16.998968   -21.152388
v  -138.148089   -23.722070   -10.346290
v  -133.670388   -29.610108    -6.659434
v  -121.780897   -41.499600    -6.659434
v  -112.020114   -52.929693     2.413070
v   -84.813864   -75.669707     6.704882
v   -68.598371   -84.654180    -1.257409
v   -21.394165  -114.314650    -1.257409
v   -20.099907  -114.960551    -1.774743
v   -15.826724  -117.574044     1.938931
v     1.843121  -123.757088     1.938931
v     6.453482  -126.033607     7.069289
v     9.176298  -127.038387     9.055307
v    17.006543  -127.841925     8.356792
v    48.051144  -131.339822     8.356792
v    58.660913  -132.312461     7.622246
v    64.123126  -131.219854     1.991955
v    67.666677  -130.348758    -2.195859
v    89.961214  -127.836807    -2.195859
v    91.986743  -127.059269    -4.006633
v    94.612315  -125.677799    -7.585396
v    99.057874  -123.482554   -12.532731
v   102.229238  -122.372955   -12.532731
v   102.823754  -122.009163   -13.049247
v   106.612152  -120.488685    -7.365114
v   107.691042  -117.583052   -22.091657
v   110.834768  -115.607680   -22.091657
v   111.000594  -115.458232   -22.232097
v   114.721229  -113.134422   -14.638921
v   114.241564  -110.628612   -30.866083
v   119.686990  -105.182981   -30.866083
v   120.621346  -103.954439   -31.635228
v   122.042123  -100.266149   -37.563391
v   123.089691   -98.375533   -38.491810
v   130.652362   -86.339664   -38.491810
v   132.196588   -83.245072   -39.728541
v   132.464570   -81.617319   -42.062383
v   133.118250   -79.539586   -42.629056
v   139.169862   -62.244998   -42.629056
v   139.892329   -59.696402   -43.191226
v   140.082517   -59.181114   -42.815354
v   140.537002   -54.752956   -43.210470
v   142.883332   -33.928330   -43.210470
v   143.131251   -31.223734   -43.397586
v   139.550442   -31.223734   -55.201709
v   139.177641   -26.974300   -54.852861
v   137.662282   -15.464160   -54.852861
v   137.328174   -11.995743   -54.475966
v   138.837392    -6.736000   -47.710895
v   136.805925     0.772625   -45.731838
v   132.912299    10.172275   -45.731838
v   129.158089    22.876974   -41.600323
v   127.578856    25.001998   -42.354932
v   121.827369    37.090686   -36.653397
v   106.651664    56.868154   -36.653397
v   101.397858    67.010130   -30.831485
v    93.560244    74.847949   -30.831485
v    89.668050    80.209644   -26.989244
v    64.107772    99.822924   -26.989244
v    62.383391   102.008547   -25.003022
v    56.174143   106.623412   -22.798360
v    56.094710   106.697931   -22.721794
v    23.048122   120.386324   -22.721794
v    17.079014   122.001383   -24.294885
v    17.044007   122.021037   -24.269909
v    13.073609   122.403459   -24.701260
v    -6.762205   125.014906   -24.701260
v   -13.101247   125.571138   -25.221871
v   -14.831361   126.320833   -23.393081
v   -14.831361   128.489464   -16.244154
v   -26.369548   125.308274   -22.445623
v   -48.023711   122.457506   -22.445623
v   -56.699462   121.622032   -21.503078
v   -64.632477   117.153543   -27.123543
v   -68.923061   115.992764   -25.992653
v  -106.902040   100.261441   -25.992653
v  -109.722713    97.607207   -28.718130
v  -119.808391    90.111480   -32.299349
v  -123.559735    85.356380   -36.620232
v  -137.606802    74.577715   -36.620232
v  -139.644000    71.771372   -38.631226
v  -145.077757    69.772048   -29.652281
v  -139.964187    69.491577   -41.921534
v  -140.495648    68.465710   -42.510317
v  -147.359804    59.520135   -42.510317
v  -147.549992    59.120721   -42.698867
v  -150.894142    57.664117   -35.190242
v  -147.272592    56.200347   -46.772240
v  -150.853811    47.554282   -46.772240
v  -151.357430    47.784390   -45.131590
v  -153.576013    47.058443   -38.607888
v  -150.221013    45.348596   -49.609291
v  -151.431540    36.153054   -49.609291
v  -151.984906    36.312534   -47.844579
v  -151.174408    35.559358   -50.236767
v  -151.172770    35.540114   -50.235129
v  -149.237319    20.839776   -50.235129
v  -149.897550    18.538485   -47.275244
v  -149.287067    16.282028   -46.680524
v  -144.240236     4.097735   -46.680524
v  -144.800153    -1.796444   -38.458645
v  -144.324172    -2.796721   -37.986963
v  -134.634838   -15.424239   -37.986963
v  -132.189627   -20.144332   -35.277454
v  -128.153309   -24.180650   -35.277454
v  -125.051551   -25.787520   -37.057930
v   -40.054460   -91.007962   -37.057930
v   -34.802702   -93.506606   -39.534873
v   -30.910918   -96.399137   -38.152993
v   -23.838762  -103.053248   -31.319750
v   -19.516446  -112.976785    -9.039748
v    -8.614129  -109.359535   -31.319750
v    -3.577534  -113.724229   -25.078155
v    -0.956261  -115.200691   -23.221113
v    11.696028  -116.419202   -24.595623
v    55.343172  -122.165366   -24.595623
v    67.666677  -123.246918   -25.607364
v    70.348138  -122.085115   -28.441754
v    71.766049  -121.317404   -30.227143
v   100.924129  -117.478643   -30.227143
v   100.981247  -117.603934   -29.818925
v   107.605878  -117.293369   -23.152940
v   102.978729  -115.376957   -33.652977
v   105.230682  -113.425538   -36.443556
v   110.099403  -111.408812   -36.443556
v   110.141986  -111.470433   -36.226345
v   114.198162  -110.567605   -31.138979
v   112.674819  -105.867780   -44.651515
v   117.206976  -102.390150   -44.651515
v   117.548454  -101.919492   -44.988693
v   118.239803   -97.000613   -52.087667
v   118.686304   -96.138525   -52.582687
v   125.590587   -87.140745   -52.582687
v   127.108607   -83.950137   -54.087401
v   126.926199   -82.029836   -56.765997
v   127.557155   -79.894371   -57.460417
v   133.809395   -64.800145   -57.460417
v   134.633815   -61.752844   -58.263545
v   134.865766   -61.340941   -57.971815
v   135.276850   -57.072262   -58.435513
v   137.914296   -37.040119   -58.435513
v   138.138672   -34.482105   -58.645558
v   133.958843   -34.482105   -66.465362
v   133.681443   -31.086775   -66.148246
v   131.788984   -19.138937   -66.148246
v   131.644859   -17.452020   -65.933287
v   134.794317   -11.551494   -58.786613
v   132.365893    -1.835546   -55.858665
v   125.702161    11.242772   -55.858665
v   121.688567    26.239958   -50.346294
v   112.811778    36.132991   -52.426279
v   107.758396    47.476896   -46.520021
v    82.469990    72.765098   -46.520021
v    80.772018    76.354915   -44.267250
v    66.313662    89.328210   -41.227318
v    59.688417    91.101316   -43.662498
v    31.434190   105.497640   -43.662498
v    25.043352   107.094889   -45.588327
v    19.599564   111.205522   -42.184193
v    18.851301   111.894210   -41.489363
v   -10.145866   116.486965   -41.489363
v   -12.198214   116.654633   -41.681189
v   -13.101247   117.262660   -40.766077
v   -24.106950   116.363312   -39.737958
v   -58.475229   110.919728   -39.737958
v   -65.836044   110.290205   -38.799508
v   -83.967948    96.598742   -50.138500
v   -84.520905    96.460554   -49.971855
v  -125.628460    75.515141   -49.971855
v  -127.634950    72.660689   -52.098927
v  -129.836746    70.684907   -52.561806
v  -131.642198    66.868257   -54.957065
v  -141.777828    56.732627   -54.957065
v  -141.869748    56.805099   -54.761349
v  -146.468850    55.838397   -48.521802
v  -140.875614    53.552051   -58.790502
v  -145.065883    45.328124   -58.790502
v  -146.010475    45.765822   -57.016373
v  -148.916723    45.256266   -52.072108
v  -143.984127    43.301367   -61.245336
v  -145.253614    35.286257   -61.245336
v  -145.264669    35.286257   -61.225887
v  -146.445921    35.559358   -59.083051
v  -148.940471    20.860862   -50.795865
v  -143.065740    19.830696   -60.790236
v  -144.633304    34.585490   -62.136085
v  -142.472453    20.941932   -62.136085
v  -142.896025    19.151835   -60.585718
v  -143.567311     4.400930   -48.145522
v  -136.803469     2.979334   -57.322024
v  -135.271117     4.187199   -60.585718
v  -134.649578     4.155876   -61.288737
v  -130.883494     2.374377   -63.652264
v   -99.738783   -28.770334   -63.652264
v   -87.786441   -34.094770   -69.875228
v   -40.340049   -76.668346   -59.899691
v   -37.489691   -80.723294   -56.878390
v   -12.142939   -93.638038   -56.878390
v   -10.953089   -95.295885   -55.280322
v   -11.045419   -95.495080   -54.906498
v    11.089639   -97.181384   -58.090350
v    58.022382  -104.614670   -58.090350
v    68.280231  -105.453011   -59.048658
v    71.766049  -107.800364   -55.515754
v    72.885270  -107.708853   -55.411140
v   105.760095  -102.501929   -55.411140
v   106.765695  -104.671788   -51.335720
v   112.248381  -104.921140   -46.711847
v   106.216627  -101.620392   -56.397291
v   107.043094  -100.468620   -57.507503
v   113.522576   -97.167053   -57.507503
v   113.803456   -97.523476   -56.748595
v   113.814716   -91.344527   -64.094056
v   119.977492   -85.181751   -64.094056
v   120.808667   -83.315701   -65.065671
v   119.948626   -80.283549   -68.720181
v   120.225616   -79.248265   -69.100761
v   126.929065   -66.091947   -69.100761
v   127.694525   -63.029906   -70.023447
v   127.746729   -62.960505   -69.980046
v   127.988302   -60.135942   -70.340154
v   131.081462   -40.607007   -70.340154
v   131.253634   -38.499589   -70.537097
v   126.812373   -38.499589   -75.948745
v   126.564454   -35.183486   -75.610952
v   123.981873   -22.199955   -75.610952
v   123.885654   -20.840185   -75.415032
v   126.665587   -16.957204   -71.421091
v   124.171037    -5.981391   -67.824723
v   109.343771    16.208942   -67.824723
v   104.386609    36.683082   -59.820054
v    83.459621    57.610070   -59.820054
v    77.375050    59.083256   -62.198731
v    33.006667    88.729395   -62.198731
v    28.642587    89.721278   -63.628721
v    26.501799    92.415842   -61.766765
v   -10.972128    99.870010   -61.766765
v   -11.835035   100.969373   -60.723701
v   -12.198214   101.294473   -60.397373
v   -25.794481   100.277819   -59.012422
v   -76.456867    90.200535   -59.012422
v   -84.661345    89.619531   -57.830761
v  -105.263233    70.671805   -67.640881
v  -106.549302    67.801794   -69.486050
v  -131.029257    51.444632   -69.486050
v  -132.549939    52.965519   -67.158145
v  -139.270995    52.526593   -61.259871
v  -138.449442    43.285398   -67.679984
v  -130.713165    50.421222   -70.403618
v  -136.258291    42.122367   -70.403618
v  -141.664002    42.966030   -64.137048
v  -138.935044    34.585490   -69.079675
v  -135.065166    40.455717   -72.117968
v  -136.327283    34.110124   -72.117968
v  -136.831721    34.110124   -71.550681
v  -141.052904    21.147065   -63.905506
v  -134.608429    32.760999   -73.748996
v  -132.244902    20.879082   -73.748996
v  -133.208329    20.367684   -72.551367
v  -129.412765    20.268803   -75.973721
v  -116.843388     1.457628   -75.973721
v  -109.369361    -1.849672   -79.885977
v   -88.531224   -22.687810   -79.885977
v   -75.502244   -25.842386   -84.979689
v   -18.164660   -64.154040   -84.979689
v   -13.813069   -73.865279   -78.736457
v   -14.060988   -74.332047   -78.156272
v     2.786689   -75.040798   -81.127212
v    50.149964   -84.461945   -81.127212
v    61.494074   -85.310317   -82.282874
v    68.280231   -91.386904   -76.188270
v    73.574368   -90.990970   -75.648825
v   101.953681   -85.345939   -75.648825
v   105.216351   -85.115011   -75.178986
v   105.834410   -85.557418   -74.543321
v   108.100488   -89.826711   -69.236083
v   113.130327   -90.274030   -65.741666
v   113.502309   -80.433816   -74.543321
v   113.756370   -80.687877   -74.154348
v   112.122476   -75.965532   -78.549136
v   119.016522   -65.647903   -78.549136
v   119.424740   -63.851459   -79.137714
v   118.700021   -62.839309   -80.178936
v   122.556183   -43.453885   -80.178936
v   122.572560   -43.234422   -80.201250
v   117.007576   -43.234422   -84.768211
v   116.906852   -41.793377   -84.615692
v   111.149837   -20.308315   -84.615692
v   110.097152   -19.686571   -85.089421
v   106.588200   -16.254390   -85.992863
v   104.339318   -15.699386   -86.866621
v    33.297988    55.341944   -86.866621
v    29.983932    56.091844   -87.954928
v    28.589359    89.492603   -63.825050
v    28.641564    55.089520   -88.950087
v   -12.889154    66.217647   -88.950087
v   -12.962650    66.344985   -88.871473
v   -12.962650    67.273199   -88.193431
v   -10.972128    75.207238   -82.006907
v   -83.118348    47.546912   -88.871473
v  -106.643475    46.243850   -85.217987
v  -107.424902    46.827515   -84.638621
v  -110.761273    46.072292   -83.543148
v  -127.811626    47.519479   -74.000805
v  -127.139521    39.602841   -78.431420
v  -120.829958    36.003607   -83.543148
v  -121.850707    36.054787   -82.990191
v  -130.749401    39.452165   -75.823454
v  -128.333260    32.760999   -78.898803
v  -122.980164    31.839541   -82.990191
v  -124.660735    31.839541   -81.762468
v  -128.786107    20.414566   -76.511528
v  -117.875192    28.886412   -86.141697
v  -115.455980    19.857924   -86.141697
v  -107.905183    15.399058   -89.539075
v  -107.358982    15.426491   -89.835104
v   -86.935817    10.386416   -97.770576
v   -52.647175   -23.902227   -97.770576
v   -29.610927   -29.116111  -105.335090
v   -19.223897   -39.734888  -102.601220
v   -19.181110   -39.807155  -102.568669
v    43.745411   -56.668344  -102.568669
v    45.872482   -58.268459  -101.816107
v    46.453691   -59.273034  -101.196001
v    61.494074   -75.380229   -90.432281
v    72.267416   -74.626439   -89.292179
v    94.791857   -68.591205   -89.292179
v   100.207599   -68.291082   -88.451177
v   102.545126   -70.036754   -86.718197
v   105.652411   -74.668407   -82.725894
v   111.305222   -75.148278   -79.562310
v   109.769185   -62.812899   -86.718197
v   110.287544   -63.160724   -86.271287
v   118.591313   -62.813923   -80.272289
v   108.077355   -60.547640   -88.397539
v   111.467158   -47.897193   -88.397539
v   112.904722   -47.065608   -87.510065
v   100.632194   -47.897193   -94.188948
v   100.152119   -47.745698   -94.423765
v    96.255626   -47.745698   -96.110273
v    91.297031   -45.640531   -97.878875
v    79.249698   -16.555947   -97.878875
v    54.900766    -6.688300  -104.025273
v    25.569286    22.643180  -104.025273
v    26.489106    49.590866   -92.197403
v    18.762861    23.019871  -105.082462
v   -12.243048    35.863167  -105.082462
v   -12.889154    35.912095  -105.148588
v   -15.773291    32.557505  -106.528625
v   -36.402407    30.989531  -104.412199
v   -68.427222    17.724506  -104.412199
v   -74.715493    17.376477  -103.435671
v  -101.238993    28.090859   -94.043390
v  -106.192880    33.044541   -91.011442
v  -113.947172    33.309247   -87.607923
v  -112.379403    28.886412   -89.079267
v  -102.059932    26.108936   -94.043390
v  -103.572835    26.108936   -93.388686
v   -80.771609    17.071030  -101.636770
v   -78.127407    10.687154  -101.636770
v   -46.573454    -2.100458  -109.601722
v   -29.279071   -19.395046  -109.601722
v   -20.085781   -19.903782  -111.029665
v     6.112005   -30.755328  -111.029665
v    17.783671   -31.642393  -112.227089
v    26.277627   -36.351226  -110.926689
v    62.171502   -57.029680  -100.143930
v    82.621485   -48.558857  -100.143930
v    94.012886   -53.160620   -96.110273
v    99.891916   -59.039650   -92.511857
v   104.638827   -59.201586   -90.428391
v    48.338780   -30.204623  -108.970561
v    80.567090   -45.640531  -101.133765
v    19.651563   -24.489372  -112.747700
v   -16.565774    11.728170  -112.747700
v   -15.773291    13.382946  -112.345215
v    42.443782   -30.204623  -109.939924
v   -17.683152    10.505564  -112.978013
v   -34.545365     8.269989  -111.537378
v   -39.858336     2.957223  -111.537378
v   -45.162298     2.957223  -110.665463
v   -74.630329    17.071030  -103.499749
v   -30.385599     0.581823  -112.704299
v   -12.122262   -17.681514  -112.704299
v     2.521778   -19.623107  -113.955566
v    11.246047   -24.489372  -113.575395
v    37.828507   -34.819898  -109.939924
v    80.901608   -46.838980  -100.881751
v   -17.683152     0.581823  -113.955566
f      1      2      3
f      1      3      4
f      4      3      5
f      4      5      6
f      4      6      7
f      4      7      8
f      9     10      1
f      9      1      4
f      9      4      8
f      9     11     12
f      9     12     13
f      9     13     10
f     10     13     14
f     10     14     15
f     10     15     16
f     10     16      2
f     10      2      1
f     16     17     18
f     16     18     19
f     16     19      5
f     16      5      3
f     16      3      2
f     18     20     21
f     18     21     22
f     18     22     23
f     18     23     19
f     24     23     22
f     24     22     25
f     24     25     26
f      5     19     23
f      5     23     24
f      5     24      6
f      7      6     24
f      7     24     26
f      7     26     27
f      7     27     28
f      7     28     29
f     29     28     30
f     29     30     31
f     29     31     32
f      8      7     29
f      8     29     32
f      8     32     33
f      8     33     34
f      8     34     35
f      8     35     36
f      8     36     37
f      8     37     38
f      8     38     11
f      8     11      9
f     36     39     40
f     36     40     41
f     36     41     37
f     37     41     42
f     37     42     43
f     37     43     44
f     37     44     38
f     38     44     45
f     38     45     12
f     38     12     11
f     12     45     46
f     12     46     47
f     12     47     14
f     12     14     13
f     14     47     48
f     14     48     49
f     14     49     50
f     14     50     51
f     14     51     15
f     15     51     52
f     15     52     53
f     15     53     54
f     15     54     17
f     15     17     16
f     54     55     20
f     54     20     18
f     54     18     17
f     56     57     58
f     56     58     59
f     56     59     21
f     56     21     20
f     56     20     55
f     58     60     61
f     58     61     62
f     58     62     59
f     21     59     62
f     21     62     63
f     21     63     64
f     21     64     65
f     21     65     22
f     22     65     66
f     22     66     25
f     66     65     64
f     66     64     67
f     66     67     68
f     66     68     69
f     26     25     66
f     26     66     69
f     26     69     27
f     27     69     68
f     27     68     70
f     27     70     71
f     27     71     72
f     27     72     73
f     27     73     30
f     27     30     28
f     30     73     74
f     30     74     75
f     30     75     31
f     32     31     75
f     32     75     76
f     32     76     77
f     32     77     78
f     32     78     33
f     33     78     79
f     33     79     34
f     35     80     81
f     35     81     82
f     35     82     39
f     35     39     36
f     82     83     84
f     82     84     85
f     82     85     40
f     82     40     39
f     84     86     87
f     84     87     88
f     84     88     85
f     40     85     88
f     40     88     42
f     40     42     41
f     42     88     87
f     42     87     89
f     42     89     90
f     42     90     91
f     42     91     92
f     42     92     43
f     43     92     46
f     43     46     45
f     43     45     44
f     46     92     91
f     46     91     93
f     46     93     48
f     46     48     47
f     49     94     95
f     49     95     96
f     49     96     97
f     49     97     98
f     49     98     99
f     49     99    100
f     49    100     50
f     50    100    101
f     50    101    102
f     50    102     52
f     50     52     51
f     52    102    103
f     52    103    104
f     52    104     53
f     53    104    105
f     53    105    106
f     53    106     56
f     53     56     55
f     53     55     54
f    106    107    108
f    106    108    109
f    106    109     57
f    106     57     56
f    109    110     60
f    109     60     58
f    109     58     57
f    111    112    113
f    111    113     61
f    111     61     60
f    111     60    110
f     62     61    113
f     62    113    114
f     62    114    115
f     62    115     63
f     64     63    115
f     64    115    116
f     64    116    117
f     64    117    118
f     64    118     67
f    118    117    119
f    118    119    120
f     68     67    118
f     68    118    120
f     68    120    121
f     68    121    122
f     68    122     70
f    121    123    124
f    121    124    125
f    121    125    122
f     70    122    125
f     70    125    126
f     70    126     71
f     71    126    127
f     71    127    128
f     71    128    129
f     71    129    130
f     71    130    131
f     71    131     72
f     72    131    132
f     72    132     74
f     72     74     73
f     75     74    132
f     75    132    133
f     75    133    134
f     75    134    135
f     75    135     76
f     76    135    136
f     76    136    137
f     76    137     77
f     77    137    138
f     77    138    139
f     77    139     79
f     77     79     78
f     34     79    139
f     34    139    140
f     34    140     80
f     34     80     35
f     81    141    142
f     81    142     83
f     81     83     82
f    142    143    144
f    142    144    145
f    142    145     86
f    142     86     84
f    142     84     83
f    144    146    147
f    144    147    148
f    144    148    149
f    144    149    145
f     87     86    145
f     87    145    149
f     87    149    150
f     87    150     89
f    149    148    151
f    149    151    152
f    149    152    153
f    149    153    150
f     89    150    153
f     89    153     90
f     90    153    152
f     90    152    154
f     90    154    155
f     90    155     93
f     90     93     91
f     48     93    155
f     48    155    156
f     48    156     94
f     48     94     49
f    156    157    158
f    156    158     95
f    156     95     94
f     97    159    160
f     97    160    161
f     97    161    162
f     97    162    163
f     97    163     98
f     98    163    164
f     98    164    165
f     98    165    166
f     98    166     99
f     99    166    167
f     99    167    168
f     99    168    101
f     99    101    100
f    101    168    169
f    101    169    170
f    101    170    103
f    101    103    102
f    103    170    171
f    103    171    172
f    103    172    173
f    103    173    105
f    103    105    104
f    105    173    174
f    105    174    107
f    105    107    106
f    174    175    176
f    174    176    177
f    174    177    108
f    174    108    107
f    108    177    178
f    108    178    111
f    108    111    110
f    108    110    109
f    178    179    180
f    178    180    112
f    178    112    111
f    113    112    180
f    113    180    181
f    113    181    182
f    113    182    183
f    113    183    114
f    115    114    183
f    115    183    184
f    115    184    185
f    115    185    116
f    116    185    186
f    116    186    187
f    116    187    119
f    116    119    117
f    120    119    187
f    120    187    188
f    120    188    123
f    120    123    121
f    188    189    190
f    188    190    191
f    188    191    124
f    188    124    123
f    125    124    191
f    125    191    192
f    125    192    127
f    125    127    126
f    127    192    193
f    127    193    194
f    127    194    195
f    127    195    128
f    128    195    196
f    128    196    197
f    128    197    129
f    196    198    199
f    196    199    200
f    196    200    201
f    196    201    197
f    129    197    201
f    129    201    202
f    129    202    203
f    129    203    204
f    129    204    130
f    132    131    130
f    132    130    204
f    132    204    205
f    132    205    206
f    132    206    133
f    133    206    207
f    133    207    208
f    133    208    134
f    134    208    209
f    134    209    210
f    134    210    136
f    134    136    135
f    136    210    211
f    136    211    212
f    136    212    138
f    136    138    137
f    139    138    212
f    139    212    213
f    139    213    214
f    139    214    140
f    140    214    215
f    140    215    216
f    140    216    141
f    140    141     81
f    140     81     80
f    216    217    218
f    216    218    143
f    216    143    142
f    216    142    141
f    218    219    220
f    218    220    146
f    218    146    144
f    218    144    143
f    220    221    222
f    220    222    223
f    220    223    147
f    220    147    146
f    147    223    224
f    147    224    225
f    147    225    151
f    147    151    148
f    225    224    226
f    225    226    227
f    225    227    228
f    225    228    229
f    152    151    225
f    152    225    229
f    152    229    230
f    152    230    154
f    230    229    228
f    230    228    231
f    230    231    232
f    230    232    233
f    155    154    230
f    155    230    233
f    155    233    234
f    155    234    157
f    155    157    156
f    234    235    236
f    234    236    237
f    234    237    158
f    234    158    157
f     95    158    237
f     95    237    238
f     95    238     96
f     96    238    239
f     96    239    240
f     96    240    159
f     96    159     97
f    161    241    242
f    161    242    243
f    161    243    244
f    161    244    162
f    162    244    245
f    162    245    246
f    162    246    247
f    162    247    164
f    162    164    163
f    164    247    248
f    164    248    249
f    164    249    165
f    165    249    250
f    165    250    251
f    165    251    167
f    165    167    166
f    167    251    252
f    167    252    253
f    167    253    169
f    167    169    168
f    169    253    254
f    169    254    255
f    169    255    171
f    169    171    170
f    171    255    256
f    171    256    257
f    171    257    258
f    171    258    172
f    172    258    259
f    172    259    175
f    172    175    174
f    172    174    173
f    259    260    261
f    259    261    262
f    259    262    176
f    259    176    175
f    176    262    263
f    176    263    179
f    176    179    178
f    176    178    177
f    263    264    265
f    263    265    181
f    263    181    180
f    263    180    179
f    181    265    266
f    181    266    267
f    181    267    268
f    181    268    182
f    183    182    268
f    183    268    269
f    183    269    270
f    183    270    184
f    184    270    271
f    184    271    272
f    184    272    186
f    184    186    185
f    187    186    272
f    187    272    273
f    187    273    189
f    187    189    188
f    273    274    275
f    273    275    276
f    273    276    190
f    273    190    189
f    191    190    276
f    191    276    277
f    191    277    193
f    191    193    192
f    193    277    278
f    193    278    279
f    193    279    280
f    193    280    194
f    194    280    281
f    194    281    198
f    194    198    196
f    194    196    195
f    281    282    283
f    281    283    284
f    281    284    199
f    281    199    198
f    199    284    285
f    199    285    286
f    199    286    200
f    286    285    287
f    286    287    288
f    286    288    289
f    286    289    290
f    201    200    286
f    201    286    290
f    201    290    291
f    201    291    292
f    201    292    202
f    202    292    293
f    202    293    294
f    202    294    295
f    202    295    203
f    204    203    295
f    204    295    296
f    204    296    297
f    204    297    205
f    205    297    298
f    205    298    299
f    205    299    207
f    205    207    206
f    207    299    300
f    207    300    301
f    207    301    302
f    207    302    209
f    207    209    208
f    209    302    303
f    209    303    211
f    209    211    210
f    212    211    303
f    212    303    304
f    212    304    305
f    212    305    213
f    213    305    306
f    213    306    307
f    213    307    215
f    213    215    214
f    215    307    308
f    215    308    309
f    215    309    217
f    215    217    216
f    309    310    311
f    309    311    219
f    309    219    218
f    309    218    217
f    311    312    313
f    311    313    221
f    311    221    220
f    311    220    219
f    313    314    315
f    313    315    316
f    313    316    222
f    313    222    221
f    222    316    317
f    222    317    226
f    222    226    224
f    222    224    223
f    226    317    318
f    226    318    319
f    226    319    320
f    226    320    321
f    226    321    227
f    228    227    321
f    228    321    231
f    231    321    320
f    231    320    322
f    231    322    323
f    231    323    324
f    231    324    325
f    231    325    232
f    233    232    325
f    233    325    235
f    233    235    234
f    325    324    326
f    325    326    327
f    325    327    328
f    325    328    236
f    325    236    235
f    237    236    328
f    237    328    329
f    237    329    330
f    237    330    239
f    237    239    238
f    239    330    331
f    239    331    332
f    239    332    240
f    240    332    333
f    240    333    334
f    240    334    160
f    240    160    159
f    160    334    335
f    160    335    336
f    160    336    241
f    160    241    161
f    242    337    338
f    242    338    339
f    242    339    340
f    242    340    243
f    243    340    341
f    243    341    342
f    243    342    343
f    243    343    245
f    243    245    244
f    245    343    344
f    245    344    345
f    245    345    246
f    246    345    346
f    246    346    347
f    246    347    248
f    246    248    247
f    248    347    348
f    248    348    349
f    248    349    250
f    248    250    249
f    250    349    350
f    250    350    351
f    250    351    252
f    250    252    251
f    252    351    352
f    252    352    353
f    252    353    354
f    252    354    254
f    252    254    253
f    254    354    355
f    254    355    256
f    254    256    255
f    256    355    356
f    256    356    357
f    256    357    257
f    257    357    358
f    257    358    359
f    257    359    260
f    257    260    259
f    257    259    258
f    359    360    361
f    359    361    362
f    359    362    261
f    359    261    260
f    261    362    363
f    261    363    264
f    261    264    263
f    261    263    262
f    363    364    365
f    363    365    266
f    363    266    265
f    363    265    264
f    266    365    366
f    266    366    367
f    266    367    368
f    266    368    267
f    268    267    368
f    268    368    369
f    268    369    370
f    268    370    269
f    269    370    371
f    269    371    372
f    269    372    271
f    269    271    270
f    272    271    372
f    272    372    373
f    272    373    274
f    272    274    273
f    373    374    375
f    373    375    376
f    373    376    275
f    373    275    274
f    276    275    376
f    276    376    377
f    276    377    278
f    276    278    277
f    278    377    378
f    278    378    379
f    278    379    380
f    278    380    279
f    279    380    381
f    279    381    282
f    279    282    281
f    279    281    280
f    381    382    383
f    381    383    384
f    381    384    283
f    381    283    282
f    283    384    385
f    283    385    287
f    283    287    285
f    283    285    284
f    287    385    386
f    287    386    387
f    287    387    388
f    287    388    288
f    288    388    389
f    288    389    390
f    288    390    289
f    390    389    391
f    390    391    392
f    390    392    393
f    290    289    390
f    290    390    393
f    290    393    394
f    290    394    395
f    290    395    396
f    290    396    397
f    290    397    291
f    291    397    398
f    291    398    399
f    291    399    293
f    291    293    292
f    293    399    400
f    293    400    401
f    293    401    402
f    293    402    294
f    295    294    402
f    295    402    403
f    295    403    296
f    296    403    404
f    296    404    405
f    296    405    406
f    296    406    298
f    296    298    297
f    298    406    407
f    298    407    300
f    298    300    299
f    300    407    408
f    300    408    409
f    300    409    301
f    303    302    301
f    303    301    409
f    303    409    410
f    303    410    411
f    303    411    304
f    304    411    412
f    304    412    413
f    304    413    306
f    304    306    305
f    306    413    414
f    306    414    415
f    306    415    308
f    306    308    307
f    308    415    416
f    308    416    417
f    308    417    418
f    308    418    310
f    308    310    309
f    418    419    312
f    418    312    311
f    418    311    310
f    420    421    314
f    420    314    313
f    420    313    312
f    420    312    419
f    422    423    424
f    422    424    315
f    422    315    314
f    422    314    421
f    315    424    425
f    315    425    318
f    315    318    317
f    315    317    316
f    318    425    426
f    318    426    427
f    318    427    428
f    318    428    319
f    320    319    428
f    320    428    322
f    322    428    427
f    322    427    429
f    322    429    430
f    322    430    431
f    322    431    323
f    323    431    326
f    323    326    324
f    326    431    430
f    326    430    432
f    326    432    433
f    326    433    434
f    326    434    327
f    328    327    434
f    328    434    435
f    328    435    329
f    329    435    436
f    329    436    437
f    329    437    438
f    329    438    331
f    329    331    330
f    331    438    439
f    331    439    440
f    331    440    333
f    331    333    332
f    333    440    441
f    333    441    442
f    333    442    335
f    333    335    334
f    335    442    443
f    335    443    444
f    335    444    445
f    335    445    336
f    336    445    446
f    336    446    337
f    336    337    242
f    336    242    241
f    338    447    448
f    338    448    449
f    338    449    339
f    339    449    450
f    339    450    451
f    339    451    341
f    339    341    340
f    341    451    452
f    341    452    453
f    341    453    342
f    342    453    454
f    342    454    455
f    342    455    344
f    342    344    343
f    344    455    456
f    344    456    457
f    344    457    346
f    344    346    345
f    346    457    458
f    346    458    459
f    346    459    348
f    346    348    347
f    348    459    460
f    348    460    461
f    348    461    350
f    348    350    349
f    350    461    462
f    350    462    463
f    350    463    352
f    350    352    351
f    352    463    464
f    352    464    465
f    352    465    466
f    352    466    353
f    353    466    467
f    353    467    356
f    353    356    355
f    353    355    354
f    356    467    468
f    356    468    469
f    356    469    470
f    356    470    358
f    356    358    357
f    358    470    471
f    358    471    360
f    358    360    359
f    471    472    473
f    471    473    361
f    471    361    360
f    361    473    474
f    361    474    364
f    361    364    363
f    361    363    362
f    474    475    476
f    474    476    366
f    474    366    365
f    474    365    364
f    366    476    477
f    366    477    478
f    366    478    367
f    368    367    478
f    368    478    479
f    368    479    369
f    369    479    480
f    369    480    481
f    369    481    482
f    369    482    371
f    369    371    370
f    372    371    482
f    372    482    483
f    372    483    484
f    372    484    374
f    372    374    373
f    484    485    486
f    484    486    375
f    484    375    374
f    376    375    486
f    376    486    487
f    376    487    488
f    376    488    378
f    376    378    377
f    378    488    489
f    378    489    490
f    378    490    379
f    379    490    491
f    379    491    382
f    379    382    381
f    379    381    380
f    491    492    493
f    491    493    494
f    491    494    383
f    491    383    382
f    383    494    495
f    383    495    386
f    383    386    385
f    383    385    384
f    386    495    496
f    386    496    497
f    386    497    387
f    387    497    498
f    387    498    391
f    387    391    389
f    387    389    388
f    391    498    499
f    391    499    500
f    391    500    392
f    393    392    500
f    393    500    501
f    393    501    502
f    393    502    394
f    501    503    504
f    501    504    502
f    394    502    504
f    394    504    505
f    394    505    506
f    394    506    507
f    394    507    508
f    394    508    395
f    395    508    509
f    395    509    396
f    396    509    510
f    396    510    511
f    396    511    512
f    396    512    398
f    396    398    397
f    398    512    513
f    398    513    400
f    398    400    399
f    400    513    514
f    400    514    515
f    400    515    516
f    400    516    401
f    402    401    516
f    402    516    517
f    402    517    404
f    402    404    403
f    404    517    518
f    404    518    519
f    404    519    520
f    404    520    405
f    405    520    521
f    405    521    408
f    405    408    407
f    405    407    406
f    409    408    521
f    409    521    522
f    409    522    523
f    409    523    410
f    410    523    524
f    410    524    525
f    410    525    412
f    410    412    411
f    412    525    526
f    412    526    527
f    412    527    528
f    412    528    414
f    412    414    413
f    414    528    529
f    414    529    416
f    414    416    415
f    416    529    530
f    416    530    531
f    416    531    417
f    417    531    532
f    417    532    420
f    417    420    419
f    417    419    418
f    532    533    534
f    532    534    422
f    532    422    421
f    532    421    420
f    534    535    536
f    534    536    423
f    534    423    422
f    536    537    538
f    536    538    426
f    536    426    425
f    536    425    424
f    536    424    423
f    538    537    539
f    538    539    540
f    538    540    541
f    538    541    542
f    427    426    538
f    427    538    542
f    427    542    543
f    427    543    429
f    542    541    544
f    542    544    545
f    542    545    546
f    542    546    547
f    542    547    543
f    429    543    547
f    429    547    432
f    429    432    430
f    432    547    546
f    432    546    548
f    432    548    549
f    432    549    550
f    432    550    433
f    434    433    550
f    434    550    436
f    434    436    435
f    436    550    549
f    436    549    551
f    436    551    552
f    436    552    437
f    437    552    553
f    437    553    439
f    437    439    438
f    439    553    554
f    439    554    555
f    439    555    556
f    439    556    441
f    439    441    440
f    441    556    557
f    441    557    443
f    441    443    442
f    443    557    558
f    443    558    559
f    443    559    560
f    443    560    444
f    444    560    561
f    444    561    562
f    444    562    446
f    444    446    445
f    446    562    563
f    446    563    564
f    446    564    447
f    446    447    338
f    446    338    337
f    564    565    566
f    564    566    448
f    564    448    447
f    448    566    567
f    448    567    568
f    448    568    569
f    448    569    450
f    448    450    449
f    450    569    570
f    450    570    452
f    450    452    451
f    452    570    571
f    452    571    572
f    452    572    573
f    452    573    454
f    452    454    453
f    454    573    574
f    454    574    456
f    454    456    455
f    456    574    575
f    456    575    576
f    456    576    458
f    456    458    457
f    458    576    577
f    458    577    578
f    458    578    460
f    458    460    459
f    460    578    579
f    460    579    580
f    460    580    462
f    460    462    461
f    462    580    581
f    462    581    582
f    462    582    464
f    462    464    463
f    464    582    583
f    464    583    584
f    464    584    465
f    465    584    585
f    465    585    468
f    465    468    467
f    465    467    466
f    468    585    586
f    468    586    587
f    468    587    469
f    469    587    588
f    469    588    589
f    469    589    472
f    469    472    471
f    469    471    470
f    588    590    591
f    588    591    592
f    588    592    593
f    588    593    589
f    589    593    475
f    589    475    474
f    589    474    473
f    589    473    472
f    478    477    594
f    478    594    480
f    478    480    479
f    480    594    595
f    480    595    596
f    480    596    597
f    480    597    481
f    482    481    597
f    482    597    598
f    482    598    599
f    482    599    483
f    483    599    600
f    483    600    601
f    483    601    485
f    483    485    484
f    486    485    601
f    486    601    602
f    486    602    487
f    487    602    603
f    487    603    604
f    487    604    489
f    487    489    488
f    489    604    605
f    489    605    492
f    489    492    491
f    489    491    490
f    605    606    607
f    605    607    608
f    605    608    493
f    605    493    492
f    493    608    609
f    493    609    610
f    493    610    496
f    493    496    495
f    493    495    494
f    609    611    612
f    609    612    610
f    496    610    612
f    496    612    613
f    496    613    614
f    496    614    499
f    496    499    498
f    496    498    497
f    614    613    615
f    614    615    616
f    614    616    617
f    500    499    614
f    500    614    617
f    500    617    618
f    500    618    503
f    500    503    501
f    617    616    619
f    617    619    620
f    617    620    621
f    617    621    618
f    504    503    618
f    504    618    621
f    504    621    505
f    505    621    620
f    505    620    622
f    505    622    623
f    505    623    506
f    506    623    624
f    506    624    625
f    506    625    626
f    506    626    507
f    507    626    627
f    507    627    510
f    507    510    509
f    507    509    508
f    510    627    628
f    510    628    629
f    510    629    630
f    510    630    511
f    511    630    631
f    511    631    514
f    511    514    513
f    511    513    512
f    514    631    632
f    514    632    633
f    514    633    634
f    514    634    515
f    516    515    634
f    516    634    635
f    516    635    518
f    516    518    517
f    518    635    636
f    518    636    637
f    518    637    519
f    521    520    519
f    521    519    637
f    521    637    638
f    521    638    522
f    522    638    639
f    522    639    640
f    522    640    524
f    522    524    523
f    524    640    641
f    524    641    642
f    524    642    526
f    524    526    525
f    526    642    643
f    526    643    644
f    526    644    527
f    527    644    645
f    527    645    530
f    527    530    529
f    527    529    528
f    530    645    646
f    530    646    647
f    530    647    533
f    530    533    532
f    530    532    531
f    647    648    535
f    647    535    534
f    647    534    533
f    649    539    537
f    649    537    536
f    649    536    535
f    649    535    648
f    650    651    540
f    650    540    539
f    650    539    649
f    652    544    541
f    652    541    540
f    652    540    651
f    653    654    655
f    653    655    545
f    653    545    544
f    653    544    652
f    546    545    655
f    546    655    656
f    546    656    657
f    546    657    548
f    657    656    658
f    657    658    659
f    549    548    657
f    549    657    659
f    549    659    660
f    549    660    661
f    549    661    551
f    660    662    663
f    660    663    661
f    551    661    663
f    551    663    664
f    551    664    554
f    551    554    553
f    551    553    552
f    554    664    665
f    554    665    666
f    554    666    667
f    554    667    555
f    555    667    668
f    555    668    558
f    555    558    557
f    555    557    556
f    558    668    669
f    558    669    670
f    558    670    671
f    558    671    559
f    559    671    672
f    559    672    673
f    559    673    561
f    559    561    560
f    561    673    674
f    561    674    675
f    561    675    563
f    561    563    562
f    563    675    676
f    563    676    565
f    563    565    564
f    676    677    678
f    676    678    567
f    676    567    566
f    676    566    565
f    567    678    679
f    567    679    680
f    567    680    681
f    567    681    568
f    568    681    682
f    568    682    571
f    568    571    570
f    568    570    569
f    571    682    683
f    571    683    684
f    571    684    572
f    572    684    685
f    572    685    686
f    572    686    575
f    572    575    574
f    572    574    573
f    575    686    687
f    575    687    688
f    575    688    577
f    575    577    576
f    577    688    689
f    577    689    690
f    577    690    579
f    577    579    578
f    579    690    691
f    579    691    692
f    579    692    581
f    579    581    580
f    581    692    693
f    581    693    694
f    581    694    583
f    581    583    582
f    583    694    695
f    583    695    586
f    583    586    585
f    583    585    584
f    586    695    696
f    586    696    697
f    586    697    590
f    586    590    588
f    586    588    587
f    697    698    699
f    697    699    591
f    697    591    590
f    591    699    700
f    591    700    701
f    591    701    702
f    591    702    592
f    595    702    701
f    595    701    703
f    595    703    596
f    597    596    703
f    597    703    704
f    597    704    705
f    597    705    598
f    598    705    706
f    598    706    707
f    598    707    600
f    598    600    599
f    600    707    708
f    600    708    603
f    600    603    602
f    600    602    601
f    603    708    709
f    603    709    710
f    603    710    606
f    603    606    605
f    603    605    604
f    710    711    712
f    710    712    607
f    710    607    606
f    607    712    713
f    607    713    714
f    607    714    611
f    607    611    609
f    607    609    608
f    713    715    716
f    713    716    717
f    713    717    714
f    612    611    714
f    612    714    717
f    612    717    718
f    612    718    719
f    612    719    615
f    612    615    613
f    718    720    721
f    718    721    722
f    718    722    719
f    615    719    722
f    615    722    723
f    615    723    619
f    615    619    616
f    723    722    721
f    723    721    724
f    723    724    725
f    723    725    726
f    620    619    723
f    620    723    726
f    620    726    622
f    622    726    725
f    622    725    727
f    622    727    728
f    622    728    624
f    622    624    623
f    624    728    729
f    624    729    730
f    624    730    625
f    625    730    731
f    625    731    628
f    625    628    627
f    625    627    626
f    628    731    732
f    628    732    733
f    628    733    629
f    629    733    734
f    629    734    632
f    629    632    631
f    629    631    630
f    632    734    735
f    632    735    736
f    632    736    633
f    634    633    736
f    634    736    737
f    634    737    636
f    634    636    635
f    637    636    737
f    637    737    738
f    637    738    739
f    637    739    639
f    637    639    638
f    639    739    740
f    639    740    741
f    639    741    742
f    639    742    743
f    639    743    641
f    639    641    640
f    742    744    745
f    742    745    743
f    641    743    745
f    641    745    746
f    641    746    643
f    641    643    642
f    643    746    747
f    643    747    748
f    643    748    646
f    643    646    645
f    643    645    644
f    646    748    749
f    646    749    650
f    646    650    649
f    646    649    648
f    646    648    647
f    749    750    653
f    749    653    652
f    749    652    651
f    749    651    650
f    751    752    753
f    751    753    654
f    751    654    653
f    751    653    750
f    655    654    753
f    655    753    754
f    655    754    658
f    655    658    656
f    754    753    752
f    754    752    755
f    754    755    756
f    754    756    757
f    754    757    758
f    659    658    754
f    659    754    758
f    659    758    759
f    659    759    662
f    659    662    660
f    758    757    760
f    758    760    761
f    758    761    759
f    663    662    759
f    663    759    761
f    663    761    762
f    663    762    665
f    663    665    664
f    665    762    763
f    665    763    764
f    665    764    765
f    665    765    666
f    666    765    766
f    666    766    669
f    666    669    668
f    666    668    667
f    669    766    767
f    669    767    768
f    669    768    769
f    669    769    670
f    670    769    770
f    670    770    771
f    670    771    672
f    670    672    671
f    672    771    772
f    672    772    773
f    672    773    674
f    672    674    673
f    674    773    774
f    674    774    677
f    674    677    676
f    674    676    675
f    774    775    776
f    774    776    679
f    774    679    678
f    774    678    677
f    679    776    777
f    679    777    778
f    679    778    779
f    679    779    680
f    680    779    780
f    680    780    683
f    680    683    682
f    680    682    681
f    683    780    781
f    683    781    782
f    683    782    685
f    683    685    684
f    685    782    783
f    685    783    784
f    685    784    687
f    685    687    686
f    687    784    785
f    687    785    786
f    687    786    689
f    687    689    688
f    689    786    787
f    689    787    691
f    689    691    690
f    691    787    788
f    691    788    789
f    691    789    693
f    691    693    692
f    693    789    790
f    693    790    791
f    693    791    792
f    693    792    696
f    693    696    695
f    693    695    694
f    696    792    793
f    696    793    698
f    696    698    697
f    793    794    795
f    793    795    700
f    793    700    699
f    793    699    698
f    703    701    700
f    703    700    795
f    703    795    796
f    703    796    704
f    704    796    797
f    704    797    798
f    704    798    706
f    704    706    705
f    706    798    799
f    706    799    800
f    706    800    709
f    706    709    708
f    706    708    707
f    709    800    801
f    709    801    711
f    709    711    710
f    801    802    803
f    801    803    715
f    801    715    713
f    801    713    712
f    801    712    711
f    803    804    805
f    803    805    806
f    803    806    716
f    803    716    715
f    717    716    806
f    717    806    807
f    717    807    720
f    717    720    718
f    806    805    808
f    806    808    809
f    806    809    810
f    806    810    807
f    721    720    807
f    721    807    810
f    721    810    811
f    721    811    724
f    811    810    809
f    811    809    812
f    811    812    813
f    811    813    814
f    811    814    815
f    725    724    811
f    725    811    815
f    725    815    727
f    727    815    814
f    727    814    816
f    727    816    729
f    727    729    728
f    817    816    814
f    817    814    813
f    817    813    818
f    817    818    819
f    729    816    817
f    729    817    820
f    729    820    821
f    729    821    732
f    729    732    731
f    729    731    730
f    822    821    820
f    822    820    823
f    735    734    733
f    735    733    732
f    735    732    821
f    735    821    822
f    737    736    735
f    737    735    822
f    737    822    823
f    737    823    824
f    737    824    825
f    737    825    826
f    737    826    738
f    738    826    827
f    738    827    828
f    738    828    829
f    738    829    740
f    738    740    739
f    740    829    830
f    740    830    831
f    740    831    832
f    740    832    741
f    741    832    744
f    741    744    742
f    745    744    832
f    745    832    831
f    745    831    833
f    745    833    834
f    745    834    747
f    745    747    746
f    747    834    835
f    747    835    836
f    747    836    751
f    747    751    750
f    747    750    749
f    747    749    748
f    836    837    755
f    836    755    752
f    836    752    751
f    838    839    756
f    838    756    755
f    838    755    837
f    756    839    840
f    756    840    760
f    756    760    757
f    841    842    843
f    841    843    844
f    841    844    840
f    841    840    839
f    841    839    838
f    761    760    840
f    761    840    844
f    761    844    763
f    761    763    762
f    763    844    843
f    763    843    845
f    763    845    846
f    763    846    764
f    764    846    847
f    764    847    767
f    764    767    766
f    764    766    765
f    767    847    848
f    767    848    849
f    767    849    850
f    767    850    768
f    768    850    851
f    768    851    852
f    768    852    770
f    768    770    769
f    770    852    853
f    770    853    854
f    770    854    772
f    770    772    771
f    772    854    855
f    772    855    775
f    772    775    774
f    772    774    773
f    855    856    857
f    855    857    777
f    855    777    776
f    855    776    775
f    777    857    858
f    777    858    859
f    777    859    860
f    777    860    778
f    778    860    861
f    778    861    781
f    778    781    780
f    778    780    779
f    781    861    862
f    781    862    863
f    781    863    783
f    781    783    782
f    783    863    864
f    783    864    785
f    783    785    784
f    785    864    865
f    785    865    866
f    785    866    788
f    785    788    787
f    785    787    786
f    788    866    867
f    788    867    868
f    788    868    790
f    788    790    789
f    790    868    869
f    790    869    870
f    790    870    791
f    791    870    871
f    791    871    794
f    791    794    793
f    791    793    792
f    795    794    871
f    795    871    872
f    795    872    797
f    795    797    796
f    797    872    873
f    797    873    874
f    797    874    799
f    797    799    798
f    799    874    875
f    799    875    802
f    799    802    801
f    799    801    800
f    875    876    877
f    875    877    878
f    875    878    804
f    875    804    803
f    875    803    802
f    878    879    808
f    878    808    805
f    878    805    804
f    880    879    878
f    880    878    877
f    880    877    881
f    880    881    882
f    809    808    879
f    809    879    880
f    809    880    883
f    809    883    812
f    884    883    880
f    884    880    882
f    884    882    885
f    884    885    886
f    884    886    887
f    813    812    883
f    813    883    884
f    813    884    818
f    819    818    884
f    819    884    887
f    819    887    888
f    888    887    886
f    888    886    889
f    888    889    890
f    888    890    891
f    823    820    817
f    823    817    819
f    823    819    888
f    823    888    891
f    823    891    824
f    824    891    890
f    824    890    892
f    824    892    893
f    824    893    825
f    825    893    894
f    825    894    895
f    825    895    827
f    825    827    826
f    827    895    896
f    827    896    897
f    827    897    898
f    827    898    899
f    827    899    828
f    828    899    830
f    828    830    829
f    830    899    898
f    830    898    900
f    830    900    901
f    830    901    833
f    830    833    831
f    833    901    902
f    833    902    903
f    833    903    835
f    833    835    834
f    835    903    904
f    835    904    841
f    835    841    838
f    835    838    837
f    835    837    836
f    904    905    906
f    904    906    907
f    904    907    908
f    904    908    842
f    904    842    841
f    843    842    908
f    843    908    909
f    843    909    845
f    907    910    911
f    907    911    909
f    907    909    908
f    845    909    911
f    845    911    848
f    845    848    847
f    845    847    846
f    848    911    910
f    848    910    912
f    848    912    913
f    848    913    849
f    849    913    914
f    849    914    851
f    849    851    850
f    851    914    915
f    851    915    916
f    851    916    853
f    851    853    852
f    853    916    917
f    853    917    856
f    853    856    855
f    853    855    854
f    917    918    919
f    917    919    858
f    917    858    857
f    917    857    856
f    858    919    920
f    858    920    859
f    859    920    921
f    859    921    922
f    859    922    862
f    859    862    861
f    859    861    860
f    862    922    923
f    862    923    924
f    862    924    865
f    862    865    864
f    862    864    863
f    865    924    925
f    865    925    926
f    865    926    867
f    865    867    866
f    925    927    928
f    925    928    929
f    925    929    930
f    925    930    931
f    925    931    926
f    867    926    931
f    867    931    869
f    867    869    868
f    869    931    930
f    869    930    873
f    869    873    872
f    869    872    871
f    869    871    870
f    873    930    929
f    873    929    932
f    873    932    933
f    873    933    934
f    873    934    876
f    873    876    875
f    873    875    874
f    934    935    936
f    934    936    881
f    934    881    877
f    934    877    876
f    937    936    935
f    937    935    938
f    937    938    939
f    882    881    936
f    882    936    937
f    882    937    940
f    882    940    885
f    941    940    937
f    941    937    939
f    941    939    942
f    941    942    943
f    886    885    940
f    886    940    941
f    886    941    889
f    890    889    941
f    890    941    943
f    890    943    944
f    890    944    892
f    943    942    945
f    943    945    946
f    943    946    944
f    892    944    946
f    892    946    947
f    892    947    894
f    892    894    893
f    894    947    948
f    894    948    949
f    894    949    950
f    894    950    896
f    894    896    895
f    896    950    951
f    896    951    952
f    896    952    953
f    896    953    897
f    897    953    954
f    897    954    955
f    897    955    956
f    897    956    900
f    897    900    898
f    900    956    957
f    900    957    902
f    900    902    901
f    902    957    958
f    902    958    905
f    902    905    904
f    902    904    903
f    958    959    960
f    958    960    961
f    958    961    962
f    958    962    906
f    958    906    905
f    906    962    963
f    906    963    912
f    906    912    910
f    906    910    907
f    961    964    965
f    961    965    963
f    961    963    962
f    912    963    965
f    912    965    966
f    912    966    915
f    912    915    914
f    912    914    913
f    965    964    967
f    965    967    968
f    965    968    969
f    965    969    966
f    915    966    969
f    915    969    918
f    915    918    917
f    915    917    916
f    969    968    970
f    969    970    971
f    969    971    921
f    969    921    920
f    969    920    919
f    969    919    918
f    921    971    972
f    921    972    973
f    921    973    974
f    921    974    923
f    921    923    922
f    923    974    975
f    923    975    976
f    923    976    977
f    923    977    927
f    923    927    925
f    923    925    924
f    976    978    979
f    976    979    977
f    977    979    980
f    977    980    928
f    977    928    927
f    929    928    980
f    929    980    981
f    929    981    982
f    929    982    932
f    932    982    983
f    932    983    984
f    932    984    985
f    932    985    986
f    932    986    933
f    933    986    987
f    933    987    938
f    933    938    935
f    933    935    934
f    988    987    986
f    988    986    985
f    988    985    989
f    988    989    990
f    939    938    987
f    939    987    988
f    939    988    945
f    939    945    942
f    946    945    988
f    946    988    990
f    946    990    948
f    946    948    947
f    948    990    989
f    948    989    991
f    948    991    992
f    948    992    949
f    949    992    993
f    949    993    994
f    949    994    951
f    949    951    950
f    951    994    995
f    951    995    996
f    951    996    952
f    952    996    997
f    952    997    998
f    952    998    954
f    952    954    953
f    955    999    959
f    955    959    958
f    955    958    957
f    955    957    956
f   1000   1001   1002
f   1000   1002    960
f   1000    960    959
f   1000    959    999
f    960   1002   1003
f    960   1003    967
f    960    967    964
f    960    964    961
f    972    971    970
f    972    970   1003
f    972   1003   1002
f    972   1002   1001
f   1003    970    968
f   1003    968    967
f   1004    975    974
f   1004    974    973
f   1004    973   1005
f   1006   1007   1008
f   1006   1008    978
f   1006    978    976
f   1006    976    975
f   1006    975   1004
f   1006   1004   1009
f    980    979    978
f    980    978   1008
f    980   1008    981
f    981   1008   1007
f    981   1007   1010
f    981   1010   1011
f    981   1011    983
f    981    983    982
f    984    983   1011
f    984   1011   1012
f    984   1012   1013
f    984   1013   1014
f    989    985    984
f    989    984   1014
f    989   1014    991
f    991   1014   1013
f    991   1013    993
f    991    993    992
f    993   1013   1012
f    993   1012   1015
f    993   1015   1016
f    993   1016    995
f    993    995    994
f    995   1016   1017
f    995   1017   1018
f    995   1018    997
f    995    997    996
f    954    998   1019
f    954   1019   1020
f    954   1020   1000
f    954   1000    999
f    954    999    955
f   1019   1009   1004
f   1019   1004   1005
f   1019   1005   1020
f   1020   1005    973
f   1020    973    972
f   1020    972   1001
f   1020   1001   1000
f   1017   1021   1010
f   1017   1010   1007
f   1017   1007   1006
f   1017   1006   1018
f   1012   1011   1010
f   1012   1010   1021
f   1012   1021   1015
f   1015   1021   1017
f   1015   1017   1016
f    997   1018   1006
f    997   1006   1009
f    997   1009   1019
f    997   1019    998
f    592    702    595
f    592    595    594
f    592    594    477
f    592    477    476
f    592    476    475
f    592    475    593
