v     0.163634    -0.075238     0.527435
v     0.089408    -0.004546     0.527435
v     0.089408    -0.136251     0.539759
v     0.146194    -0.136251     0.534698
v     0.169324    -0.116118     0.530753
v     0.083822     0.016668     0.524953
v     0.062820    -0.003333     0.524953
v     0.041080    -0.159509     0.537628
v     0.064987    -0.159509     0.539759
v     0.064987    -0.234092     0.532780
v    -0.010529    -0.204431     0.528826
v     0.050359    -0.262419     0.528826
v     0.060239    -0.252123     0.530670
v     0.142904    -0.159886     0.532780
v     0.302059    -0.004929     0.481051
v     0.231659     0.156937     0.481051
v     0.231606    -0.116118     0.513660
v     0.263201    -0.103343     0.503463
v     0.307048    -0.067440     0.487144
v     0.194621     0.215562     0.477404
v     0.083822     0.186117     0.498485
v     0.230223     0.181656     0.477404
v     0.191553     0.222771     0.475675
v     0.052438     0.277651     0.475675
v     0.052438     0.248523     0.484069
v     0.005947     0.381944     0.440335
v    -0.047207     0.440825     0.417324
v    -0.049024     0.440109     0.417324
v     0.029672     0.254573     0.479738
v     0.022652     0.133766     0.497563
v    -0.003516     0.073600     0.497563
v    -0.025919    -0.207097     0.524920
v    -0.016375    -0.207097     0.527540
v    -0.162536    -0.318961     0.474072
v    -0.118712    -0.419722     0.474072
v    -0.063176    -0.366830     0.495628
v     0.005000    -0.348712     0.508600
v     0.010074    -0.342525     0.510321
v    -0.118815    -0.419965     0.473990
v    -0.058628    -0.443709     0.473990
v    -0.016587    -0.397139     0.492190
v     0.102266    -0.263292     0.522674
v     0.080347    -0.314803     0.510321
v     0.157726    -0.210473     0.522674
v     0.197194    -0.195240     0.513660
v     0.368850     0.003379     0.447620
v     0.341426     0.100855     0.447620
v     0.335898    -0.067440     0.473192
v     0.336632    -0.067036     0.472781
v     0.371730    -0.035823     0.451561
v     0.322846     0.184667     0.440622
v     0.337337     0.171167     0.437246
v     0.315737     0.214579     0.431290
v     0.195368     0.329216     0.431291
v     0.184864     0.369754     0.416327
v     0.129507     0.423652     0.403145
v     0.109477     0.455957     0.389337
v    -0.067145     0.501029     0.389337
v    -0.093055     0.534956     0.370377
v    -0.150877     0.593931     0.332938
v    -0.173334     0.588200     0.332938
v    -0.156871     0.548147     0.355410
v    -0.086674     0.524452     0.376538
v    -0.156674     0.542632     0.357710
v    -0.211754     0.615526     0.307167
v    -0.256825     0.572601     0.307167
v    -0.178327     0.543336     0.349111
v    -0.286360     0.574009     0.292692
v    -0.430054     0.493196     0.234196
v    -0.432623     0.491201     0.233225
v    -0.438813     0.482964     0.231353
v    -0.548127     0.094423     0.231353
v    -0.570529    -0.210522     0.262010
v    -0.459152    -0.309570     0.329349
v    -0.410064    -0.336614     0.356768
v    -0.221306    -0.336614     0.448052
v    -0.376552    -0.455724     0.356768
v    -0.336662    -0.478159     0.373007
v    -0.281941    -0.475551     0.399825
v    -0.271573    -0.471686     0.405365
v    -0.169642    -0.468372     0.445844
v    -0.230558    -0.524487     0.399825
v    -0.210088    -0.528899     0.405907
v    -0.173867    -0.503136     0.430204
v    -0.170604    -0.495198     0.434658
v    -0.063732    -0.459123     0.466825
v    -0.108360    -0.519853     0.430204
v    -0.104088    -0.520137     0.430613
v    -0.077442    -0.492960     0.447866
v    -0.063732    -0.470389     0.461104
v     0.039753    -0.416156     0.475233
v     0.019258    -0.449211     0.461104
v     0.082488    -0.374547     0.485409
v     0.295655    -0.198441     0.474559
v     0.119008    -0.366675     0.474559
v     0.298356    -0.197806     0.473610
v     0.299208    -0.197847     0.473192
v     0.448638    -0.009705     0.390405
v     0.418536     0.134424     0.390405
v     0.418678    -0.035823     0.416702
v     0.436865    -0.022228     0.401089
v     0.416037     0.168038     0.385806
v     0.425539     0.180678     0.373453
v     0.325433     0.323364     0.373453
v     0.316722     0.357628     0.360727
v     0.295032     0.378285     0.360727
v     0.293826     0.378563     0.361154
v     0.118840     0.489917     0.361154
v     0.107884     0.492289     0.364401
v     0.016255     0.572548     0.324925
v    -0.156703     0.623277     0.310919
v    -0.156703     0.616049     0.316554
v    -0.001542     0.593883     0.310920
v    -0.171865     0.641673     0.294338
v    -0.198239     0.664165     0.272907
v    -0.228250     0.658479     0.272907
v    -0.223498     0.639020     0.288780
v    -0.223780     0.632599     0.293187
v    -0.250442     0.673612     0.252253
v    -0.297738     0.643514     0.252253
v    -0.292074     0.638120     0.258606
v    -0.308022     0.646539     0.243912
v    -0.328536     0.637894     0.234196
v    -0.540974     0.377173     0.183496
v    -0.564652     0.333044     0.176051
v    -0.576776     0.169985     0.198362
v    -0.600255     0.057567     0.198362
v    -0.617504    -0.162107     0.219622
v    -0.571982    -0.210522     0.260931
v    -0.570810    -0.225459     0.259485
v    -0.538688    -0.379255     0.259485
v    -0.497414    -0.410483     0.285290
v    -0.473756    -0.434981     0.296372
v    -0.430141    -0.453594     0.321741
v    -0.391836    -0.508192     0.321741
v    -0.349952    -0.525843     0.341577
v    -0.340668    -0.523112     0.349107
v    -0.307672    -0.530721     0.360779
v    -0.262915    -0.559203     0.360779
v    -0.231606    -0.565980     0.370060
v    -0.209135    -0.550657     0.390974
v    -0.199771    -0.551289     0.392194
v    -0.138303    -0.562933     0.392194
v    -0.121793    -0.564109     0.393716
v    -0.107173    -0.551641     0.405596
v    -0.104088    -0.547898     0.408970
v     0.003972    -0.520958     0.414013
v    -0.002436    -0.528641     0.408970
v     0.016597    -0.509900     0.419452
v     0.040258    -0.504778     0.412438
v     0.241693    -0.376593     0.412438
v     0.312395    -0.313927     0.410150
v     0.302221    -0.199771     0.470843
v     0.272769    -0.369427     0.401445
v     0.306437    -0.337362     0.401445
v     0.385259    -0.196469     0.416566
v     0.380412    -0.216979     0.410150
v     0.385295    -0.196518     0.416519
v     0.385332    -0.195480     0.416702
v     0.546990     0.177749     0.248791
v     0.544723     0.178867     0.251085
v     0.526124     0.176307     0.272059
v     0.463627    -0.006480     0.374472
v     0.539157    -0.006480     0.291204
v     0.571787     0.028642     0.248791
v     0.434113     0.185012     0.363810
v     0.469023     0.320362     0.251085
v     0.448057     0.334397     0.265219
v     0.436601     0.346557     0.267648
v     0.427289     0.350752     0.272936
v     0.300473     0.471529     0.272936
v     0.288285     0.476700     0.278677
v     0.274114     0.488811     0.275981
v     0.232136     0.499510     0.289941
v    -0.003632     0.613919     0.289941
v    -0.006959     0.618335     0.285898
v    -0.079321     0.670373     0.244955
v    -0.098964     0.687590     0.228456
v    -0.201656     0.703080     0.228456
v    -0.201656     0.678570     0.256828
v    -0.209591     0.709767     0.219330
v    -0.213688     0.712394     0.215574
v    -0.254528     0.706234     0.215574
v    -0.252733     0.694411     0.229573
v    -0.254200     0.680354     0.244290
v    -0.262197     0.710133     0.207169
v    -0.307671     0.688066     0.207169
v    -0.305406     0.684690     0.212104
v    -0.311412     0.689076     0.203090
v    -0.322021     0.684575     0.198093
v    -0.374006     0.635066     0.198093
v    -0.386855     0.629277     0.190797
v    -0.440224     0.572632     0.179483
v    -0.445650     0.568999     0.175824
v    -0.533941     0.403970     0.175824
v    -0.599477     0.289121     0.149957
v    -0.616108     0.103933     0.172384
v    -0.628569     0.029009     0.172384
v    -0.642531    -0.133709     0.186824
v    -0.622452    -0.162107     0.214167
v    -0.619806    -0.192944     0.211430
v    -0.600135    -0.311227     0.211431
v    -0.599080    -0.322972     0.210008
v    -0.562078    -0.369642     0.237734
v    -0.549510    -0.378231     0.248694
v    -0.507439    -0.456868     0.248694
v    -0.477660    -0.476804     0.268769
v    -0.466839    -0.488289     0.271063
v    -0.427599    -0.505968     0.293344
v    -0.385624    -0.545945     0.293344
v    -0.357287    -0.557967     0.306692
v    -0.347923    -0.555437     0.316903
v    -0.315636    -0.563666     0.327641
v    -0.265914    -0.587795     0.327641
v    -0.243987    -0.593014     0.333619
v    -0.229551    -0.585675     0.349439
v    -0.215361    -0.586831     0.351075
v    -0.146637    -0.597197     0.351075
v    -0.129163    -0.598557     0.352552
v    -0.121793    -0.593831     0.359310
v    -0.107608    -0.592727     0.358111
v    -0.018185    -0.579238     0.358111
v    -0.008188    -0.578424     0.356958
v    -0.007584    -0.577990     0.357300
v     0.061381    -0.561573     0.338496
v     0.157895    -0.514738     0.338497
v     0.224553    -0.497749     0.316329
v     0.261412    -0.466250     0.323341
v     0.266887    -0.455229     0.329911
v     0.388313    -0.332271     0.336435
v     0.390010    -0.337968     0.329912
v     0.390461    -0.324627     0.339104
v     0.462929    -0.189173     0.339104
v     0.488070    -0.171989     0.317179
v     0.512797    -0.159796     0.292155
v     0.513839    -0.158717     0.291204
v     0.657825     0.118607     0.084508
v     0.642822     0.141231     0.104610
v     0.627641     0.155366     0.126999
v     0.594067     0.029880     0.213192
v     0.670090     0.029880     0.084508
v     0.616236     0.167900     0.141755
v     0.549811     0.178994     0.243997
v     0.588445     0.028642     0.222419
v     0.580068     0.251060     0.141755
v     0.554491     0.276948     0.165518
v     0.535171     0.301706     0.173870
v     0.525349     0.309086     0.181945
v     0.427631     0.430371     0.181945
v     0.426100     0.431429     0.182937
v     0.395152     0.460903     0.182937
v     0.387078     0.471497     0.175725
v     0.256946     0.566596     0.175725
v     0.248396     0.576917     0.166815
v     0.187368     0.620114     0.147210
v     0.166914     0.625870     0.153228
v    -0.046577     0.710090     0.153228
v    -0.105922     0.725381     0.167379
v    -0.118171     0.731952     0.159527
v    -0.122486     0.734547     0.155876
v    -0.208286     0.745305     0.155876
v    -0.212387     0.745648     0.156181
v    -0.215424     0.744082     0.159641
v    -0.215424     0.719547     0.203247
v    -0.259209     0.738592     0.159641
v    -0.261136     0.736715     0.162548
v    -0.260676     0.730529     0.173645
v    -0.263818     0.713463     0.201227
v    -0.304987     0.719416     0.162548
v    -0.306814     0.717779     0.164145
v    -0.305629     0.715275     0.169324
v    -0.309879     0.716390     0.162837
v    -0.359110     0.680413     0.162837
v    -0.363998     0.678001     0.160299
v    -0.383074     0.659834     0.160299
v    -0.395671     0.651125     0.152131
v    -0.464953     0.565135     0.152131
v    -0.467044     0.563564     0.150412
v    -0.525937     0.488095     0.124955
v    -0.536356     0.454515     0.135329
v    -0.586349     0.339570     0.135329
v    -0.600740     0.288910     0.148013
v    -0.630697     0.238258     0.113921
v    -0.645468     0.092173     0.128999
v    -0.656649     0.011288     0.128999
v    -0.667363    -0.104973     0.138067
v    -0.654290    -0.133709     0.166920
v    -0.651823    -0.160474     0.164833
v    -0.637957    -0.260785     0.164833
v    -0.635820    -0.281919     0.162652
v    -0.613832    -0.319096     0.187674
v    -0.612316    -0.320762     0.189635
v    -0.571703    -0.414141     0.189635
v    -0.564550    -0.421382     0.196281
v    -0.551588    -0.437992     0.201884
v    -0.533374    -0.451676     0.216858
v    -0.479450    -0.518605     0.216858
v    -0.466443    -0.527598     0.225292
v    -0.461900    -0.528205     0.231223
v    -0.437816    -0.540087     0.243732
v    -0.376650    -0.584787     0.243732
v    -0.369333    -0.588102     0.246854
v    -0.351002    -0.586444     0.269989
v    -0.335489    -0.590810     0.274553
v    -0.276093    -0.614241     0.274553
v    -0.257847    -0.618942     0.278904
v    -0.240106    -0.614094     0.299550
v    -0.222803    -0.615681     0.301251
v    -0.159146    -0.623663     0.301251
v    -0.138959    -0.625350     0.302750
v    -0.129163    -0.621308     0.312118
v    -0.109183    -0.619638     0.310633
v    -0.035030    -0.610340     0.310633
v    -0.013704    -0.608384     0.308537
v    -0.007182    -0.610167     0.300947
v     0.054317    -0.594320     0.286282
v     0.129811    -0.564539     0.286282
v     0.215110    -0.540533     0.261185
v     0.226118    -0.541529     0.247292
v     0.264389    -0.524188     0.230961
v     0.358596    -0.455343     0.230961
v     0.381594    -0.443997     0.219017
v     0.394314    -0.341199     0.321619
v     0.417002    -0.439258     0.172782
v     0.419578    -0.437478     0.171112
v     0.516925    -0.316653     0.171112
v     0.520175    -0.314212     0.168441
v     0.633238    -0.138777     0.107425
v     0.569933    -0.292186     0.101753
v     0.573564    -0.288511     0.098380
v     0.638531    -0.139134     0.098380
v     0.677980     0.016002     0.067906
v     0.659195    -0.119894     0.067905
v     0.718550     0.013953    -0.051550
v     0.713558     0.056146    -0.051550
v     0.707786     0.070467    -0.039389
v     0.694312     0.094857    -0.007806
v     0.682052     0.016002     0.056585
v     0.689518     0.013953     0.035041
v     0.686656     0.109623     0.007804
v     0.670151     0.154547     0.007804
v     0.639843     0.201741     0.046768
v     0.639356     0.202550     0.047102
v     0.609697     0.238770     0.081569
v     0.535191     0.351699     0.081569
v     0.519651     0.368106     0.094754
v     0.482225     0.410751     0.101145
v     0.481169     0.411610     0.101903
v     0.368909     0.518524     0.101903
v     0.361323     0.526985     0.095523
v     0.316819     0.562411     0.089171
v     0.305839     0.571844     0.080768
v     0.173121     0.651265     0.080767
v     0.172206     0.651944     0.079938
v     0.127499     0.676348     0.062327
v     0.025668     0.706863     0.087456
v    -0.013154     0.719801     0.087456
v    -0.128079     0.750829     0.110393
v    -0.139830     0.754959     0.102639
v    -0.210070     0.763034     0.100953
v    -0.213019     0.762344     0.104106
v    -0.213019     0.747734     0.149861
v    -0.141915     0.755721     0.100953
v    -0.249342     0.758446     0.104106
v    -0.255282     0.755470     0.111431
v    -0.255339     0.753701     0.116949
v    -0.259978     0.740196     0.154676
v    -0.289644     0.744019     0.111431
v    -0.292134     0.742568     0.113388
v    -0.296333     0.738932     0.120447
v    -0.296224     0.738578     0.121678
v    -0.340522     0.712488     0.120447
v    -0.344531     0.709044     0.123515
v    -0.355324     0.700452     0.125056
v    -0.358929     0.697841     0.123013
v    -0.415147     0.644300     0.123013
v    -0.421093     0.639465     0.118744
v    -0.459543     0.595653     0.112178
v    -0.465154     0.589729     0.107417
v    -0.531723     0.488830     0.107417
v    -0.533822     0.484824     0.108938
v    -0.574098     0.417899     0.081257
v    -0.583962     0.388041     0.088994
v    -0.628125     0.267842     0.088994
v    -0.637568     0.236117     0.095642
v    -0.656817     0.186438     0.061217
v    -0.667896     0.083624     0.069931
v    -0.675312     0.020937     0.069931
v    -0.683679    -0.065991     0.075648
v    -0.675493    -0.104973     0.113821
v    -0.673677    -0.123831     0.112580
v    -0.661772    -0.224464     0.112580
v    -0.658985    -0.250326     0.110389
v    -0.648244    -0.278047     0.129598
v    -0.647192    -0.281579     0.128858
v    -0.610802    -0.380624     0.128858
v    -0.606547    -0.393504     0.125520
v    -0.603647    -0.398323     0.127514
v    -0.600463    -0.402211     0.131214
v    -0.538402    -0.494409     0.134662
v    -0.540534    -0.493046     0.131214
v    -0.530757    -0.500626     0.140153
v    -0.451690    -0.565783     0.165349
v    -0.469206    -0.559246     0.140153
v    -0.468895    -0.559471     0.140329
v    -0.441885    -0.570957     0.169705
v    -0.360462    -0.607498     0.205484
v    -0.391669    -0.601007     0.169705
v    -0.386646    -0.603395     0.171521
v    -0.348796    -0.610994     0.208363
v    -0.253324    -0.632110     0.242119
v    -0.293932    -0.629278     0.208363
v    -0.280632    -0.632868     0.211017
v    -0.233079    -0.634089     0.243753
v    -0.173578    -0.640474     0.243753
v    -0.155638    -0.642040     0.244877
v    -0.138959    -0.638862     0.260433
v    -0.113128    -0.636607     0.258815
v    -0.042552    -0.629034     0.258815
v    -0.012660    -0.626112     0.256402
v     0.011061    -0.626771     0.229387
v     0.082993    -0.607351     0.215031
v     0.132581    -0.590825     0.215031
v     0.214848    -0.566172     0.194730
v     0.258235    -0.559373     0.138452
v     0.315905    -0.531963     0.117597
v     0.364289    -0.503009     0.117598
v     0.399564    -0.484396     0.101926
v     0.452450    -0.464994     0.025019
v     0.473158    -0.449996     0.013287
v     0.525144    -0.400485     0.013287
v     0.549192    -0.380927    -0.003983
v     0.569966    -0.367650    -0.037585
v     0.581993    -0.354951    -0.047789
v     0.645520    -0.258662    -0.047789
v     0.657923    -0.243516    -0.062202
v     0.663908    -0.121945     0.054013
v     0.708487    -0.108054    -0.064586
v     0.664991    -0.236114    -0.075266
v     0.675593    -0.219606    -0.088896
v     0.716623    -0.107930    -0.088896
v     0.716620    -0.107818    -0.088762
v     0.727006    -0.020032    -0.088762
v     0.725622    -0.013446    -0.082312
v     0.728465    -0.020920    -0.101321
v     0.735522    -0.020920    -0.166155
v     0.732438     0.008905    -0.166155
v     0.725622     0.040490    -0.133551
v     0.724224     0.046582    -0.128108
v     0.714329     0.077647    -0.128108
v     0.699242     0.111877    -0.086061
v     0.686820     0.137629    -0.065348
v     0.653894     0.196296    -0.065348
v     0.613525     0.263841    -0.040262
v     0.610584     0.268298    -0.040262
v     0.563586     0.328303     0.004056
v     0.484320     0.420290     0.004056
v     0.455734     0.451150     0.022823
v     0.400696     0.503566     0.022823
v     0.400171     0.504008     0.022519
v     0.287379     0.592166     0.022519
v     0.274017     0.601658     0.013120
v     0.221426     0.633130     0.013120
v     0.207775     0.640530     0.008292
v     0.127728     0.681279     0.008292
v     0.118803     0.684119     0.026518
v     0.003811     0.716626     0.069246
v    -0.143716     0.757543     0.087217
v    -0.168796     0.763794     0.057205
v    -0.210070     0.763794     0.094548
v    -0.187921     0.768458     0.029517
v    -0.200946     0.769680     0.029517
v    -0.210437     0.769680     0.038104
v    -0.210437     0.764341     0.089601
v    -0.232085     0.767650     0.038104
v    -0.244121     0.765294     0.049937
v    -0.244524     0.764341     0.058761
v    -0.249762     0.759043     0.098691
v    -0.266168     0.758924     0.049937
v    -0.278928     0.753823     0.064865
v    -0.278944     0.753582     0.067366
v    -0.312914     0.736522     0.064865
v    -0.315992     0.734854     0.065954
v    -0.321447     0.731363     0.073594
v    -0.326886     0.727499     0.077420
v    -0.381841     0.684214     0.080708
v    -0.376163     0.688984     0.077420
v    -0.408228     0.659083     0.080708
v    -0.476133     0.580683     0.077448
v    -0.413193     0.653723     0.077448
v    -0.520180     0.516218     0.068378
v    -0.485751     0.568403     0.068378
v    -0.579201     0.412719     0.058861
v    -0.535496     0.490592     0.058861
v    -0.619091     0.311620     0.039653
v    -0.590720     0.388838     0.039653
v    -0.628931     0.282558     0.033791
v    -0.660638     0.183012     0.033791
v    -0.673638     0.087053     0.020561
v    -0.675312     0.071887     0.021529
v    -0.664037     0.168206     0.020561
v    -0.686519    -0.036479     0.021529
v    -0.686519    -0.065991     0.049565
v    -0.673677    -0.189463     0.050230
v    -0.674827    -0.179043     0.049565
v    -0.667366    -0.242810     0.050230
v    -0.632370    -0.353411     0.047898
v    -0.666767    -0.245420     0.047898
v    -0.625208    -0.374565     0.043631
v    -0.575550    -0.464991     0.032484
v    -0.624947    -0.375157     0.042904
v    -0.618151    -0.389245     0.031572
v    -0.575626    -0.465016     0.031572
v    -0.541003    -0.493456     0.126792
v    -0.516184    -0.531305     0.053414
v    -0.575549    -0.465125     0.031412
v    -0.528542    -0.519676     0.031412
v    -0.516258    -0.531375     0.052147
v    -0.452174    -0.577879     0.087567
v    -0.476439    -0.562498     0.052147
v    -0.452217    -0.577997     0.086072
v    -0.375663    -0.613210     0.126293
v    -0.415374    -0.596752     0.086072
v    -0.399932    -0.603508     0.097901
v    -0.369239    -0.615183     0.127527
v    -0.274908    -0.638658     0.167380
v    -0.319297    -0.629611     0.127527
v    -0.290637    -0.635580     0.151917
v    -0.256773    -0.640474     0.168482
v    -0.155638    -0.647022     0.196824
v    -0.186964    -0.647022     0.168482
v    -0.044612    -0.636607     0.196824
v    -0.031532    -0.635298     0.196030
v     0.006685    -0.631197     0.196030
v     0.087641    -0.614339     0.127134
v     0.164878    -0.592025     0.127134
v     0.251448    -0.565438     0.110504
v     0.288774    -0.550516     0.066837
v     0.391389    -0.505621    -0.011768
v     0.411200    -0.495536    -0.011768
v     0.437809    -0.481112    -0.021180
v     0.479258    -0.454589    -0.079234
v     0.504922    -0.436357    -0.097286
v     0.533044    -0.414377    -0.097286
v     0.547033    -0.402623    -0.105389
v     0.570136    -0.380620    -0.144384
v     0.579155    -0.370884    -0.150306
v     0.619547    -0.324009    -0.150306
v     0.637734    -0.300790    -0.167455
v     0.642794    -0.293617    -0.178004
v     0.653530    -0.275653    -0.184676
v     0.697419    -0.197454    -0.184676
v     0.701650    -0.188681    -0.191732
v     0.718117    -0.108881    -0.101791
v     0.704323    -0.182618    -0.199180
v     0.728591    -0.106427    -0.199180
v     0.730207    -0.098934    -0.191445
v     0.728465    -0.099601    -0.176069
v     0.735522    -0.047541    -0.191445
v     0.730446    -0.047541    -0.238077
v     0.730446     0.009668    -0.183729
v     0.728550    -0.048695    -0.254398
v     0.724533    -0.014743    -0.254398
v     0.725367     0.012498    -0.221822
v     0.726492     0.013214    -0.212112
v     0.713182     0.077714    -0.139416
v     0.707427     0.061328    -0.221822
v     0.702770     0.088282    -0.185111
v     0.685632     0.120988    -0.172693
v     0.642239     0.186759    -0.172693
v     0.580273     0.293273    -0.123006
v     0.578105     0.295743    -0.123376
v     0.510349     0.380595    -0.072902
v     0.405459     0.480491    -0.072902
v     0.366318     0.524142    -0.039986
v     0.287272     0.587066    -0.028704
v     0.248227     0.607669    -0.046051
v     0.167745     0.655832    -0.046051
v     0.124980     0.676157    -0.061515
v     0.116718     0.683540    -0.027494
v     0.120957     0.676788    -0.066733
v     0.049321     0.698255    -0.084410
v     0.028104     0.705325    -0.084410
v     0.048954     0.701423    -0.062030
v    -0.066275     0.730806    -0.103247
v    -0.066342     0.730827    -0.103229
v    -0.088630     0.738660    -0.088520
v    -0.139646     0.753229    -0.062629
v    -0.170108     0.756498    -0.062629
v    -0.195086     0.762346    -0.035921
v    -0.168916     0.762346    -0.012244
v    -0.199374     0.763163    -0.031921
v    -0.200946     0.765506    -0.010749
v    -0.232990     0.765506     0.018243
v    -0.216258     0.761351    -0.031921
v    -0.233931     0.761842    -0.011794
v    -0.235044     0.763428     0.002587
v    -0.266254     0.757587     0.036088
v    -0.255142     0.754773    -0.011794
v    -0.272435     0.752063     0.010637
v    -0.273161     0.751718     0.010900
v    -0.317374     0.725260     0.010900
v    -0.331457     0.717829     0.017156
v    -0.347784     0.705864     0.025019
v    -0.333411     0.716273     0.016877
v    -0.430274     0.627676     0.026950
v    -0.427586     0.629862     0.025019
v    -0.473264     0.578691     0.034291
v    -0.546429     0.464649     0.021881
v    -0.488740     0.552089     0.021881
v    -0.585776     0.393856     0.017955
v    -0.568363     0.422790     0.005987
v    -0.616617     0.300508    -0.006232
v    -0.636259     0.247048    -0.006232
v    -0.658157     0.173480    -0.021650
v    -0.663778     0.109480    -0.037310
v    -0.673638     0.026136    -0.037310
v    -0.657875     0.164267    -0.032667
v    -0.679665    -0.036479    -0.041428
v    -0.678901    -0.040119    -0.044993
v    -0.674827    -0.082438    -0.042209
v    -0.654249    -0.256646    -0.041955
v    -0.654573    -0.253640    -0.042210
v    -0.643878    -0.283411    -0.060501
v    -0.595347    -0.412390    -0.068501
v    -0.633893    -0.302669    -0.080861
v    -0.593958    -0.411363    -0.080861
v    -0.573417    -0.464425     0.005670
v    -0.551591    -0.482408    -0.053910
v    -0.593301    -0.412051    -0.082075
v    -0.554126    -0.471428    -0.082075
v    -0.550183    -0.481178    -0.067189
v    -0.527687    -0.518862     0.016763
v    -0.501792    -0.533716    -0.033880
v    -0.502127    -0.534064    -0.030431
v    -0.515611    -0.514104    -0.067189
v    -0.476399    -0.562388     0.050752
v    -0.440996    -0.575921     0.002692
v    -0.462754    -0.557077    -0.033880
v    -0.434354    -0.579790     0.007914
v    -0.349441    -0.612958     0.043702
v    -0.381927    -0.597261     0.007914
v    -0.363044    -0.606141     0.026927
v    -0.328021    -0.620788     0.061026
v    -0.209501    -0.635580     0.078509
v    -0.225851    -0.631752     0.061026
v    -0.186964    -0.639873     0.099528
v    -0.134565    -0.635298     0.102810
v     0.090832    -0.611111     0.102810
v     0.098674    -0.608245     0.096468
v     0.233491    -0.560863     0.007495
v     0.324169    -0.518218    -0.083803
v     0.408882    -0.489988    -0.083803
v     0.451315    -0.465270    -0.117168
v     0.465161    -0.453279    -0.140441
v     0.501359    -0.426393    -0.173247
v     0.528995    -0.409855    -0.173247
v     0.547029    -0.394364    -0.187049
v     0.562131    -0.372930    -0.223451
v     0.572498    -0.361369    -0.232168
v     0.606844    -0.328659    -0.232168
v     0.619499    -0.312810    -0.241596
v     0.623982    -0.301725    -0.258521
v     0.633323    -0.285670    -0.266011
v     0.677578    -0.218592    -0.266011
v     0.687402    -0.199845    -0.273129
v     0.687692    -0.199363    -0.272930
v     0.704182    -0.182626    -0.200564
v     0.689831    -0.192886    -0.274608
v     0.716932    -0.119125    -0.274608
v     0.717496    -0.118104    -0.273286
v     0.718783    -0.114912    -0.270575
v     0.727986    -0.106658    -0.204510
v     0.724871    -0.063446    -0.270575
v     0.727986    -0.051378    -0.257026
v     0.712458    -0.063446    -0.307600
v     0.720050    -0.014613    -0.267724
v     0.708284    -0.064592    -0.319644
v     0.703587    -0.030612    -0.319644
v     0.709149    -0.012151    -0.297085
v     0.710401    -0.011606    -0.293395
v     0.706818     0.061157    -0.223838
v     0.685524     0.042168    -0.297085
v     0.684397     0.045803    -0.295962
v     0.686758     0.069479    -0.264588
v     0.654609     0.133834    -0.235754
v     0.615026     0.182963    -0.235754
v     0.547932     0.306317    -0.168486
v     0.476957     0.373912    -0.168486
v     0.415465     0.454590    -0.113561
v     0.188735     0.620282    -0.113561
v     0.181897     0.623380    -0.116479
v     0.127905     0.661597    -0.099134
v     0.085220     0.673609    -0.111693
v     0.019353     0.699593    -0.111693
v    -0.033455     0.713200    -0.124285
v    -0.075372     0.731655    -0.104117
v    -0.148475     0.740821    -0.104117
v    -0.150907     0.742075    -0.101346
v    -0.117282     0.746817    -0.075197
v    -0.169753     0.749852    -0.083324
v    -0.170108     0.751024    -0.079773
v    -0.216380     0.757549    -0.043787
v    -0.202930     0.745692    -0.083324
v    -0.216609     0.749430    -0.067407
v    -0.218101     0.752541    -0.057779
v    -0.253958     0.750939    -0.025134
v    -0.250144     0.736200    -0.067407
v    -0.259933     0.737086    -0.055052
v    -0.260154     0.737391    -0.054032
v    -0.334854     0.682334    -0.055052
v    -0.349271     0.675222    -0.047565
v    -0.387181     0.644020    -0.035388
v    -0.368400     0.657004    -0.047565
v    -0.499974     0.504025    -0.035388
v    -0.559586     0.426431    -0.011842
v    -0.501646     0.500679    -0.036887
v    -0.598699     0.300375    -0.050785
v    -0.618912     0.253901    -0.050785
v    -0.643064     0.168882    -0.072072
v    -0.628250     0.108222    -0.136569
v    -0.644880    -0.012075    -0.136569
v    -0.627381     0.116824    -0.135681
v    -0.647464    -0.040119    -0.138756
v    -0.628021    -0.082855    -0.181667
v    -0.592633    -0.315526    -0.190633
v    -0.621817    -0.093768    -0.194722
v    -0.594317    -0.292702    -0.194722
v    -0.592035    -0.315266    -0.192394
v    -0.587954    -0.410553    -0.099793
v    -0.557690    -0.423108    -0.161269
v    -0.587697    -0.320034    -0.198007
v    -0.549892    -0.406956    -0.198007
v    -0.551068    -0.418748    -0.182381
v    -0.547450    -0.466917    -0.109070
v    -0.526331    -0.474318    -0.140645
v    -0.522868    -0.453749    -0.182381
v    -0.520634    -0.468892    -0.161620
v    -0.512548    -0.509993    -0.084642
v    -0.480636    -0.516758    -0.120855
v    -0.488047    -0.492706    -0.161620
v    -0.478049    -0.513193    -0.132789
v    -0.462529    -0.556350    -0.036409
v    -0.394458    -0.558354    -0.101077
v    -0.394945    -0.559368    -0.097938
v    -0.416705    -0.537393    -0.132789
v    -0.411932    -0.541332    -0.127437
v    -0.225851    -0.586795    -0.079767
v    -0.223722    -0.579762    -0.101077
v    -0.193053    -0.567106    -0.130405
v    -0.184560    -0.562726    -0.140082
v     0.321301    -0.499300    -0.140082
v     0.330973    -0.498412    -0.139131
v     0.410562    -0.455717    -0.190148
v     0.460617    -0.414406    -0.246270
v     0.517017    -0.392157    -0.246270
v     0.531141    -0.379500    -0.258618
v     0.541950    -0.357351    -0.289787
v     0.543938    -0.354952    -0.291858
v     0.587188    -0.323345    -0.291858
v     0.596263    -0.311439    -0.299963
v     0.597789    -0.301096    -0.314144
v     0.604367    -0.289001    -0.320740
v     0.644059    -0.239737    -0.320740
v     0.655753    -0.216328    -0.331229
v     0.659624    -0.211367    -0.329556
v     0.662116    -0.203335    -0.332037
v     0.692789    -0.132810    -0.332037
v     0.694292    -0.127519    -0.333362
v     0.695825    -0.125207    -0.331308
v     0.715181    -0.119176    -0.279813
v     0.702799    -0.074760    -0.331308
v     0.707100    -0.067196    -0.322258
v     0.685233    -0.074760    -0.361041
v     0.696925    -0.031062    -0.331026
v     0.678931    -0.076148    -0.371385
v     0.673471    -0.043319    -0.371385
v     0.681586    -0.028839    -0.354725
v     0.682143    -0.028593    -0.353778
v     0.650086     0.030039    -0.354725
v     0.656449     0.051398    -0.330269
v     0.622261     0.124488    -0.294117
v     0.508434     0.232895    -0.294117
v     0.436114     0.378495    -0.207310
v     0.195337     0.584256    -0.161509
v     0.188482     0.593544    -0.154934
v     0.028549     0.671153    -0.154934
v     0.014071     0.674600    -0.158881
v    -0.032517     0.708103    -0.132522
v    -0.037463     0.708506    -0.133093
v    -0.119667     0.720906    -0.133093
v    -0.133299     0.721967    -0.134245
v    -0.148475     0.731700    -0.120328
v    -0.151345     0.731477    -0.120085
v    -0.202802     0.743964    -0.086424
v    -0.202398     0.723854    -0.119955
v    -0.205377     0.729976    -0.109031
v    -0.201265     0.723947    -0.120085
v    -0.248075     0.731827    -0.076451
v    -0.255585     0.697801    -0.120306
v    -0.202687     0.723470    -0.120306
v    -0.260872     0.690637    -0.125377
v    -0.261073     0.686817    -0.129483
v    -0.269410     0.670034    -0.139489
v    -0.379796     0.564905    -0.139489
v    -0.416685     0.517687    -0.141176
v    -0.387286     0.548892    -0.147409
v    -0.438671     0.439446    -0.168497
v    -0.591679     0.153452    -0.168497
v    -0.600096     0.121380    -0.177678
v    -0.549770     0.031590    -0.280994
v    -0.570744    -0.094530    -0.280994
v    -0.574208    -0.093768    -0.275309
v    -0.549380    -0.124746    -0.310086
v    -0.548510    -0.125682    -0.311217
v    -0.519167    -0.302129    -0.311217
v    -0.518761    -0.306640    -0.310671
v    -0.529482    -0.325768    -0.288662
v    -0.536038    -0.328662    -0.277521
v    -0.539567    -0.402526    -0.218342
v    -0.515292    -0.407386    -0.248141
v    -0.497409    -0.385718    -0.288662
v    -0.500572    -0.396337    -0.276503
v    -0.510958    -0.442407    -0.213186
v    -0.487352    -0.445056    -0.235625
v    -0.470631    -0.424851    -0.276503
v    -0.480403    -0.476544    -0.195042
v    -0.428324    -0.474287    -0.234779
v    -0.468220    -0.424200    -0.279133
v    -0.416228    -0.449430    -0.279133
v    -0.404950    -0.443697    -0.291491
v    -0.387357    -0.445130    -0.293520
v    -0.182116    -0.476089    -0.293520
v    -0.184560    -0.486154    -0.276175
v    -0.090700    -0.417461    -0.377349
v    -0.034089    -0.413055    -0.372564
v     0.365313    -0.352808    -0.372564
v     0.464791    -0.344705    -0.361090
v     0.467740    -0.346205    -0.357858
v     0.471683    -0.354306    -0.343402
v     0.553609    -0.304536    -0.357858
v     0.554758    -0.305925    -0.355047
v     0.554040    -0.296344    -0.366662
v     0.554380    -0.295660    -0.367069
v     0.610111    -0.242583    -0.367069
v     0.618387    -0.224888    -0.375822
v     0.619642    -0.223557    -0.375556
v     0.622730    -0.212567    -0.379393
v     0.659292    -0.144227    -0.379393
v     0.662185    -0.133205    -0.382548
v     0.663480    -0.131865    -0.381366
v     0.690881    -0.127289    -0.339190
v     0.671311    -0.084773    -0.381366
v     0.677674    -0.077925    -0.373096
v     0.649084    -0.084773    -0.405870
v     0.662754    -0.044794    -0.383470
v     0.639513    -0.086833    -0.416044
v     0.638294    -0.086833    -0.417285
v     0.630539    -0.049699    -0.417285
v     0.631961    -0.047807    -0.415436
v     0.641837    -0.042815    -0.404328
v     0.648550     0.029104    -0.356863
v     0.574782     0.033691    -0.415436
v     0.569124     0.036076    -0.418115
v     0.542563     0.061372    -0.418115
v     0.516322     0.117851    -0.390030
v     0.334371     0.233637    -0.390030
v     0.176796     0.417711    -0.316979
v     0.102151     0.576366    -0.220081
v     0.048493     0.623365    -0.196964
v     0.015259     0.663207    -0.170810
v    -0.108146     0.686585    -0.170810
v    -0.113260     0.686950    -0.171281
v    -0.133299     0.704039    -0.154997
v    -0.136369     0.703821    -0.154714
v    -0.206116     0.690608    -0.154714
v    -0.212694     0.682721    -0.159892
v    -0.273674     0.607836    -0.191344
v    -0.213844     0.677641    -0.163682
v    -0.235153     0.632349    -0.191344
v    -0.298495     0.554413    -0.217910
v    -0.291776     0.466569    -0.274655
v    -0.340820     0.273655    -0.346306
v    -0.413522     0.170030    -0.346306
v    -0.286391     0.517084    -0.249702
v    -0.443854     0.042928    -0.385871
v    -0.447475     0.039179    -0.384175
v    -0.540769     0.030352    -0.291144
v    -0.447978     0.032414    -0.385100
v    -0.481273    -0.127004    -0.385100
v    -0.487419    -0.125682    -0.378567
v    -0.465152    -0.144151    -0.399730
v    -0.463009    -0.145752    -0.401569
v    -0.440293    -0.254519    -0.401569
v    -0.438792    -0.274696    -0.398808
v    -0.461647    -0.305097    -0.369100
v    -0.473224    -0.310949    -0.356080
v    -0.479167    -0.374615    -0.314061
v    -0.431463    -0.348118    -0.369100
v    -0.434135    -0.356357    -0.362083
v    -0.454891    -0.376124    -0.333337
v    -0.453136    -0.401721    -0.311997
v    -0.398956    -0.378743    -0.362083
v    -0.409712    -0.398044    -0.339291
v    -0.373433    -0.361340    -0.385837
v    -0.277762    -0.367792    -0.398304
v    -0.190990    -0.384231    -0.398304
v    -0.090700    -0.391373    -0.407548
v    -0.037002    -0.345579    -0.451182
v     0.054865    -0.302572    -0.484924
v     0.175602    -0.293973    -0.473796
v     0.316734    -0.267237    -0.473796
v     0.431218    -0.259516    -0.458877
v     0.467944    -0.284559    -0.424697
v     0.470573    -0.289277    -0.419126
v     0.553053    -0.230399    -0.424697
v     0.558947    -0.229040    -0.422612
v     0.559459    -0.228553    -0.422612
v     0.560832    -0.223150    -0.424618
v     0.616334    -0.144042    -0.424618
v     0.617962    -0.137218    -0.426742
v     0.620212    -0.135515    -0.425336
v     0.655032    -0.132221    -0.390614
v     0.628915    -0.093844    -0.425336
v     0.596376    -0.093844    -0.449497
v     0.611516    -0.053912    -0.432062
v     0.590218    -0.095316    -0.453841
v     0.574428    -0.095316    -0.464279
v     0.562228    -0.051952    -0.464279
v     0.561324    -0.051443    -0.464647
v     0.557288    -0.051636    -0.466625
v     0.463263     0.037911    -0.466625
v     0.458936     0.054612    -0.460460
v     0.424717     0.087929    -0.452312
v     0.010090     0.460252    -0.316979
v    -0.065230     0.584256    -0.244252
v    -0.109727     0.629639    -0.215441
v    -0.113260     0.643050    -0.205507
v    -0.236692     0.597239    -0.215441
v    -0.307390     0.217187    -0.389583
v    -0.333565     0.192257    -0.389583
v    -0.283514     0.309327    -0.355571
v    -0.368339     0.045931    -0.435230
v    -0.362846    -0.012696    -0.449764
v    -0.391824    -0.115692    -0.449764
v    -0.360051     0.035362    -0.442674
v    -0.410717    -0.145752    -0.440397
v    -0.392866    -0.129877    -0.451190
v    -0.408824    -0.171521    -0.437807
v    -0.414481    -0.275663    -0.414699
v    -0.390255    -0.237522    -0.437807
v    -0.389830    -0.244836    -0.436727
v    -0.413523    -0.275050    -0.415446
v    -0.419963    -0.337165    -0.382000
v    -0.374653    -0.333502    -0.404942
v    -0.365617    -0.320675    -0.415446
v    -0.363097    -0.318882    -0.417137
v    -0.221363    -0.326358    -0.437052
v    -0.184577    -0.335746    -0.437052
v     0.057460    -0.299926    -0.486604
v     0.149258    -0.251104    -0.511110
v     0.250254    -0.244375    -0.501440
v     0.336367    -0.222399    -0.501440
v     0.424644    -0.217743    -0.489036
v     0.432795    -0.223540    -0.483568
v     0.442454    -0.221458    -0.480698
v     0.529772    -0.138299    -0.480698
v     0.530463    -0.138136    -0.480455
v     0.553352    -0.139227    -0.469238
v     0.558751    -0.136191    -0.467040
v     0.605019    -0.134351    -0.436798
v     0.569485    -0.098039    -0.467040
v     0.523002    -0.098039    -0.489519
v     0.537529    -0.059002    -0.477182
v     0.484458    -0.100055    -0.504955
v     0.467592    -0.061276    -0.504956
v     0.516291    -0.100055    -0.492490
v     0.459816    -0.058274    -0.506732
v     0.433433    -0.068424    -0.515184
v     0.391497    -0.066214    -0.521077
v     0.196249     0.010810    -0.521077
v     0.178396     0.012102    -0.522734
v     0.016200     0.191772    -0.452518
v     0.010090     0.210221    -0.443942
v    -0.301980     0.066254    -0.452518
v    -0.315738     0.033921    -0.460271
v    -0.293715    -0.018000    -0.477738
v    -0.329906    -0.101210    -0.477738
v    -0.354207    -0.129877    -0.469886
v    -0.330654    -0.110591    -0.478652
v    -0.353499    -0.138754    -0.469020
v    -0.360409    -0.243879    -0.448411
v    -0.323193    -0.208436    -0.469020
v    -0.316142    -0.205723    -0.471279
v    -0.107645    -0.287973    -0.471279
v     0.197181    -0.198017    -0.531856
v     0.252311    -0.194026    -0.526739
v     0.350459    -0.155308    -0.526739
v     0.420250    -0.151629    -0.516932
v     0.422302    -0.152419    -0.516274
v     0.464393    -0.136173    -0.506661
v     0.479172    -0.102192    -0.506661
v     0.423539    -0.102192    -0.521930
v     0.407861    -0.109344    -0.525380
v     0.315974    -0.109344    -0.539049
v     0.297044    -0.091315    -0.539049
v     0.184983    -0.077166    -0.547711
v     0.178396    -0.070302    -0.546481
v    -0.030667    -0.096699    -0.530321
v    -0.280909    -0.030196    -0.482708
v    -0.034282    -0.100142    -0.530321
v    -0.260416    -0.100142    -0.496682
v    -0.283323    -0.110591    -0.491642
v    -0.309281    -0.199189    -0.473942
v    -0.026446    -0.102014    -0.531195
v    -0.008377    -0.119223    -0.531195
v     0.192785    -0.144622    -0.546744
v     0.197181    -0.149203    -0.545924
v     0.285516    -0.138049    -0.539096
v     0.315551    -0.109445    -0.539096
v     0.192785    -0.109445    -0.550035
v     0.184983    -0.102014    -0.550035
f      1      2      3
f      1      3      4
f      1      4      5
f      6      7      8
f      6      8      9
f      6      9      3
f      6      3      2
f     10      9      8
f     10      8     11
f     10     11     12
f     10     12     13
f      3      9     10
f      3     10     14
f      3     14      4
f     15     16      1
f     15      1      5
f     15      5     17
f     15     17     18
f     15     18     19
f     20     21      6
f     20      6      2
f     20      2      1
f     20      1     16
f     20     16     22
f     23     24     25
f     23     25     21
f     23     21     20
f     26     27     28
f     26     28     29
f     26     29     25
f     26     25     24
f     25     29     30
f     25     30      7
f     25      7      6
f     25      6     21
f     30     31     32
f     30     32     33
f     30     33     11
f     30     11      8
f     30      8      7
f     33     32     34
f     33     34     35
f     33     35     36
f     12     11     33
f     12     33     36
f     12     36     37
f     12     37     38
f     37     36     35
f     37     35     39
f     37     39     40
f     37     40     41
f     42     13     12
f     42     12     38
f     42     38     43
f     44     14     10
f     44     10     13
f     44     13     42
f      5      4     14
f      5     14     44
f      5     44     45
f      5     45     17
f     46     47     15
f     46     15     19
f     46     19     48
f     46     48     49
f     46     49     50
f     51     22     16
f     51     16     15
f     51     15     47
f     51     47     52
f     53     54     23
f     53     23     20
f     53     20     22
f     53     22     51
f     55     56     26
f     55     26     24
f     55     24     23
f     55     23     54
f     57     58     27
f     57     27     26
f     57     26     56
f     59     60     61
f     59     61     62
f     59     62     63
f     63     62     64
f     63     64     28
f     63     28     27
f     63     27     58
f     61     65     66
f     61     66     67
f     61     67     64
f     61     64     62
f     28     64     67
f     28     67     31
f     28     31     30
f     28     30     29
f     67     66     68
f     67     68     69
f     67     69     70
f     67     70     71
f     67     71     72
f     67     72     73
f     67     73     74
f     67     74     75
f     67     75     76
f     67     76     34
f     67     34     32
f     67     32     31
f     76     75     77
f     76     77     78
f     76     78     79
f     76     79     80
f     35     34     76
f     35     76     80
f     35     80     81
f     35     81     39
f     81     80     79
f     81     79     82
f     81     82     83
f     81     83     84
f     81     84     85
f     40     39     81
f     40     81     85
f     40     85     86
f     86     85     84
f     86     84     87
f     86     87     88
f     86     88     89
f     86     89     90
f     91     41     40
f     91     40     86
f     91     86     90
f     91     90     92
f     43     38     37
f     43     37     41
f     43     41     91
f     43     91     93
f     94     45     44
f     94     44     42
f     94     42     43
f     94     43     93
f     94     93     95
f     96     18     17
f     96     17     45
f     96     45     94
f     19     18     96
f     19     96     97
f     19     97     48
f     98     99     46
f     98     46     50
f     98     50    100
f     98    100    101
f    102     52     47
f    102     47     46
f    102     46     99
f    103    104     53
f    103     53     51
f    103     51     52
f    103     52    102
f    105    106    107
f    105    107     55
f    105     55     54
f    105     54     53
f    105     53    104
f    107    108    109
f    107    109     57
f    107     57     56
f    107     56     55
f    109    110     59
f    109     59     63
f    109     63     58
f    109     58     57
f    111    112     60
f    111     60     59
f    111     59    110
f    111    110    113
f    114    115    116
f    114    116    117
f    114    117    112
f    114    112    111
f    117    118     65
f    117     65     61
f    117     61     60
f    117     60    112
f    116    119    120
f    116    120    121
f    116    121    118
f    116    118    117
f    121     68     66
f    121     66     65
f    121     65    118
f    120    122    123
f    120    123     69
f    120     69     68
f    120     68    121
f     71    124    125
f     71    125    126
f     71    126     72
f     72    126    127
f     72    127    128
f     72    128    129
f     72    129     73
f     73    129    130
f     73    130    131
f     73    131    132
f     73    132     74
f     74    132    133
f     74    133    134
f     74    134     77
f     74     77     75
f     77    134    135
f     77    135    136
f     77    136    137
f     77    137     78
f     79     78    137
f     79    137    138
f     79    138     82
f     82    138    139
f     82    139    140
f     82    140    141
f     82    141     83
f     84     83    141
f     84    141    142
f     84    142     87
f     88     87    142
f     88    142    143
f     88    143    144
f     88    144    145
f     88    145    146
f    147     89     88
f    147     88    146
f    147    146    148
f     92     90     89
f     92     89    147
f     92    147    149
f     95     93     91
f     95     91     92
f     95     92    149
f     95    149    150
f     95    150    151
f    152    153     97
f    152     97     96
f    152     96     94
f    152     94     95
f    152     95    151
f    152    151    154
f    152    154    155
f    156    153    152
f    156    152    157
f    156    157    158
f    159     49     48
f    159     48     97
f    159     97    153
f    159    153    156
f     50     49    159
f     50    159    100
f    160    161    162
f    160    162    163
f    160    163    164
f    160    164    165
f    162    166    103
f    162    103    102
f    162    102     99
f    162     99     98
f    162     98    163
f    167    168    166
f    167    166    162
f    167    162    161
f    169    170    105
f    169    105    104
f    169    104    103
f    169    103    166
f    169    166    168
f    171    172    106
f    171    106    105
f    171    105    170
f    173    174    108
f    173    108    107
f    173    107    106
f    173    106    172
f    175    113    110
f    175    110    109
f    175    109    108
f    175    108    174
f    176    177    114
f    176    114    111
f    176    111    113
f    176    113    175
f    178    179    180
f    178    180    115
f    178    115    114
f    178    114    177
f    181    182    183
f    181    183    184
f    181    184    180
f    181    180    179
f    180    184    185
f    180    185    119
f    180    119    116
f    180    116    115
f    183    186    187
f    183    187    188
f    183    188    185
f    183    185    184
f    185    188    122
f    185    122    120
f    185    120    119
f    187    189    190
f    187    190    191
f    187    191    123
f    187    123    122
f    187    122    188
f     69    123    191
f     69    191    192
f     69    192    193
f     69    193     70
f     70    193    194
f     70    194    195
f     70    195    124
f     70    124     71
f    125    196    197
f    125    197    127
f    125    127    126
f    127    197    198
f    127    198    199
f    127    199    200
f    127    200    128
f    128    200    201
f    128    201    202
f    128    202    130
f    128    130    129
f    130    202    203
f    130    203    204
f    130    204    205
f    130    205    131
f    131    205    206
f    131    206    207
f    131    207    133
f    131    133    132
f    133    207    208
f    133    208    209
f    133    209    135
f    133    135    134
f    135    209    210
f    135    210    211
f    135    211    212
f    135    212    136
f    137    136    212
f    137    212    213
f    137    213    139
f    137    139    138
f    140    139    213
f    140    213    214
f    140    214    215
f    140    215    216
f    142    141    140
f    142    140    216
f    142    216    217
f    142    217    143
f    143    217    218
f    143    218    219
f    143    219    220
f    143    220    144
f    145    144    220
f    145    220    221
f    145    221    222
f    148    146    145
f    148    145    222
f    148    222    223
f    148    223    224
f    150    149    147
f    150    147    148
f    150    148    224
f    150    224    225
f    150    225    226
f    154    151    150
f    154    150    226
f    154    226    227
f    154    227    228
f    154    228    229
f    230    155    154
f    230    154    229
f    230    229    231
f    232    157    152
f    232    152    155
f    232    155    230
f    233    158    157
f    233    157    232
f    101    100    159
f    101    159    156
f    101    156    158
f    101    158    233
f    101    233    234
f    164    163     98
f    164     98    101
f    164    101    234
f    164    234    235
f    164    235    236
f    237    238    239
f    237    239    240
f    237    240    241
f    240    239    242
f    240    242    243
f    240    243    160
f    240    160    165
f    240    165    244
f    242    245    246
f    242    246    243
f    243    246    247
f    243    247    248
f    243    248    167
f    243    167    161
f    243    161    160
f    248    249    250
f    248    250    169
f    248    169    168
f    248    168    167
f    250    251    171
f    250    171    170
f    250    170    169
f    252    253    173
f    252    173    172
f    252    172    171
f    252    171    251
f    254    255    256
f    254    256    176
f    254    176    175
f    254    175    174
f    254    174    173
f    254    173    253
f    256    257    258
f    256    258    178
f    256    178    177
f    256    177    176
f    258    259    181
f    258    181    179
f    258    179    178
f    260    261    262
f    260    262    263
f    260    263    264
f    260    264    182
f    260    182    181
f    260    181    259
f    263    265    266
f    263    266    267
f    263    267    264
f    264    267    268
f    264    268    186
f    264    186    183
f    264    183    182
f    266    269    270
f    266    270    271
f    266    271    268
f    266    268    267
f    268    271    189
f    268    189    187
f    268    187    186
f    270    272    273
f    270    273    190
f    270    190    189
f    270    189    271
f    191    190    273
f    191    273    274
f    191    274    275
f    191    275    192
f    192    275    276
f    192    276    277
f    192    277    194
f    192    194    193
f    194    277    278
f    194    278    279
f    194    279    280
f    194    280    195
f    195    280    281
f    195    281    282
f    195    282    196
f    195    196    125
f    195    125    124
f    282    283    284
f    282    284    198
f    282    198    197
f    282    197    196
f    198    284    285
f    198    285    286
f    198    286    287
f    198    287    199
f    199    287    288
f    199    288    289
f    199    289    201
f    199    201    200
f    201    289    290
f    201    290    291
f    201    291    292
f    201    292    203
f    201    203    202
f    203    292    293
f    203    293    294
f    203    294    204
f    204    294    295
f    204    295    296
f    204    296    206
f    204    206    205
f    206    296    297
f    206    297    298
f    206    298    299
f    206    299    208
f    206    208    207
f    208    299    300
f    208    300    210
f    208    210    209
f    211    210    300
f    211    300    301
f    211    301    302
f    211    302    303
f    213    212    211
f    213    211    303
f    213    303    304
f    213    304    214
f    214    304    305
f    214    305    306
f    214    306    307
f    214    307    215
f    216    215    307
f    216    307    308
f    216    308    218
f    216    218    217
f    218    308    309
f    218    309    310
f    218    310    311
f    218    311    219
f    220    219    311
f    220    311    312
f    220    312    313
f    220    313    221
f    222    221    313
f    222    313    314
f    222    314    223
f    224    223    314
f    224    314    315
f    224    315    316
f    224    316    317
f    224    317    225
f    226    225    317
f    226    317    318
f    226    318    227
f    228    227    318
f    228    318    319
f    228    319    320
f    228    320    321
f    231    229    228
f    231    228    321
f    231    321    322
f    231    322    323
f    323    322    324
f    323    324    325
f    323    325    326
f    235    234    233
f    235    233    232
f    235    232    230
f    235    230    231
f    235    231    323
f    235    323    326
f    235    326    327
f    328    236    235
f    328    235    327
f    328    327    329
f    328    329    330
f    328    330    331
f    244    165    164
f    244    164    236
f    244    236    328
f    332    241    240
f    332    240    244
f    332    244    328
f    332    328    331
f    332    331    333
f    334    335    336
f    334    336    337
f    334    337    338
f    334    338    339
f    338    337    340
f    338    340    237
f    338    237    241
f    338    241    332
f    340    341    342
f    340    342    238
f    340    238    237
f    342    343    344
f    342    344    245
f    342    245    242
f    342    242    239
f    342    239    238
f    344    345    346
f    344    346    247
f    344    247    246
f    344    246    245
f    247    346    347
f    247    347    348
f    247    348    249
f    247    249    248
f    348    349    252
f    348    252    251
f    348    251    250
f    348    250    249
f    350    351    254
f    350    254    253
f    350    253    252
f    350    252    349
f    352    353    255
f    352    255    254
f    352    254    351
f    354    355    356
f    354    356    257
f    354    257    256
f    354    256    255
f    354    255    353
f    356    357    358
f    356    358    260
f    356    260    259
f    356    259    258
f    356    258    257
f    358    359    261
f    358    261    260
f    360    361    362
f    360    362    262
f    360    262    261
f    360    261    359
f    360    359    363
f    364    365    366
f    364    366    362
f    364    362    361
f    262    362    366
f    262    366    367
f    262    367    265
f    262    265    263
f    366    365    368
f    366    368    369
f    366    369    370
f    366    370    371
f    366    371    367
f    367    371    269
f    367    269    266
f    367    266    265
f    370    372    373
f    370    373    272
f    370    272    270
f    370    270    269
f    370    269    371
f    273    272    373
f    273    373    374
f    273    374    274
f    274    374    375
f    274    375    376
f    274    376    276
f    274    276    275
f    276    376    377
f    276    377    378
f    276    378    278
f    276    278    277
f    278    378    379
f    278    379    380
f    278    380    381
f    278    381    279
f    279    381    382
f    279    382    383
f    279    383    281
f    279    281    280
f    281    383    384
f    281    384    385
f    281    385    283
f    281    283    282
f    385    386    387
f    385    387    285
f    385    285    284
f    385    284    283
f    285    387    388
f    285    388    389
f    285    389    390
f    285    390    286
f    286    390    391
f    286    391    392
f    286    392    288
f    286    288    287
f    288    392    393
f    288    393    394
f    288    394    290
f    288    290    289
f    290    394    395
f    290    395    396
f    290    396    291
f    291    396    397
f    291    397    398
f    291    398    399
f    291    399    293
f    291    293    292
f    400    295    294
f    400    294    293
f    400    293    399
f    400    399    401
f    297    296    295
f    297    295    400
f    297    400    402
f    403    298    297
f    403    297    402
f    403    402    404
f    403    404    405
f    301    300    299
f    301    299    298
f    301    298    403
f    301    403    406
f    407    302    301
f    407    301    406
f    407    406    408
f    407    408    409
f    305    304    303
f    305    303    302
f    305    302    407
f    305    407    410
f    411    306    305
f    411    305    410
f    411    410    412
f    411    412    413
f    414    309    308
f    414    308    307
f    414    307    306
f    414    306    411
f    310    309    414
f    310    414    415
f    310    415    416
f    310    416    417
f    312    311    310
f    312    310    417
f    312    417    418
f    312    418    419
f    314    313    312
f    314    312    419
f    314    419    420
f    314    420    315
f    316    315    420
f    316    420    421
f    316    421    422
f    316    422    423
f    318    317    316
f    318    316    423
f    318    423    424
f    318    424    319
f    319    424    425
f    319    425    426
f    319    426    427
f    319    427    320
f    321    320    427
f    321    427    428
f    321    428    324
f    321    324    322
f    325    324    428
f    325    428    429
f    325    429    430
f    325    430    431
f    327    326    325
f    327    325    431
f    327    431    432
f    327    432    329
f    330    329    432
f    330    432    433
f    330    433    434
f    330    434    435
f    333    331    330
f    333    330    435
f    333    435    436
f    333    436    437
f    438    437    436
f    438    436    439
f    438    439    440
f    438    440    441
f    438    441    442
f    339    338    332
f    339    332    333
f    339    333    437
f    339    437    438
f    438    442    443
f    438    443    444
f    438    444    334
f    438    334    339
f    443    445    446
f    443    446    447
f    443    447    448
f    443    448    444
f    444    448    449
f    444    449    335
f    444    335    334
f    449    450    451
f    449    451    336
f    449    336    335
f    336    451    452
f    336    452    341
f    336    341    340
f    336    340    337
f    452    453    454
f    452    454    343
f    452    343    342
f    452    342    341
f    454    455    456
f    454    456    345
f    454    345    344
f    454    344    343
f    456    457    458
f    456    458    347
f    456    347    346
f    456    346    345
f    347    458    459
f    347    459    350
f    347    350    349
f    347    349    348
f    459    460    461
f    459    461    352
f    459    352    351
f    459    351    350
f    461    462    463
f    461    463    354
f    461    354    353
f    461    353    352
f    463    464    465
f    463    465    466
f    463    466    355
f    463    355    354
f    466    467    357
f    466    357    356
f    466    356    355
f    468    363    359
f    468    359    358
f    468    358    357
f    468    357    467
f    469    470    360
f    469    360    363
f    469    363    468
f    471    472    473
f    471    473    474
f    471    474    470
f    471    470    469
f    473    475    476
f    473    476    477
f    473    477    474
f    474    477    478
f    474    478    364
f    474    364    361
f    474    361    360
f    474    360    470
f    476    479    480
f    476    480    481
f    476    481    478
f    476    478    477
f    478    481    368
f    478    368    365
f    478    365    364
f    480    482    483
f    480    483    484
f    480    484    369
f    480    369    368
f    480    368    481
f    369    484    485
f    369    485    372
f    369    372    370
f    486    375    374
f    486    374    373
f    486    373    372
f    486    372    485
f    486    485    487
f    488    377    376
f    488    376    375
f    488    375    486
f    489    379    378
f    489    378    377
f    489    377    488
f    489    488    490
f    491    380    379
f    491    379    489
f    491    489    492
f    493    382    381
f    493    381    380
f    493    380    491
f    493    491    494
f    495    384    383
f    495    383    382
f    495    382    493
f    495    493    496
f    497    498    386
f    497    386    385
f    497    385    384
f    497    384    495
f    499    500    388
f    499    388    387
f    499    387    386
f    499    386    498
f    499    498    501
f    388    500    502
f    388    502    503
f    388    503    389
f    504    391    390
f    504    390    389
f    504    389    503
f    504    503    505
f    506    393    392
f    506    392    391
f    506    391    504
f    507    395    394
f    507    394    393
f    507    393    506
f    507    506    508
f    397    396    395
f    397    395    507
f    397    507    509
f    510    398    397
f    510    397    509
f    510    509    511
f    510    511    512
f    510    512    513
f    401    399    398
f    401    398    510
f    401    510    514
f    515    514    510
f    515    510    513
f    515    513    516
f    515    516    517
f    515    517    518
f    404    402    400
f    404    400    401
f    404    401    514
f    404    514    515
f    519    405    404
f    519    404    515
f    519    515    518
f    519    518    520
f    519    520    521
f    408    406    403
f    408    403    405
f    408    405    519
f    522    409    408
f    522    408    519
f    522    519    521
f    522    521    523
f    522    523    524
f    412    410    407
f    412    407    409
f    412    409    522
f    412    522    525
f    526    413    412
f    526    412    525
f    526    525    527
f    526    527    528
f    529    415    414
f    529    414    411
f    529    411    413
f    529    413    526
f    530    416    415
f    530    415    529
f    530    529    531
f    418    417    416
f    418    416    530
f    418    530    532
f    420    419    418
f    420    418    532
f    420    532    533
f    420    533    534
f    420    534    421
f    421    534    535
f    421    535    536
f    421    536    422
f    423    422    536
f    423    536    537
f    423    537    425
f    423    425    424
f    426    425    537
f    426    537    538
f    426    538    539
f    426    539    540
f    428    427    426
f    428    426    540
f    428    540    541
f    428    541    429
f    430    429    541
f    430    541    542
f    430    542    543
f    430    543    544
f    432    431    430
f    432    430    544
f    432    544    545
f    432    545    433
f    434    433    545
f    434    545    546
f    434    546    547
f    434    547    548
f    436    435    434
f    436    434    548
f    436    548    549
f    436    549    439
f    439    549    550
f    439    550    551
f    439    551    552
f    439    552    440
f    440    552    553
f    440    553    554
f    440    554    441
f    554    553    555
f    554    555    556
f    554    556    557
f    554    557    558
f    442    441    554
f    442    554    558
f    442    558    445
f    442    445    443
f    558    557    559
f    558    559    446
f    558    446    445
f    446    559    560
f    446    560    561
f    446    561    447
f    560    562    563
f    560    563    564
f    560    564    565
f    560    565    561
f    447    561    565
f    447    565    566
f    447    566    450
f    447    450    449
f    447    449    448
f    565    564    567
f    565    567    568
f    565    568    566
f    566    568    569
f    566    569    453
f    566    453    452
f    566    452    451
f    566    451    450
f    569    570    571
f    569    571    455
f    569    455    454
f    569    454    453
f    571    572    573
f    571    573    457
f    571    457    456
f    571    456    455
f    573    574    575
f    573    575    460
f    573    460    459
f    573    459    458
f    573    458    457
f    575    576    462
f    575    462    461
f    575    461    460
f    577    578    464
f    577    464    463
f    577    463    462
f    577    462    576
f    579    580    465
f    579    465    464
f    579    464    578
f    581    582    583
f    581    583    584
f    581    584    580
f    581    580    579
f    583    585    586
f    583    586    587
f    583    587    584
f    588    589    590
f    588    590    591
f    591    590    592
f    591    592    593
f    591    593    472
f    591    472    471
f    593    594    475
f    593    475    473
f    593    473    472
f    592    595    596
f    592    596    597
f    592    597    594
f    592    594    593
f    597    598    479
f    597    479    476
f    597    476    475
f    597    475    594
f    596    599    600
f    596    600    598
f    596    598    597
f    600    601    482
f    600    482    480
f    600    480    479
f    600    479    598
f    483    482    601
f    483    601    602
f    483    602    603
f    604    487    485
f    604    485    484
f    604    484    483
f    604    483    603
f    604    603    605
f    606    490    488
f    606    488    486
f    606    486    487
f    606    487    604
f    606    604    607
f    608    492    489
f    608    489    490
f    608    490    606
f    609    494    491
f    609    491    492
f    609    492    608
f    609    608    610
f    611    496    493
f    611    493    494
f    611    494    609
f    611    609    612
f    613    614    497
f    613    497    495
f    613    495    496
f    613    496    611
f    615    501    498
f    615    498    497
f    615    497    614
f    616    617    499
f    616    499    501
f    616    501    615
f    616    615    618
f    619    502    500
f    619    500    499
f    619    499    617
f    505    503    502
f    505    502    619
f    505    619    620
f    505    620    621
f    622    508    506
f    622    506    504
f    622    504    505
f    622    505    621
f    622    621    623
f    511    509    507
f    511    507    508
f    511    508    622
f    511    622    624
f    625    512    511
f    625    511    624
f    625    624    626
f    625    626    627
f    516    513    512
f    516    512    625
f    516    625    628
f    629    628    625
f    629    625    627
f    629    627    630
f    629    630    631
f    629    631    632
f    633    517    516
f    633    516    628
f    633    628    629
f    634    635    633
f    634    633    629
f    634    629    632
f    634    632    636
f    520    518    517
f    520    517    633
f    520    633    635
f    520    635    637
f    638    637    635
f    638    635    634
f    638    634    639
f    523    521    520
f    523    520    637
f    523    637    638
f    523    638    640
f    641    524    523
f    641    523    640
f    641    640    642
f    641    642    643
f    527    525    522
f    527    522    524
f    527    524    641
f    527    641    644
f    645    528    527
f    645    527    644
f    645    644    646
f    647    531    529
f    647    529    526
f    647    526    528
f    647    528    645
f    648    533    532
f    648    532    530
f    648    530    531
f    648    531    647
f    535    534    533
f    535    533    648
f    535    648    649
f    537    536    535
f    537    535    649
f    537    649    650
f    537    650    651
f    537    651    538
f    539    538    651
f    539    651    652
f    539    652    653
f    541    540    539
f    541    539    653
f    541    653    654
f    541    654    542
f    543    542    654
f    543    654    655
f    543    655    656
f    543    656    657
f    545    544    543
f    545    543    657
f    545    657    658
f    545    658    546
f    546    658    659
f    546    659    660
f    546    660    661
f    546    661    547
f    548    547    661
f    548    661    662
f    548    662    550
f    548    550    549
f    550    662    663
f    550    663    664
f    550    664    665
f    550    665    551
f    551    665    666
f    551    666    667
f    551    667    668
f    551    668    555
f    551    555    553
f    551    553    552
f    667    669    670
f    667    670    671
f    667    671    668
f    555    668    671
f    555    671    672
f    555    672    673
f    555    673    556
f    672    674    675
f    672    675    673
f    556    673    675
f    556    675    562
f    556    562    560
f    556    560    559
f    556    559    557
f    675    674    676
f    675    676    677
f    675    677    563
f    675    563    562
f    678    679    680
f    678    680    681
f    678    681    677
f    678    677    676
f    563    677    681
f    563    681    682
f    563    682    567
f    563    567    564
f    681    680    683
f    681    683    684
f    681    684    685
f    681    685    682
f    567    682    685
f    567    685    686
f    567    686    570
f    567    570    569
f    567    569    568
f    686    687    688
f    686    688    572
f    686    572    571
f    686    571    570
f    688    689    690
f    688    690    574
f    688    574    573
f    688    573    572
f    690    691    577
f    690    577    576
f    690    576    575
f    690    575    574
f    692    693    581
f    692    581    579
f    692    579    578
f    692    578    577
f    692    577    691
f    694    695    582
f    694    582    581
f    694    581    693
f    696    585    583
f    696    583    582
f    696    582    695
f    587    586    697
f    587    697    698
f    587    698    699
f    587    699    700
f    700    699    701
f    700    701    702
f    700    702    589
f    700    589    588
f    702    703    595
f    702    595    592
f    702    592    590
f    702    590    589
f    701    704    705
f    701    705    706
f    701    706    703
f    701    703    702
f    706    707    599
f    706    599    596
f    706    596    595
f    706    595    703
f    705    708    709
f    705    709    710
f    705    710    707
f    705    707    706
f    710    602    601
f    710    601    600
f    710    600    599
f    710    599    707
f    605    603    602
f    605    602    710
f    605    710    709
f    605    709    711
f    605    711    712
f    713    607    604
f    713    604    605
f    713    605    712
f    713    712    714
f    715    610    608
f    715    608    606
f    715    606    607
f    715    607    713
f    716    612    609
f    716    609    610
f    716    610    715
f    716    715    717
f    718    719    613
f    718    613    611
f    718    611    612
f    718    612    716
f    720    618    615
f    720    615    614
f    720    614    613
f    720    613    719
f    721    722    616
f    721    616    618
f    721    618    720
f    721    720    723
f    724    620    619
f    724    619    617
f    724    617    616
f    724    616    722
f    623    621    620
f    623    620    724
f    623    724    725
f    726    626    624
f    726    624    622
f    726    622    623
f    726    623    725
f    726    725    727
f    726    727    728
f    726    728    729
f    627    626    726
f    627    726    730
f    627    730    630
f    731    730    726
f    731    726    729
f    731    729    732
f    731    732    733
f    731    733    734
f    631    630    730
f    631    730    731
f    631    731    735
f    736    735    731
f    736    731    734
f    736    734    737
f    736    737    738
f    636    632    631
f    636    631    735
f    636    735    736
f    636    736    739
f    740    739    736
f    740    736    738
f    740    738    741
f    740    741    742
f    743    639    634
f    743    634    636
f    743    636    739
f    743    739    740
f    744    745    743
f    744    743    740
f    744    740    742
f    744    742    746
f    744    746    747
f    642    640    638
f    642    638    639
f    642    639    743
f    642    743    745
f    748    643    642
f    748    642    745
f    748    745    744
f    748    744    749
f    646    644    641
f    646    641    643
f    646    643    748
f    650    649    648
f    650    648    647
f    650    647    645
f    650    645    646
f    650    646    748
f    650    748    749
f    650    749    750
f    652    651    650
f    652    650    750
f    652    750    751
f    652    751    752
f    652    752    753
f    654    653    652
f    654    652    753
f    654    753    754
f    654    754    655
f    655    754    755
f    655    755    756
f    655    756    656
f    657    656    756
f    657    756    757
f    657    757    659
f    657    659    658
f    659    757    758
f    659    758    759
f    659    759    760
f    659    760    660
f    661    660    760
f    661    760    761
f    661    761    663
f    661    663    662
f    663    761    762
f    663    762    763
f    663    763    764
f    663    764    664
f    664    764    765
f    664    765    766
f    664    766    666
f    664    666    665
f    666    766    767
f    666    767    768
f    666    768    669
f    666    669    667
f    768    769    770
f    768    770    771
f    768    771    670
f    768    670    669
f    771    770    772
f    771    772    773
f    671    670    771
f    671    771    773
f    671    773    678
f    671    678    676
f    671    676    674
f    671    674    672
f    773    772    774
f    773    774    775
f    773    775    679
f    773    679    678
f    774    776    777
f    774    777    778
f    774    778    779
f    774    779    775
f    775    779    683
f    775    683    680
f    775    680    679
f    683    779    778
f    683    778    780
f    683    780    781
f    683    781    684
f    685    684    781
f    685    781    782
f    685    782    687
f    685    687    686
f    782    783    784
f    782    784    689
f    782    689    688
f    782    688    687
f    784    785    786
f    784    786    692
f    784    692    691
f    784    691    690
f    784    690    689
f    786    787    694
f    786    694    693
f    786    693    692
f    788    789    696
f    788    696    695
f    788    695    694
f    788    694    787
f    790    791    697
f    790    697    586
f    790    586    585
f    790    585    696
f    790    696    789
f    792    793    698
f    792    698    697
f    792    697    791
f    698    793    794
f    698    794    795
f    698    795    704
f    698    704    701
f    698    701    699
f    796    797    795
f    796    795    794
f    796    794    798
f    795    797    799
f    795    799    708
f    795    708    705
f    795    705    704
f    800    799    797
f    800    797    796
f    800    796    801
f    802    711    709
f    802    709    708
f    802    708    799
f    802    799    800
f    714    712    711
f    714    711    802
f    714    802    803
f    714    803    804
f    714    804    805
f    806    717    715
f    806    715    713
f    806    713    714
f    806    714    805
f    806    805    807
f    808    809    718
f    808    718    716
f    808    716    717
f    808    717    806
f    810    723    720
f    810    720    719
f    810    719    718
f    810    718    809
f    811    812    813
f    811    813    721
f    811    721    723
f    811    723    810
f    813    727    725
f    813    725    724
f    813    724    722
f    813    722    721
f    814    728    727
f    814    727    813
f    814    813    812
f    729    728    814
f    729    814    815
f    729    815    816
f    729    816    817
f    729    817    818
f    729    818    819
f    729    819    732
f    732    819    820
f    732    820    733
f    821    820    819
f    821    819    818
f    821    818    822
f    821    822    823
f    734    733    820
f    734    820    821
f    734    821    824
f    734    824    737
f    825    824    821
f    825    821    823
f    825    823    826
f    738    737    824
f    738    824    825
f    738    825    827
f    738    827    741
f    828    827    825
f    828    825    826
f    828    826    829
f    828    829    830
f    742    741    827
f    742    827    828
f    742    828    746
f    747    746    828
f    747    828    830
f    747    830    831
f    747    831    832
f    747    832    833
f    747    833    834
f    750    749    744
f    750    744    747
f    750    747    834
f    750    834    751
f    751    834    833
f    751    833    835
f    751    835    836
f    751    836    752
f    753    752    836
f    753    836    837
f    753    837    838
f    753    838    839
f    753    839    840
f    753    840    755
f    753    755    754
f    756    755    840
f    756    840    758
f    756    758    757
f    758    840    839
f    758    839    841
f    758    841    842
f    758    842    759
f    760    759    842
f    760    842    762
f    760    762    761
f    762    842    841
f    762    841    843
f    762    843    844
f    762    844    845
f    762    845    763
f    763    845    846
f    763    846    847
f    763    847    765
f    763    765    764
f    765    847    848
f    765    848    849
f    765    849    767
f    765    767    766
f    767    849    850
f    767    850    851
f    767    851    852
f    767    852    769
f    767    769    768
f    851    853    854
f    851    854    852
f    852    854    776
f    852    776    774
f    852    774    772
f    852    772    770
f    852    770    769
f    855    856    777
f    855    777    776
f    855    776    854
f    855    854    853
f    857    858    859
f    857    859    860
f    857    860    861
f    857    861    856
f    857    856    855
f    777    856    861
f    777    861    862
f    777    862    780
f    777    780    778
f    862    861    860
f    862    860    863
f    781    780    862
f    781    862    863
f    781    863    864
f    781    864    865
f    781    865    866
f    781    866    783
f    781    783    782
f    866    867    868
f    866    868    869
f    866    869    785
f    866    785    784
f    866    784    783
f    869    870    871
f    869    871    788
f    869    788    787
f    869    787    786
f    869    786    785
f    871    872    790
f    871    790    789
f    871    789    788
f    873    874    792
f    873    792    791
f    873    791    790
f    873    790    872
f    875    798    794
f    875    794    793
f    875    793    792
f    875    792    874
f    876    801    796
f    876    796    798
f    876    798    875
f    877    803    802
f    877    802    800
f    877    800    801
f    877    801    876
f    878    804    803
f    878    803    877
f    878    877    879
f    878    879    880
f    807    805    804
f    807    804    878
f    807    878    881
f    882    883    884
f    882    884    808
f    882    808    806
f    882    806    807
f    882    807    881
f    882    881    885
f    884    886    887
f    884    887    888
f    884    888    811
f    884    811    810
f    884    810    809
f    884    809    808
f    889    890    891
f    889    891    888
f    889    888    887
f    888    891    815
f    888    815    814
f    888    814    812
f    888    812    811
f    892    816    815
f    892    815    891
f    892    891    890
f    817    816    892
f    817    892    893
f    817    893    894
f    817    894    895
f    817    895    896
f    817    896    897
f    822    818    817
f    822    817    897
f    822    897    898
f    898    897    896
f    898    896    899
f    898    899    900
f    898    900    901
f    826    823    822
f    826    822    898
f    826    898    901
f    826    901    902
f    826    902    829
f    902    901    900
f    902    900    903
f    902    903    904
f    830    829    902
f    830    902    904
f    830    904    831
f    831    904    903
f    831    903    905
f    831    905    906
f    831    906    907
f    831    907    832
f    833    832    907
f    833    907    908
f    833    908    835
f    836    835    908
f    836    908    909
f    836    909    910
f    836    910    911
f    836    911    837
f    838    837    911
f    838    911    912
f    838    912    913
f    838    913    914
f    838    914    915
f    841    839    838
f    841    838    915
f    841    915    843
f    843    915    914
f    843    914    916
f    843    916    917
f    843    917    844
f    844    917    918
f    844    918    846
f    844    846    845
f    846    918    919
f    846    919    920
f    846    920    848
f    846    848    847
f    848    920    921
f    848    921    922
f    848    922    923
f    848    923    850
f    848    850    849
f    922    924    858
f    922    858    857
f    922    857    923
f    850    923    857
f    850    857    855
f    850    855    853
f    850    853    851
f    925    926    859
f    925    859    858
f    925    858    924
f    927    928    929
f    927    929    926
f    927    926    925
f    863    860    859
f    863    859    926
f    863    926    929
f    863    929    930
f    863    930    864
f    864    930    931
f    864    931    932
f    864    932    933
f    864    933    865
f    865    933    934
f    865    934    867
f    865    867    866
f    868    935    936
f    868    936    870
f    868    870    869
f    936    937    938
f    936    938    873
f    936    873    872
f    936    872    871
f    936    871    870
f    938    879    877
f    938    877    876
f    938    876    875
f    938    875    874
f    938    874    873
f    939    880    879
f    939    879    938
f    939    938    937
f    885    881    878
f    885    878    880
f    885    880    939
f    940    941    883
f    940    883    882
f    940    882    942
f    943    886    884
f    943    884    883
f    943    883    941
f    944    945    889
f    944    889    887
f    944    887    886
f    944    886    943
f    944    943    946
f    947    893    892
f    947    892    890
f    947    890    889
f    947    889    945
f    947    945    948
f    949    894    893
f    949    893    947
f    950    895    894
f    950    894    949
f    950    949    951
f    950    951    952
f    950    952    953
f    899    896    895
f    899    895    950
f    899    950    954
f    955    954    950
f    955    950    953
f    955    953    956
f    903    900    899
f    903    899    954
f    903    954    955
f    903    955    905
f    906    905    955
f    906    955    956
f    906    956    957
f    906    957    958
f    906    958    959
f    908    907    906
f    908    906    959
f    908    959    909
f    911    910    960
f    911    960    961
f    911    961    962
f    911    962    912
f    912    962    963
f    912    963    964
f    912    964    965
f    912    965    913
f    914    913    965
f    914    965    966
f    914    966    916
f    916    966    967
f    916    967    968
f    916    968    969
f    916    969    919
f    916    919    918
f    916    918    917
f    919    969    970
f    919    970    971
f    919    971    921
f    919    921    920
f    970    972    928
f    970    928    927
f    970    927    971
f    921    971    927
f    921    927    925
f    921    925    924
f    921    924    922
f    929    928    972
f    929    972    973
f    929    973    974
f    929    974    931
f    929    931    930
f    975    976    974
f    975    974    973
f    975    973    977
f    931    974    976
f    931    976    978
f    931    978    932
f    932    978    979
f    932    979    980
f    932    980    981
f    932    981    934
f    932    934    933
f    934    981    982
f    934    982    983
f    934    983    984
f    934    984    935
f    934    935    868
f    934    868    867
f    984    942    882
f    984    882    885
f    984    885    939
f    984    939    937
f    984    937    936
f    984    936    935
f    983    985    940
f    983    940    942
f    983    942    984
f    986    946    943
f    986    943    941
f    986    941    940
f    986    940    985
f    987    988    944
f    987    944    946
f    987    946    986
f    989    948    945
f    989    945    944
f    989    944    988
f    989    988    990
f    991    951    949
f    991    949    947
f    991    947    948
f    991    948    989
f    992    952    951
f    992    951    991
f    992    991    993
f    956    953    952
f    956    952    992
f    956    992    957
f    958    957    992
f    958    992    993
f    958    993    994
f    958    994    995
f    909    959    958
f    909    958    995
f    909    995    960
f    909    960    910
f    961    996    997
f    961    997    963
f    961    963    962
f    963    997    998
f    963    998    999
f    963    999   1000
f    963   1000    964
f    965    964   1000
f    965   1000   1001
f    965   1001    967
f    965    967    966
f    967   1001   1002
f    967   1002    975
f    967    975    977
f    967    977    968
f    968    977    973
f    968    973    972
f    968    972    970
f    968    970    969
f   1002   1003    979
f   1002    979    978
f   1002    978    976
f   1002    976    975
f    979   1003   1004
f    979   1004   1005
f    979   1005   1006
f    979   1006    980
f    980   1006   1007
f    980   1007   1008
f    980   1008    982
f    980    982    981
f    982   1008   1009
f    982   1009   1010
f    982   1010    987
f    982    987    986
f    982    986    985
f    982    985    983
f   1009   1011   1012
f   1009   1012   1010
f   1010   1012   1013
f   1010   1013    990
f   1010    990    988
f   1010    988    987
f    994    993    991
f    994    991    989
f    994    989    990
f    994    990   1013
f    994   1013   1014
f   1014   1013   1012
f   1014   1012   1011
f   1014   1011   1015
f   1014   1015   1016
f    960    995    994
f    960    994   1014
f    960   1014   1016
f    960   1016   1017
f    960   1017   1018
f    960   1018    996
f    960    996    961
f   1018   1019    998
f   1018    998    997
f   1018    997    996
f    998   1019   1020
f    998   1020   1005
f    998   1005   1004
f    998   1004    999
f   1000    999   1004
f   1000   1004   1003
f   1000   1003   1002
f   1000   1002   1001
f   1005   1020   1021
f   1005   1021   1022
f   1005   1022   1007
f   1005   1007   1006
f   1007   1022   1015
f   1007   1015   1011
f   1007   1011   1009
f   1007   1009   1008
f   1016   1015   1022
f   1016   1022   1021
f   1016   1021   1017
f   1017   1021   1020
f   1017   1020   1019
f   1017   1019   1018
f    465    580    584
f    465    584    587
f    465    587    700
f    465    700    588
f    465    588    591
f    465    591    471
f    465    471    469
f    465    469    468
f    465    468    467
f    465    467    466
