v    11.250269   -21.366286    51.476663
v    19.239777   -21.366286    50.689743
v    23.778879   -17.217791    49.834061
v    25.503939   -15.141498    49.459622
v    29.140851    -8.580981    48.455287
v    33.744150     1.307633    47.028008
v    39.601347    17.469160    44.859366
v    39.276935    19.915991    44.650320
v    14.826027    44.366995    44.650320
v    14.535188    44.405513    44.675143
v    11.250269    40.811305    45.352689
v     7.118893    40.263581    44.999745
v   -36.969056    -3.824464    44.999745
v   -36.960496    -3.839871    45.002123
v   -29.530506   -15.280070    46.860619
v   -29.327452   -15.524496    46.904654
v   -20.334369   -25.876095    48.809943
v   -17.476769   -28.971940    49.396376
v   -14.820701   -31.399559    49.897022
v     1.216996   -31.399559    51.476663
v   -14.789791   -31.632382    49.877144
v    -1.142622   -45.279551    49.877144
v    -0.883549   -45.439522    49.886940
v     0.826675   -45.666259    50.033026
v     0.920165   -45.564018    50.052332
v     1.216996   -44.379929    50.198132
v    15.531439   -30.065486    50.198132
v    18.784973   -24.796529    50.396622
v    42.073001    21.895274    43.553445
v    43.068682    24.235585    42.957311
v    42.526664    31.366177    42.225744
v    42.494042    31.445021    42.225744
v    41.964864    41.005610    40.740830
v    40.845353    42.956265    40.604161
v    36.588531    47.213087    40.604161
v    33.390160    49.048663    40.828234
v    31.899540    49.131216    41.059821
v    26.015047    51.568632    41.059821
v    18.884265    52.110650    41.791293
v    17.429500    51.705587    42.097063
v    14.630676    50.731020    42.744270
v    14.616695    50.723221    42.748455
v    14.535188    50.628494    42.787449
v     8.290903    50.153812    42.146805
v     6.227831    49.907579    41.962296
v    -7.324801    44.293952    41.962296
v    -8.428904    44.232798    41.790722
v    -9.548986    43.833442    41.672313
v   -22.107934    38.450641    40.492409
v   -25.839003    36.771708    40.154968
v   -29.442151    34.703785    39.902552
v   -31.910952    33.232947    39.738492
v   -38.128512    28.625748    39.473713
v   -45.388830    21.365525    39.473713
v   -46.103278    20.120663    39.560926
v   -46.124201    19.740993    39.619893
v   -41.048598     1.551204    43.445118
v   -36.987031    -3.802779    44.993183
v   -48.147138    14.857222    39.619893
v   -48.218564    13.918035    39.716237
v   -45.558407     7.665381    41.308812
v   -44.632440     6.007277    41.798045
v   -43.354956     4.309227    42.398935
v   -14.900020   -32.027364    49.794116
v   -14.094840   -33.430295    49.695774
v    -3.731258   -43.793877    49.695774
v     0.212470   -46.363872    49.744279
v     0.826675   -46.618190    49.744279
v     0.886878   -46.760185    49.693587
v     1.424616   -47.385613    49.436321
v     1.822450   -47.684916    49.295562
v     1.968536   -47.673788    49.280535
v     3.900360   -46.873554    49.280535
v     4.074406   -46.444143    49.388957
v     8.902445   -41.616105    49.388957
v    22.429778   -20.474653    49.834061
v    43.369887    24.719777    42.726961
v    42.842516    32.257334    41.929294
v    42.855546    32.572996    41.867093
v    42.412725    40.567544    40.625560
v    40.689757    43.644082    40.378375
v    37.276443    47.057396    40.378375
v    32.151194    50.315305    40.502205
v    30.239913    51.397343    40.376473
v    26.168170    51.622938    41.008843
v    24.980657    51.941073    41.008843
v    19.502178    52.324356    41.588619
v    13.214144    50.625165    42.599992
v    10.068653    50.396241    42.271871
v     5.095861    49.834917    41.790722
v   -39.227004    27.873828    39.326676
v   -45.287445    21.813386    39.326676
v   -48.511781    17.764659    38.940825
v   -48.601848    16.139937    39.193145
v   -48.684781    15.830172    39.193145
v   -48.746221    14.952520    39.286065
v   -48.309963    14.065071    39.646333
v   -29.503496   -15.327719    46.863758
v   -14.092653   -33.440186    49.692541
v    -3.741150   -43.791594    49.692541
v     0.674027   -46.835606    49.622827
v     0.918739   -47.250084    49.436321
v     2.134498   -48.224271    48.962590
v     2.205734   -48.300547    48.911613
v     2.946907   -48.101962    48.911613
v     2.986662   -48.034626    48.941857
v     3.826461   -47.176091    49.162887
v     3.900455   -46.876122    49.279489
v     8.826929   -41.949647    49.279489
v    23.758240   -19.175199    49.492054
v    25.711083   -15.726029    49.265223
v    28.133186   -12.341723    48.455287
v    45.573624    26.449593    40.636022
v    43.822790    35.251699    40.636022
v    43.472794    40.193677    39.924237
v    43.157608    40.536444    40.087441
v    43.101494    40.783343    40.006505
v    40.746061    44.308409    40.006505
v    40.737026    44.345786    39.991954
v    38.095985    46.986827    39.991954
v    37.667526    47.090589    40.159438
v    33.197091    50.077536    40.159438
v    29.967620    51.647856    40.246747
v    25.119419    51.991194    40.945121
v    24.000099    52.213841    40.945121
v    19.913614    52.519422    41.361407
v   -26.932834    36.380531    39.902552
v   -40.193391    27.237559    39.156339
v   -45.313315    22.117635    39.156339
v   -46.408193    21.633158    38.583221
v   -49.006815    17.744021    38.583221
v   -49.051801    17.723858    38.554308
v   -49.103730    16.990484    38.659878
v   -49.370507    15.649658    38.659878
v   -44.712616     5.785296    41.695995
v   -45.272989     6.230494    41.308812
v   -15.729168   -32.768347    48.809943
v   -14.096933   -33.490593    49.664389
v    -3.791557   -43.795874    49.664389
v    -3.341603   -44.812859    49.132072
v     0.936334   -47.671220    49.132072
v     1.316478   -48.519675    48.586630
v     1.624532   -49.949236    47.463696
v     2.327566   -50.089044    47.463696
v     2.327566   -48.786356    48.532800
v     2.555920   -50.379978    47.187694
v     2.590063   -50.373130    47.187694
v     2.888416   -48.988840    48.275058
v     2.912097   -48.935960    48.309107
v     3.487117   -48.551726    48.309107
v     4.086105   -47.198156    49.017563
v     8.854225   -42.430035    49.017563
v     8.864212   -42.388568    49.033826
v    23.440391   -20.573755    49.033826
v    35.701368    -4.112735    44.536857
v    37.124557    -2.982096    43.553445
v    46.709208    26.405939    39.349502
v    56.916338    26.405939    26.912006
v    56.409415    29.606212    26.912006
v    49.860976    36.721967    33.518174
v    46.515949    26.449593    39.576524
v    49.183906    37.618545    34.078833
v    45.936554    39.948965    37.208822
v    45.276318    41.244805    37.208822
v    44.897600    41.612586    37.430803
v    43.276492    42.752164    38.638764
v    42.152036    44.005301    38.902211
v    41.543728    44.293096    39.283973
v    38.043391    47.793434    39.283973
v    37.964642    47.959872    39.179545
v    35.387513    50.272316    38.637717
v    35.185314    50.560016    38.423345
v    30.053883    53.174617    38.423345
v    29.827907    53.054021    38.697065
v    27.255724    53.274005    39.024995
v    22.184306    54.077188    39.024995
v    20.049617    52.639733    41.188501
v     9.772298    50.492775    42.097063
v     5.480952    50.125755    41.549910
v   -13.464372    42.854880    40.492409
v   -29.028243    35.819681    39.132372
v   -44.434046    25.348438    36.948418
v   -48.270968    21.511515    36.948418
v   -50.385114    20.511460    35.621668
v   -50.190999    18.328457    37.138157
v   -52.674162    20.396665    33.032175
v   -53.596419    18.586673    33.032175
v   -53.548010    18.496036    33.142024
v   -51.493592    18.199110    35.702604
v   -50.766114    15.965035    37.020224
v   -53.856443    16.548805    33.142024
v   -53.339914    15.965035    33.884053
v   -50.686034     6.768232    35.342812
v   -51.856427     6.599131    33.884053
v   -52.970612     4.511806    31.355905
v   -34.221304   -32.285771    31.355905
v   -31.945762   -32.399900    33.930180
v   -30.965584   -31.773522    35.438586
v    -6.688437   -57.657225    33.930180
v    -5.521277   -57.326156    35.336916
v    -2.802343   -53.071806    41.884118
v     0.104333   -52.813399    43.903346
v    -3.683800   -58.262299    35.336916
v    -0.166533   -56.384782    39.597067
v     0.204291   -53.819446    42.794487
v     2.483733   -53.077227    44.138927
v     2.555920   -52.757666    44.514316
v     0.924730   -56.557687    39.597067
v     2.483733   -55.178153    41.578823
v     3.077870   -55.084091    41.578823
v     3.341032   -54.575932    42.147185
v     3.104024   -52.936183    44.191046
v     3.237460   -51.592884    45.671490
v     3.288248   -51.597449    45.636205
v     3.395909   -54.547970    42.147185
v     3.525351   -51.968369    45.065274
v    13.357757   -42.135962    45.065274
v    14.964028   -41.376148    44.057230
v    24.358939   -30.905856    41.855871
v    37.283767   -21.820615    32.225473
v    47.402732    -1.961022    32.225473
v    54.328081     3.008822    25.550446
v    59.102669     5.481142    20.209683
v    61.712135     8.316678    17.577297
v    63.310892    18.411105    17.577297
v    61.146911    21.624788    20.834350
v    64.344426    18.172100    15.702538
v    65.191739    18.172100    14.117286
v    62.806252    21.949295    17.650055
v    61.601810    23.410242    19.543455
v    59.556427    25.974911    22.411803
v    56.184866    30.148895    26.911720
v    55.368463    31.048327    27.725936
v    49.184096    37.621018    34.076646
v    48.212192    38.928651    34.540961
v    44.072066    42.688537    37.430803
v    43.985138    42.767667    37.473221
v    42.140052    44.106971    38.795501
v    38.330235    47.916788    38.795501
v    37.565570    48.970199    38.040632
v    35.125967    50.842200    38.040632
v    34.000084    52.269384    36.743651
v    32.493296    53.389180    36.208671
v    30.102863    53.280377    38.224665
v    30.048557    55.689546    33.846486
v    29.651578    55.853987    33.846486
v    28.790189    56.600486    32.778904
v    22.390689    54.969772    37.405885
v    27.536767    57.882535    30.689106
v    26.213631    58.718150    29.451662
v    23.208138    59.113797    29.451662
v    22.390689    58.671262    30.481011
v    10.008260    57.041119    30.481011
v     7.965541    55.750985    32.391436
v     7.940432    55.725306    32.433283
v     6.198062    54.215379    34.592509
v   -20.460197    43.173205    34.592509
v   -21.911157    42.744460    34.120681
v   -28.620803    37.757688    36.503029
v   -33.915819    35.238479    34.005696
v   -47.234962    25.018415    34.005696
v   -52.592845    22.242987    30.930204
v   -52.798848    20.494816    32.766825
v   -53.643878    22.095285    29.413239
v   -55.626394    20.656118    27.992522
v   -56.015004    20.149671    27.992522
v   -55.514167    19.924075    29.082835
v   -55.493244    19.465847    29.469257
v   -58.317176    19.079711    24.582347
v   -57.874356    19.048325    25.418437
v   -57.237516    16.548805    27.225670
v   -60.442639    18.476349    20.754459
v   -62.623550    16.907170    17.060863
v   -63.361870    16.185304    15.857278
v   -58.809453    16.185304    24.374347
v   -63.708727    15.967222    15.154718
v   -64.046834    15.619033    14.436276
v   -66.448014    11.184645     8.851848
v   -67.242542     9.350782     6.913651
v   -67.122992     7.988652     6.801805
v   -66.330176     1.966253     6.801805
v   -62.360958     2.247486    14.297039
v   -59.092683     1.674368    19.857120
v   -67.744044    -2.961553     0.463649
v   -67.725498    -3.505093     0.084646
v   -67.614413    -4.181117    -0.225215
v   -67.282202    -5.580910    -0.679638
v   -64.602452   -15.485788    -3.290055
v   -60.341635   -25.772427    -3.290055
v   -60.304258   -25.898825    -3.331141
v   -58.892387   -27.798503    -2.656639
v   -57.699168   -28.739877    -1.572318
v   -35.612728   -33.382456    28.392830
v   -44.205122   -46.325639    -1.572318
v   -40.941127   -49.296703     0.019782
v   -33.063465   -55.014948     5.665080
v   -30.619963   -57.458451     5.665080
v   -26.812904   -59.430600     7.850460
v    -9.677666   -61.449828    25.853174
v   -20.468471   -64.298869     7.850460
v   -18.538834   -65.216942     8.760544
v   -17.559512   -65.171290    10.049917
v   -12.992354   -64.737505    16.420600
v   -11.919160   -64.181506    18.652203
v   -10.426448   -63.323256    21.893277
v    -9.647422   -61.593821    25.657823
v    -5.497120   -61.405032    29.157875
v    -4.322637   -59.640502    32.748279
v    -5.533641   -61.919469    28.186447
v     0.547249   -58.399635    36.269255
v     0.924730   -56.767304    39.230237
v    -5.317272   -61.947906    28.186447
v    -2.683174   -60.806616    30.970434
v     0.547249   -59.057398    35.038658
v     3.850713   -58.622472    35.038658
v     3.770633   -57.492404    37.172586
v     3.886854   -56.829504    38.300466
v     5.080834   -58.975416    33.456450
v     4.118917   -56.840061    38.104735
v     4.347080   -55.754694    39.577285
v     5.129529   -59.003472    33.350690
v     7.178526   -59.198062    30.492614
v    12.993971   -54.735712    30.492614
v    13.415392   -54.517441    30.250660
v    16.807212   -54.040762    25.355571
v    23.231345   -49.377545    20.751891
v    45.740633   -20.042960    20.751891
v    53.759814   -13.716598    13.464943
v    59.617582    -5.834942    10.666309
v    62.740722    -2.515689     7.459188
v    66.807045     7.301310     7.459188
v    67.302555     9.132795     7.941859
v    66.635661     9.180064     9.201178
v    67.375502     9.248256     7.833912
v    67.661015    11.417373     7.833912
v    67.777617    12.746025     7.943000
v    67.698868    13.188656     8.199410
v    66.804857    15.251918    10.380130
v    65.263925    18.097821    13.964067
v    67.634956    13.755782     8.199410
v    67.224852    14.824410     9.154670
v    66.847751    15.541140    10.131519
v    66.252283    16.746913    11.473391
v    65.344196    18.071571    13.727915
v    63.314031    21.390919    16.612622
v    56.789179    29.523278    25.965971
v    48.196404    38.999697    34.451845
v    47.709263    39.582516    34.543814
v    37.439268    49.313537    37.473221
v    36.926828    49.913571    36.997018
v    34.147691    52.236477    36.558572
v    29.873274    56.092041    32.942869
v    29.470113    56.481411    32.333515
v    27.682282    57.875687    30.542640
v    25.984042    59.420043    27.387734
v    25.367935    60.072956    25.630717
v    23.208138    59.753110    27.487216
v    25.320952    60.126502    25.471507
v    23.431070    61.466282    21.756702
v    23.113031    61.633671    21.323107
v    23.113031    60.083038    26.434851
v    11.563078    61.793261    16.507052
v    22.290351    62.204221    19.136775
v    21.014198    62.815477    16.647811
v    19.144004    63.275227    14.437608
v    18.548440    63.394301    13.823593
v    16.394825    63.196858    13.674560
v    11.589423    62.655411    13.674560
v    11.078885    62.670343    13.032014
v     4.794275    60.888789    11.645631
v    -8.700532    56.166700    11.645631
v   -10.820573    54.870004    13.488054
v   -16.544810    51.589270    15.980252
v   -18.837377    49.801249    18.276718
v   -41.365116    35.646205    18.276718
v   -44.405894    32.903399    20.848901
v   -52.003749    26.552880    22.047541
v   -53.387563    25.500515    21.181017
v   -59.748640    19.139438    21.181017
v   -60.423333    18.563277    20.645466
v   -63.386027    16.575054    15.348833
v   -63.585277    16.450083    14.944626
v   -63.691227    16.340519    14.779044
v   -64.271954    15.782808    13.498421
v   -64.579341    15.444796    12.870426
v   -66.286997    13.833485     8.275020
v   -66.741896    13.169824     7.145523
v   -67.099405    12.665659     6.154408
v   -67.735770    11.456177     4.505814
v   -67.801679    11.284413     4.352215
v   -68.019571     9.350782     4.352215
v   -68.190859     8.654024     3.528775
v   -68.642240     6.397122     1.202444
v   -68.664114     6.225834     1.066536
v   -68.337230     2.659206     0.819637
v   -68.153482     1.029063     0.819637
v   -65.567033   -12.581299    -3.118195
v   -64.826335   -15.194283    -3.694547
v   -64.583621   -15.887807    -3.694547
v   -63.958955   -17.872987    -4.235994
v   -63.002934   -20.479979    -4.575148
v   -61.977294   -23.186359    -4.836313
v   -61.273689   -24.884979    -4.836313
v   -60.821833   -25.673420    -4.493070
v   -60.211813   -26.895647    -4.981542
v   -58.479810   -29.652244    -4.981542
v   -58.080454   -30.372874    -5.335437
v   -57.211837   -31.680602    -5.645868
v   -57.035793   -31.897637    -5.623993
v   -49.137398   -41.347236    -4.133278
v   -45.660552   -45.082774    -2.727589
v   -35.425651   -54.812084     0.019782
v   -30.104765   -58.858624     3.351494
v   -26.223808   -62.102551     2.739287
v   -23.462646   -63.632356     4.095045
v   -21.658837   -64.765752     4.095045
v   -20.848330   -65.170244     4.418981
v   -18.809986   -65.505688     7.341255
v   -18.614445   -65.473827     7.819646
v   -13.986418   -65.338870    13.645267
v   -13.422240   -65.326506    14.319389
v    -5.695419   -63.259914    24.001716
v   -13.238682   -65.347144    14.319389
v    -7.297505   -64.158871    20.443458
v    -5.695419   -63.765031    22.336763
v     5.607254   -62.491541    22.336763
v     5.621140   -62.036261    23.832424
v     5.994057   -60.896397    27.184204
v     8.278539   -60.789306    24.885455
v     7.880610   -62.557831    19.475168
v     9.048530   -62.149059    19.475168
v     8.726876   -61.055607    23.480146
v    15.109352   -61.151761    10.785954
v    15.539333   -60.881561    10.785954
v    14.716748   -59.722200    15.967602
v    21.653416   -58.526413     0.958969
v    22.792233   -57.817957    -0.165963
v    28.345847   -53.594422    -3.643379
v    37.994886   -43.945383    -3.643379
v    40.334246   -41.947650    -5.500258
v    45.446370   -35.831570    -6.465124
v    51.114113   -25.602090    -1.442115
v    56.850618   -16.472528    -1.442115
v    56.904639   -16.375138    -1.419955
v    64.121208    -1.914419     4.359729
v    64.320268    -1.567182     4.208508
v    65.537454     1.752071     4.640296
v    66.723635     5.521658     5.668409
v    66.994977     6.297164     5.668409
v    67.546981     8.244586     6.098009
v    67.678515     8.986139     6.523140
v    67.668053     9.344029     6.973569
v    67.790837    10.540672     7.080375
v    67.834491    10.927855     7.080375
v    67.934164    12.015409     7.155605
v    67.833350    12.519289     7.675082
v    67.992085    12.015409     6.567365
v    67.992085    12.039471     6.543208
v    67.880999    13.167256     6.543208
v    67.833350    13.399224     6.795242
v    67.786652    13.613025     6.996300
v    67.711327    13.861351     6.996300
v    67.152475    15.192666     8.717746
v    66.616925    16.358304     9.704677
v    66.095450    17.334107     9.704677
v    63.231382    21.596827    16.303617
v    58.282082    28.231718    21.461869
v    46.703026    42.340919    21.461869
v    45.356018    43.867680    22.439289
v    44.496056    44.727738    24.043658
v    42.715643    46.298343    25.183427
v    27.419880    58.851205    25.183427
v    26.163795    59.788204    24.206862
v    22.838360    62.022470    19.058977
v    22.663648    62.130893    18.693955
v    22.659558    62.133081    18.682637
v    21.001263    62.829268    16.538438
v    19.722162    63.275227    13.859449
v    19.637326    63.302998    13.661816
v    18.849931    63.464776    12.806323
v    18.548440    63.494545    12.806323
v    17.547338    63.494545    11.805317
v    14.525582    63.196858    11.805317
v    14.183005    63.160908    11.782301
v    11.227253    62.827841    11.782301
v    10.127905    62.587504    10.748197
v     7.563046    61.921371     9.505046
v     1.948848    60.427232     7.184993
v     1.034485    60.149898     7.184993
v    -4.021717    58.519375     6.111514
v    -7.484582    57.307705     6.111514
v    -9.315402    56.466669     4.561452
v   -24.155124    48.534702     4.561452
v   -24.215803    48.500178     4.537770
v   -34.456220    42.065678     4.537770
v   -38.277545    39.215210     7.508644
v   -57.684616    23.288219     7.508644
v   -59.513439    21.674720     8.679418
v   -61.668005    19.520154     8.679418
v   -62.473280    18.607502     8.095172
v   -66.062828    14.233507     8.095172
v   -66.200449    14.048998     7.951750
v   -67.206877    12.551055     5.632838
v   -67.666151    11.810262     4.085724
v   -68.088333    11.047690     1.966538
v   -68.111349    10.992813     1.895683
v   -68.161947    10.847584     1.591434
v   -68.190859    10.567397     1.615401
v   -68.726980     5.890865     0.094061
v   -68.337230     1.933631     0.094061
v   -68.322488     1.793252     0.084646
v   -65.211996   -13.915562    -3.669534
v   -65.002665   -14.666912    -3.876107
v   -64.796281   -15.347311    -3.876107
v   -64.249603   -17.042508    -4.235994
v   -60.925025   -25.567185    -5.017207
v   -60.202303   -26.919329    -5.017207
v   -59.738939   -27.733449    -5.335437
v   -51.191816   -39.018623    -5.623993
v   -38.732445   -52.010882    -2.727589
v   -35.875890   -54.530946    -0.898861
v   -27.045347   -61.777949    -0.898861
v   -25.618639   -62.842202     0.210283
v   -25.535515   -62.898030     0.338963
v   -23.678255   -63.955246     1.065109
v   -22.753524   -64.449519     1.065109
v   -22.100421   -64.749584     1.618064
v   -20.906061   -65.250895     3.162420
v   -20.753508   -65.304061     3.481791
v   -20.756457   -65.256507     4.000888
v   -18.888830   -65.623527     6.216608
v   -19.996262   -65.469643     4.194052
v   -18.853926   -65.704463     5.435395
v   -18.884740   -65.627902     6.182084
v   -13.417960   -65.627902    11.648865
v   -17.263633   -65.861105     5.435395
v   -13.417960   -65.861105     9.281068
v    -2.706380   -64.806078     9.281068
v     3.451357   -64.158871     9.694595
v     7.370643   -63.717287     9.694595
v     8.122183   -62.919144    16.026569
v    10.375470   -63.060189     6.868190
v    15.064652   -61.637761     6.868190
v    15.069787   -61.553781     7.783790
v    15.273317   -61.362900     8.709757
v    16.849439   -60.888599     4.560406
v    19.578835   -59.634701     2.249578
v    20.109440   -59.381049     1.723063
v    20.824458   -58.998241     1.283001
v    23.176848   -57.559550    -0.761336
v    24.837235   -56.386018    -2.728920
v    26.859697   -54.919080    -4.735309
v    29.876127   -52.699080    -7.393944
v    30.372969   -52.328446    -7.780271
v    31.242442   -51.636348    -8.744091
v    34.347322   -48.990457   -11.238666
v    36.246904   -47.314662   -12.454711
v    37.185806   -46.375666   -12.454711
v    38.497339   -44.889040   -11.502970
v    41.014835   -41.821442   -11.502970
v    44.230135   -37.681411    -9.605385
v    45.907737   -35.432499    -7.856928
v    47.510869   -32.881049    -7.856928
v    56.912819   -16.359826    -1.419955
v    61.407695    -7.563426     0.911986
v    63.757137    -2.792928     3.170695
v    66.067774     3.267419     4.640296
v    66.917274     5.901993     5.199624
v    67.332989     7.272397     5.199624
v    67.342120     7.307587     5.216648
v    67.765348     9.756891     6.523140
v    67.834491    10.414845     6.567365
v    67.823269    12.197160     4.986583
v    67.823269    13.190558     5.979886
v    67.854844    12.039471     5.149026
v    67.536900    13.361942     3.609901
v    67.597864    13.402743     4.191769
v    67.505229    13.874000     4.750906
v    66.780890    14.452064     0.712641
v    66.886174    14.533856     1.747981
v    65.802614    17.233293     5.798230
v    66.628908    14.563435     0.170433
v    65.536598    15.520502    -3.075112
v    64.310948    16.677009    -6.373441
v    63.694366    17.341240    -7.690585
v    60.502938    20.850708   -14.210396
v    60.162453    21.287252   -14.647700
v    59.026013    23.095816   -14.647700
v    58.037180    24.192216   -15.575094
v    55.412402    25.953607   -20.267509
v    52.583429    28.369434   -22.512997
v    33.892708    47.060155   -22.512997
v    33.417456    47.616629   -22.071318
v    29.182413    53.927489   -10.788998
v    29.206285    53.953453   -10.518417
v    22.508718    61.695205    12.839421
v    27.829413    54.777655   -10.788998
v    27.381552    55.126985   -10.340280
v    24.387947    57.849247    -4.778868
v    21.422399    60.992076     3.678949
v    20.087756    62.515223     8.204356
v    20.177537    62.630873     9.341746
v    19.648073    63.127715    11.751676
v    18.916221    63.131614     9.801211
v    18.998869    63.255349    10.981590
v    18.885977    63.375280    11.933141
v    17.547338    63.375280    10.594503
v    18.211664    63.211029     9.801211
v    17.546863    63.374424    10.586989
v    15.217014    63.160908    10.748197
v    -2.308830    58.856056     4.079352
v    -2.476220    58.773407     3.893036
v    -9.462248    56.328858     3.893036
v   -13.318477    53.970287     0.541732
v   -19.700573    50.312452    -2.236929
v   -23.123302    47.643164    -5.665365
v   -37.381823    38.683940    -5.665365
v   -42.187321    34.349414    -9.730261
v   -48.480110    29.089683   -10.722993
v   -48.870621    28.792662   -10.478472
v   -64.197389    13.465894   -10.478472
v   -66.360039    12.014553    -6.612160
v   -66.506600    12.149035    -5.084829
v   -67.867589    10.971604    -0.978561
v   -66.554439    11.705359    -6.612160
v   -67.095886    11.109890    -5.505965
v   -67.679561    10.559123    -3.935169
v   -67.860551    10.400579    -3.397431
v   -68.040684    10.540387    -1.625578
v   -68.095086    10.482371    -1.361654
v   -68.240220    10.473431     0.219413
v   -68.098034     9.949198    -2.782180
v   -68.188101    10.009306    -1.922884
v   -68.331713     9.874063    -0.783306
v   -68.290151     8.244396    -2.782180
v   -68.371373     7.913707    -2.391384
v   -68.371373     9.502763    -0.802327
v   -68.686179     6.340058    -0.769135
v   -68.699970     6.340058    -0.628756
v   -68.322488     2.372362    -0.494464
v   -67.924083    -1.162975    -0.494464
v   -64.423840   -16.378752    -4.537390
v   -64.347089   -16.610910    -4.607294
v   -64.305812   -16.756710    -4.575148
v   -59.868475   -27.410655    -5.819820
v   -59.599511   -27.755514    -6.165250
v   -57.039692   -31.829540    -6.165250
v   -54.562426   -34.575960    -8.488442
v   -52.204521   -37.396945    -8.933450
v   -50.098555   -39.195333   -10.605060
v   -34.872411   -54.421572   -10.605060
v   -33.422401   -55.524249   -11.512956
v   -32.778143   -56.062748   -11.411286
v   -29.189165   -59.299922    -8.375359
v   -27.627595   -60.281147    -8.375359
v   -26.532527   -61.135212    -7.278389
v   -24.648922   -62.848099    -3.779193
v   -24.066579   -63.465157    -2.118425
v   -23.086401   -64.137186    -0.450049
v   -22.713769   -64.321124    -0.035475
v   -21.779814   -64.812545     1.237634
v   -21.057852   -65.089688     1.882939
v   -19.982852   -65.210760     1.882939
v   -18.929726   -65.469643     3.127516
v   -17.263633   -65.802899     4.844968
v    -6.389704   -64.806078     5.597744
v    -2.149050   -64.328257     5.597744
v    10.393445   -63.041167     6.716589
v    15.390870   -61.196937     3.071402
v    15.553219   -61.143297     3.022517
v    18.553386   -59.925540     1.723063
v    31.202116   -51.664976    -8.722216
v    35.315421   -48.111758   -12.114987
v    35.976514   -47.533980   -12.481056
v    36.221701   -47.330355   -12.506164
v    36.779031   -46.718053   -12.804802
v    36.785308   -46.711776   -12.804802
v    36.894587   -46.612293   -12.751541
v    37.201974   -46.349796   -12.507496
v    40.634595   -42.243054   -11.859623
v    45.521981   -35.625377    -9.605385
v    47.561181   -32.755602    -8.045146
v    49.227845   -29.768370    -7.257655
v    66.311154     4.506099     3.170695
v    66.354904     4.660174     3.136741
v    66.965494     6.314949     4.343751
v    67.765348    11.063383     5.216648
v    65.409154    14.659969    -3.814858
v    65.744123    14.563435    -2.746230
v    65.403067    14.659969    -3.833309
v    60.513970    20.615412   -14.447118
v    58.272666    22.025001   -18.987361
v    58.115263    22.178885   -19.243962
v    55.897356    23.774694   -23.000328
v    55.894788    23.775455   -23.005084
v    53.240717    25.009094   -26.936544
v    49.497475    27.962088   -30.338064
v    47.847930    30.111803   -30.338064
v    42.257700    34.169661   -34.344088
v    39.806779    36.247665   -35.319035
v    36.897916    39.156624   -35.319035
v    36.700948    39.427871   -35.124541
v    34.309754    41.262685   -35.124541
v    33.186344    43.679748   -31.544313
v    31.977813    47.937141   -23.876934
v    29.015974    52.053490   -16.905172
v    26.713421    55.158370   -11.012500
v    28.035131    53.056779   -15.269703
v    24.595186    57.215926    -6.641358
v    18.437450    60.550111     1.113234
v    18.211664    60.647977     1.351858
v    16.925621    60.535084     1.457428
v    -2.747276    57.945116     1.457428
v    -8.697678    54.186942    -4.107789
v   -11.945410    50.865026    -9.522831
v   -13.253329    49.731630   -11.143559
v   -24.186129    45.203180   -11.143559
v   -33.717615    36.234826   -20.353201
v   -35.742644    31.877855   -26.807007
v   -36.769711    30.576023   -27.990050
v   -52.324927    18.640029   -27.990050
v   -52.540440    18.343293   -28.202710
v   -54.536367    16.894425   -26.772388
v   -64.080217    13.382770   -11.002039
v   -55.524915    15.606099   -26.772388
v   -55.547550    15.588219   -26.751750
v   -57.286972    14.779805   -24.175192
v   -58.601167    14.292188   -22.010735
v   -64.233720    12.693336   -11.866756
v   -64.750725    12.321370   -10.991196
v   -66.321901    11.636976    -7.463468
v   -66.301358    11.343475    -7.852838
v   -66.335026    11.358882    -7.743274
v   -64.758143    12.314047   -10.979118
v   -67.474795     9.176354    -5.123728
v   -67.878621     8.244396    -4.138699
v   -67.377119     2.530906    -3.669534
v   -62.098366   -20.603143    -7.435697
v   -60.818314   -22.080258    -9.266231
v   -58.218360   -28.357165    -9.266231
v   -55.242826   -31.519490   -12.321846
v   -49.348537   -34.259157   -21.052907
v   -46.186687   -36.753542   -23.926105
v   -42.036956   -42.161546   -23.926105
v   -37.651452   -45.344890   -27.068838
v   -36.670704   -46.696083   -26.100548
v   -34.137895   -48.639605   -26.100548
v   -32.446978   -50.782948   -24.152841
v   -32.370227   -50.894319   -24.031960
v   -31.004768   -53.832191   -19.680125
v   -30.058068   -56.384021   -15.477228
v   -29.971900   -56.687414   -14.930930
v   -27.997944   -59.430790   -10.284452
v   -26.322054   -61.145008    -7.490193
v   -26.289907   -61.165361    -7.460139
v   -24.691435   -62.717992    -4.161620
v   -21.941877   -64.206805    -0.698945
v   -19.982852   -65.055640     1.371641
v    -5.701601   -63.802218     2.544126
v    10.537628   -61.664296     2.544126
v    30.076899   -52.131098    -8.722216
v    36.781694   -46.714439   -12.807370
v    40.460739   -41.964769   -12.751541
v    40.746727   -41.739174   -12.491613
v    44.420540   -36.796055   -10.736498
v    61.682081     0.298923    -7.257655
v    61.780897     0.395552    -7.096638
v    63.984539     3.884667    -3.833309
v    55.243777    22.025001   -24.654058
v    55.686027    23.760713   -23.399114
v    53.931008    22.023574   -26.951666
v    53.597846    24.126877   -26.951666
v    55.237595    22.023574   -24.665376
v    53.219223    24.538312   -27.333617
v    50.967647    25.704140   -29.852160
v    50.280210    26.197558   -30.514869
v    49.367083    27.989479   -30.514869
v    45.131754    30.966630   -33.670632
v    36.873283    37.635379   -37.160032
v    35.145559    39.363103   -37.160032
v    34.253261    39.760557   -37.624537
v    34.056008    40.699268   -36.350952
v    33.690319    40.682719   -36.659291
v    33.434575    39.528304   -38.611373
v    33.208695    39.643384   -38.611373
v    33.180162    43.592154   -31.709610
v    28.035131    42.281097   -35.429550
v    31.899730    38.944725   -40.196720
v    30.456473    38.362001   -41.616295
v    30.088882    38.281825   -41.858439
v    27.685040    38.662541   -41.858439
v    27.685040    40.766890   -38.176351
v    24.679452    36.003239   -45.679003
v    22.792614    34.492456   -47.799616
v    22.640061    34.394400   -47.928867
v    20.911292    33.479276   -49.051040
v    20.535997    33.301424   -49.258280
v   -12.211140    28.114831   -49.258280
v   -15.084339    27.869073   -48.892021
v   -16.537296    31.004007   -43.003724
v   -15.366142    27.476374   -49.270453
v   -33.614043    18.178662   -49.270453
v   -35.598271    17.647582   -48.541074
v   -39.009398    18.615301   -44.429956
v   -39.226053    18.890162   -43.844474
v   -51.626077    17.428930   -30.816550
v   -40.700029    16.924574   -44.429956
v   -47.846979    16.566114   -36.345055
v   -51.715192    16.672825   -31.610983
v   -53.274195    16.079259   -29.826005
v   -55.524819    15.088809   -27.172981
v   -55.346588    15.006160   -27.507854
v   -58.097098    12.314047   -23.440962
v   -55.655212    13.057597   -27.507854
v   -56.503286    12.099104   -26.289527
v   -57.167422    12.099104   -25.127408
v   -50.811861   -23.834992   -26.289527
v   -48.965539   -25.841285   -28.152113
v   -48.946612   -25.851081   -28.173227
v   -41.131817   -31.459287   -35.705552
v   -37.504321   -38.578561   -35.705552
v   -37.302218   -38.720651   -35.856203
v   -36.640650   -44.334088   -29.958585
v   -36.529469   -38.759455   -36.730431
v   -35.518000   -39.770829   -36.730431
v   -35.357649   -42.968248   -33.113397
v   -35.399306   -44.480458   -31.262795
v   -34.534969   -46.750580   -28.663411
v   -31.356285   -51.827514   -23.090585
v   -29.771984   -52.078408   -23.090585
v   -26.239120   -55.204402   -18.599798
v   -26.289907   -55.423910   -18.201583
v   -17.588710   -54.497468   -17.791765
v    30.071383   -46.948784   -17.791765
v    30.472832   -47.163061   -17.305575
v    30.817596   -47.907087   -15.908160
v    35.086783   -44.812193   -17.305575
v    36.240913   -46.276469   -14.187094
v    36.332882   -46.265626   -14.090465
v    35.249607   -41.564556   -20.979389
v    36.747741   -42.745221   -17.789007
v    33.805209   -38.098363   -25.857739
v    30.817787   -27.567582   -38.549838
v    41.368350    -6.860962   -38.549838
v    42.292890    -6.197492   -37.658776
v    43.011237    -5.825621   -36.855212
v    46.389266    -2.154946   -33.447510
v    60.756494     0.364452    -9.005446
v    49.409406    16.913447   -33.447510
v    48.105101    16.913447   -35.036756
v    46.798989    16.618328   -36.571221
v    44.784992    26.743475   -36.571221
v    44.758267    26.764779   -36.589767
v    42.978330    27.148253   -37.987848
v    42.901483    27.182682   -38.037304
v    35.873607    37.700718   -38.037304
v    33.140978    38.909820   -39.467626
v    33.131562    39.054193   -39.340943
v    30.744268    38.169693   -41.616295
v    28.436579    37.226607   -43.463093
v    28.335575    37.154325   -43.567045
v    20.286530    33.078017   -49.482353
v    20.013477    32.860506   -49.694728
v    16.966231    30.491092   -51.993667
v    16.924955    30.470834   -52.010501
v    15.293195    29.697705   -52.637545
v     0.040991    24.387186   -56.164988
v    -0.353229    24.253465   -56.251821
v    -0.516339    24.187556   -56.289389
v    -3.534196    23.587237   -56.289389
v   -12.712262    22.491693   -55.468516
v   -13.581545    22.430159   -55.343354
v   -15.881530    22.288258   -54.988508
v   -24.664520    18.523902   -54.163355
v   -24.831148    18.477490   -54.118655
v   -28.245984    17.701413   -52.999715
v   -28.551755    17.497122   -52.999715
v   -31.712463    16.731791   -51.763983
v   -32.068165    16.695746   -51.578998
v   -34.156917    17.035565   -49.986423
v   -35.608923    17.483997   -48.684686
v   -36.557050    17.064573   -48.188415
v   -40.339667    16.817578   -44.868782
v   -40.664364    16.901749   -44.484928
v   -36.628951    16.956816   -48.188415
v   -39.454881    16.347937   -45.968701
v   -46.297297    16.342136   -38.276689
v   -45.227718    13.057597   -40.213839
v   -40.329490    11.950736   -45.968701
v   -38.626209    10.048586   -47.677117
v   -38.370370     6.627948   -47.328643
v   -33.734734   -16.677295   -47.328643
v   -32.679707   -31.576079   -45.182732
v   -32.912530   -31.901347   -44.848144
v   -33.506857   -32.216818   -44.109349
v   -33.829176   -35.842793   -41.590331
v   -34.973700   -37.765201   -39.124573
v   -32.066358   -33.167703   -44.848144
v   -32.275119   -33.843632   -44.242119
v   -33.520077   -35.533598   -42.063586
v   -34.944217   -38.216772   -38.728165
v   -35.230585   -39.321160   -37.422434
v   -35.067571   -40.961670   -35.614344
v   -31.643130   -33.391206   -44.892179
v   -28.588276   -33.998848   -44.892179
v   -29.771984   -39.237275   -38.737675
v   -24.522619   -30.358227   -48.543737
v   -22.202852   -29.217888   -49.485396
v   -19.700383   -28.346608   -50.064221
v    29.708167   -44.435662   -20.924131
v    -5.563885   -22.332293   -53.664897
v    -3.995182   -21.698116   -54.027066
v    20.738576   -16.778204   -54.027066
v    21.825275   -16.701262   -53.870519
v    23.398068   -17.827430   -52.252645
v    23.554044   -18.039139   -51.979591
v    29.940420   -30.071288   -37.022887
v    30.804281   -33.402714   -33.083914
v    26.436563   -20.921563   -47.567268
v    30.132537   -27.129612   -39.604485
v    22.279508   -14.205165   -55.499996
v    24.498462   -10.884200   -55.499996
v    25.504129   -10.433581   -54.853455
v    25.768148   -10.146451   -54.716786
v    28.265291    -8.162794   -52.991345
v    28.977836    -4.580283   -52.991345
v    34.098901     3.653270   -49.074817
v    34.697318     4.215070   -48.527664
v    38.046244     6.843652   -45.350216
v    30.279858    17.905894   -49.074817
v    29.735653    27.732403   -47.548817
v    29.858152    37.283577   -42.714977
v    29.100145    28.354026   -47.712402
v    28.543005    28.491456   -47.928867
v    20.321815    33.090761   -49.466090
v    -0.912842    23.989542   -56.387159
v    -1.538650    23.762805   -56.471139
v    -3.333233    23.601883   -56.310217
v   -12.835712    22.471435   -55.459195
v   -27.679619    17.586237   -53.366544
v   -27.705583    17.580341   -53.358080
v   -28.488889    17.491796   -53.034904
v   -31.592628    16.725800   -51.828941
v   -36.539836    16.936082   -48.264977
v   -33.862083    10.000746   -51.578998
v   -34.052774    10.048586   -51.430345
v   -33.386451     9.556594   -51.896943
v   -31.905436   -11.611392   -49.656780
v   -30.819403   -15.664495   -49.656780
v   -30.018503   -30.123977   -47.411196
v   -30.869240   -31.263080   -46.566737
v   -31.414491   -31.628864   -46.096715
v   -31.496759   -32.598104   -45.554317
v   -30.648305   -31.484015   -46.566737
v   -31.169589   -32.261138   -45.896894
v   -31.457955   -32.594776   -45.576002
v   -28.770122   -30.081369   -47.959206
v   -28.425071   -29.933001   -48.135155
v   -26.580271   -30.035242   -48.421619
v   -25.676083   -30.277481   -48.421619
v     0.867476   -19.270211   -55.225706
v    12.542971   -15.038782   -56.792413
v    15.373180   -14.840768   -56.492919
v    16.443901   -14.553924   -56.492919
v    18.950555   -14.142584   -56.302704
v    21.938928   -13.977002   -55.838674
v    21.966795   -13.948565   -55.845998
v    22.028044   -13.953796   -55.811664
v    21.970029   -13.935725   -55.850943
v    22.022052   -13.883606   -55.850943
v    23.369346   -11.536067   -56.015479
v    23.824911   -10.995952   -55.945100
v    23.840698   -10.980449   -55.941010
v    23.966050   -10.906455   -55.884611
v    24.364931    -9.417737   -55.884611
v    25.135302    -8.393715   -55.522252
v    25.398274    -7.922742   -55.383299
v    24.643786     2.003820   -54.364983
v    18.471784    16.904316   -54.364983
v    17.850636    28.126529   -52.621948
v    16.915064    29.062007   -52.621948
v    16.963664    30.484530   -51.997567
v    16.814440    29.067618   -52.637545
v   -27.695026    17.579960   -53.362645
v   -29.958585    12.115272   -53.362645
v   -30.054834    10.849011   -53.492562
v   -31.558104     9.556594   -52.874173
v   -29.849021   -12.926634   -50.567625
v   -27.050102   -19.684024   -50.567625
v   -26.584646   -28.092671   -49.261608
v   -26.270030   -28.110075   -49.310399
v   -23.908510   -29.088256   -49.310399
v    12.936811   -14.820511   -56.852711
v    19.061260   -14.096647   -56.302704
v    23.836324   -10.968180   -55.945100
v    23.925534    -9.795600   -56.065411
v    22.923006    -9.795600   -56.369564
v    17.382042    -4.731409   -57.414035
v    15.788515     7.288185   -56.387159
v   -12.521286    22.383746   -55.525295
v   -22.857382    12.047651   -55.525295
v   -23.016306    10.849011   -55.627726
v   -21.837734     9.771823   -55.849897
v   -20.869254     2.466423   -55.225706
v    12.964487   -14.790171   -56.858417
v    18.782405   -14.018849   -56.361385
v    22.910357    -9.890992   -56.361385
v    12.964487    -4.731409   -57.849152
v    -1.538650     9.771823   -57.849152
f      1      2      3
f      1      3      4
f      1      4      5
f      1      5      6
f      1      6      7
f      1      7      8
f      1      8      9
f      1      9     10
f      1     10     11
f     11     12     13
f     11     13     14
f     11     14     15
f     11     15     16
f     11     16     17
f     11     17     18
f     11     18     19
f     11     19     20
f     11     20      1
f     19     21     22
f     19     22     23
f     19     23     24
f     19     24     25
f     19     25     26
f     19     26     20
f     20     26     27
f     20     27     28
f     20     28      2
f     20      2      1
f      7     29     30
f      7     30     31
f      7     31     32
f      7     32      8
f      8     32     33
f      8     33     34
f      8     34     35
f      8     35     36
f      8     36     37
f      8     37      9
f      9     37     38
f      9     38     39
f      9     39     40
f      9     40     41
f      9     41     42
f      9     42     43
f      9     43     10
f     11     10     43
f     11     43     44
f     11     44     45
f     11     45     46
f     11     46     12
f     12     46     47
f     12     47     48
f     12     48     49
f     12     49     50
f     12     50     51
f     12     51     52
f     12     52     53
f     12     53     54
f     12     54     55
f     12     55     56
f     12     56     57
f     12     57     58
f     12     58     13
f     56     59     60
f     56     60     61
f     56     61     62
f     56     62     63
f     56     63     57
f     18     64     21
f     18     21     19
f     65     66     22
f     65     22     21
f     65     21     64
f     23     67     68
f     23     68     24
f     24     68     69
f     24     69     70
f     24     70     71
f     24     71     72
f     24     72     73
f     24     73     74
f     24     74     25
f     25     74     75
f     25     75     27
f     25     27     26
f      2     28     76
f      2     76      3
f     30     77     78
f     30     78     31
f     31     78     79
f     31     79     80
f     31     80     33
f     31     33     32
f     34     81     82
f     34     82     35
f     36     83     84
f     36     84     85
f     36     85     38
f     36     38     37
f     38     85     86
f     38     86     87
f     38     87     39
f     43     42     88
f     43     88     89
f     43     89     44
f     45     90     47
f     45     47     46
f     53     91     92
f     53     92     54
f     55     93     94
f     55     94     59
f     55     59     56
f     94     95     96
f     94     96     97
f     94     97     60
f     94     60     59
f     13     58     14
f     15     98     16
f     99    100     66
f     99     66     65
f    101     69     68
f    101     68     67
f    102     70     69
f    102     69    101
f     71    103    104
f     71    104    105
f     71    105    106
f     71    106     72
f     72    106    107
f     72    107    108
f     72    108     73
f     73    108    109
f     73    109     75
f     73     75     74
f      3     76    110
f      3    110    111
f      3    111      4
f      4    111    112
f      4    112      5
f    113    114     79
f    113     79     78
f    113     78     77
f     79    114    115
f     79    115    116
f     79    116     80
f     33     80    116
f     33    116    117
f     33    117    118
f     33    118     81
f     33     81     34
f    118    119    120
f    118    120    121
f    118    121     82
f    118     82     81
f     35     82    121
f     35    121    122
f     35    122     83
f     35     83     36
f     84    123    124
f     84    124     86
f     84     86     85
f     86    124    125
f     86    125    126
f     86    126     87
f     41     88     42
f     50    127     51
f    128    129     92
f    128     92     91
f     54     92    129
f     54    129    130
f     54    130    131
f     54    131     93
f     54     93     55
f    131    132    133
f    131    133     95
f    131     95     94
f    131     94     93
f     96     95    133
f     96    133    134
f    135     62     61
f    135     61    136
f     63     62    135
f     17    137    138
f     17    138     99
f     17     99     65
f     17     65     64
f     17     64     18
f    138    139    100
f    138    100     99
f     22     66    100
f     22    100    139
f     22    139    140
f     22    140    141
f     22    141    102
f     22    102    101
f     22    101     67
f     22     67     23
f    141    142    103
f    141    103     71
f    141     71     70
f    141     70    102
f    143    144    145
f    143    145    104
f    143    104    103
f    143    103    142
f    146    147    148
f    146    148    145
f    146    145    144
f    104    145    148
f    104    148    149
f    104    149    105
f    105    149    150
f    105    150    151
f    105    151    107
f    105    107    106
f    109    108    107
f    109    107    151
f    109    151    152
f    109    152    153
f     27     75    109
f     27    109    153
f     27    153    154
f     27    154    110
f     27    110     76
f     27     76     28
f      5    112    155
f      5    155      6
f      6    155    156
f      6    156     29
f      6     29      7
f    157    158    159
f    157    159    160
f    157    160    161
f    161    160    162
f    161    162    163
f    161    163    115
f    161    115    114
f    161    114    113
f    116    115    163
f    116    163    164
f    116    164    165
f    116    165    166
f    116    166    117
f    117    166    167
f    117    167    168
f    117    168    119
f    117    119    118
f    168    169    120
f    168    120    119
f    121    120    169
f    121    169    170
f    121    170    171
f    121    171    122
f    122    171    172
f    122    172    173
f    122    173    174
f    122    174    123
f    122    123     84
f    122     84     83
f    174    175    125
f    174    125    124
f    174    124    123
f    126    125    175
f    126    175    176
f    126    176    177
f     40    178     89
f     40     89     88
f     40     88     41
f     44     89    178
f     44    178    179
f     44    179     90
f     44     90     45
f     48    180     49
f     51    127    181
f     51    181     52
f    182    183    130
f    182    130    129
f    182    129    128
f    130    183    184
f    130    184    185
f    130    185    132
f    130    132    131
f    186    187    188
f    186    188    189
f    186    189    185
f    186    185    184
f    134    133    132
f    134    132    185
f    134    185    189
f    134    189    190
f    190    189    188
f    190    188    191
f    190    191    192
f    193     97     96
f    193     96    134
f    193    134    190
f    193    190    192
f    193    192    194
f    136     61     60
f    136     60     97
f    136     97    193
f     14     58     57
f     14     57     63
f     14     63    135
f     14    135    136
f     14    136    193
f     14    193    194
f     14    194    195
f     14    195    196
f     14    196    197
f     14    197    198
f     14    198     98
f     14     98     15
f     16     98    198
f     16    198    137
f     16    137     17
f    197    199    200
f    197    200    201
f    197    201    140
f    197    140    139
f    197    139    138
f    197    138    137
f    197    137    198
f    201    202    143
f    201    143    142
f    201    142    141
f    201    141    140
f    200    203    204
f    200    204    205
f    200    205    202
f    200    202    201
f    205    206    207
f    205    207    146
f    205    146    144
f    205    144    143
f    205    143    202
f    204    208    209
f    204    209    206
f    204    206    205
f    209    210    211
f    209    211    212
f    209    212    207
f    209    207    206
f    207    212    213
f    207    213    147
f    207    147    146
f    214    213    212
f    214    212    211
f    214    211    215
f    214    215    216
f    148    147    213
f    148    213    214
f    148    214    150
f    148    150    149
f    151    150    214
f    151    214    216
f    151    216    217
f    151    217    152
f    153    152    217
f    153    217    218
f    153    218    219
f    153    219    154
f    110    154    219
f    110    219    220
f    110    220    221
f    110    221    156
f    110    156    155
f    110    155    112
f    110    112    111
f    156    221    222
f    156    222    157
f    156    157    161
f    156    161    113
f    156    113     77
f    156     77     30
f    156     30     29
f    222    223    224
f    222    224    225
f    222    225    226
f    222    226    158
f    222    158    157
f    225    227    228
f    225    228    229
f    225    229    230
f    225    230    226
f    226    230    231
f    226    231    159
f    226    159    158
f    159    232    233
f    159    233    234
f    159    234    162
f    159    162    160
f    162    234    235
f    162    235    164
f    162    164    163
f    165    236    237
f    165    237    238
f    165    238    167
f    165    167    166
f    167    238    239
f    167    239    170
f    167    170    169
f    167    169    168
f    170    239    240
f    170    240    241
f    170    241    172
f    170    172    171
f    172    241    242
f    172    242    243
f    172    243    244
f    172    244    173
f    243    245    246
f    243    246    244
f    173    244    246
f    173    246    247
f    173    247    248
f    173    248    176
f    173    176    175
f    173    175    174
f    248    247    249
f    248    249    250
f    248    250    251
f    248    251    252
f    177    176    248
f    177    248    252
f    177    252    253
f    177    253    254
f    177    254    255
f     39     87    126
f     39    126    177
f     39    177    255
f     39    255    256
f     39    256    179
f     39    179    178
f     39    178     40
f     47     90    179
f     47    179    256
f     47    256    257
f     47    257    180
f     47    180     48
f     49    180    257
f     49    257    258
f     49    258    259
f     49    259    181
f     49    181    127
f     49    127     50
f     52    181    259
f     52    259    260
f     52    260    261
f     52    261    182
f     52    182    128
f     52    128     91
f     52     91     53
f    261    262    263
f    261    263    186
f    261    186    184
f    261    184    183
f    261    183    182
f    264    265    266
f    264    266    267
f    264    267    263
f    264    263    262
f    263    267    268
f    263    268    187
f    263    187    186
f    268    267    266
f    268    266    269
f    268    269    270
f    191    188    187
f    191    187    268
f    191    268    270
f    191    270    271
f    271    270    269
f    271    269    272
f    271    272    273
f    271    273    274
f    271    274    275
f    275    274    276
f    275    276    277
f    275    277    278
f    275    278    279
f    275    279    280
f    275    280    281
f    275    281    282
f    194    192    191
f    194    191    271
f    194    271    275
f    194    275    282
f    194    282    283
f    194    283    195
f    282    281    284
f    282    284    285
f    282    285    286
f    282    286    287
f    282    287    288
f    282    288    289
f    282    289    283
f    195    283    289
f    195    289    290
f    195    290    291
f    195    291    292
f    195    292    293
f    195    293    196
f    292    294    295
f    292    295    296
f    292    296    293
f    196    293    296
f    196    296    297
f    196    297    298
f    196    298    299
f    196    299    199
f    196    199    197
f    298    300    301
f    298    301    302
f    298    302    303
f    298    303    304
f    298    304    305
f    298    305    306
f    298    306    299
f    299    306    307
f    299    307    308
f    299    308    203
f    299    203    200
f    299    200    199
f    305    309    307
f    305    307    306
f    308    310    311
f    308    311    208
f    308    208    204
f    308    204    203
f    307    309    312
f    307    312    313
f    307    313    314
f    307    314    310
f    307    310    308
f    314    315    316
f    314    316    311
f    314    311    310
f    311    316    317
f    311    317    210
f    311    210    209
f    311    209    208
f    318    319    317
f    318    317    316
f    318    316    315
f    215    211    210
f    215    210    317
f    215    317    319
f    215    319    320
f    320    319    318
f    320    318    321
f    320    321    322
f    320    322    323
f    217    216    215
f    217    215    320
f    217    320    323
f    217    323    324
f    217    324    218
f    219    218    324
f    219    324    325
f    219    325    326
f    219    326    327
f    219    327    220
f    220    327    328
f    220    328    329
f    220    329    223
f    220    223    222
f    220    222    221
f    329    330    331
f    329    331    332
f    329    332    333
f    329    333    224
f    329    224    223
f    224    333    227
f    224    227    225
f    332    334    335
f    332    335    336
f    332    336    337
f    332    337    338
f    332    338    339
f    332    339    228
f    332    228    227
f    332    227    333
f    337    340    341
f    337    341    342
f    337    342    338
f    338    342    343
f    338    343    344
f    338    344    339
f    228    339    344
f    228    344    345
f    228    345    229
f    231    346    232
f    231    232    159
f    233    347    235
f    233    235    234
f    164    235    347
f    164    347    348
f    164    348    236
f    164    236    165
f    237    349    240
f    237    240    239
f    237    239    238
f    240    349    350
f    240    350    351
f    240    351    242
f    240    242    241
f    242    351    352
f    242    352    245
f    242    245    243
f    246    245    352
f    246    352    353
f    246    353    354
f    246    354    249
f    246    249    247
f    249    354    355
f    249    355    250
f    250    355    356
f    250    356    357
f    250    357    251
f    357    356    358
f    357    358    359
f    357    359    360
f    357    360    361
f    362    361    360
f    362    360    363
f    362    363    364
f    362    364    365
f    362    365    366
f    362    366    367
f    362    367    368
f    252    251    357
f    252    357    361
f    252    361    362
f    252    362    253
f    254    253    362
f    254    362    368
f    254    368    369
f    254    369    370
f    254    370    371
f    254    371    372
f    256    255    254
f    256    254    372
f    256    372    373
f    256    373    374
f    256    374    258
f    256    258    257
f    258    374    375
f    258    375    376
f    258    376    260
f    258    260    259
f    260    376    377
f    260    377    264
f    260    264    262
f    260    262    261
f    377    378    379
f    377    379    265
f    377    265    264
f    269    266    265
f    269    265    379
f    269    379    380
f    269    380    272
f    272    380    381
f    272    381    273
f    273    381    382
f    273    382    383
f    273    383    276
f    273    276    274
f    276    383    384
f    276    384    385
f    276    385    277
f    277    385    386
f    277    386    387
f    277    387    278
f    278    387    388
f    278    388    389
f    278    389    390
f    278    390    391
f    278    391    279
f    279    391    392
f    279    392    393
f    279    393    394
f    279    394    395
f    279    395    396
f    279    396    280
f    280    396    284
f    280    284    281
f    287    397    398
f    287    398    399
f    287    399    288
f    289    288    399
f    289    399    400
f    289    400    401
f    289    401    402
f    289    402    403
f    289    403    404
f    289    404    290
f    290    404    405
f    290    405    406
f    290    406    291
f    291    406    407
f    291    407    408
f    291    408    409
f    291    409    410
f    291    410    411
f    291    411    294
f    291    294    292
f    296    295    412
f    296    412    413
f    296    413    297
f    297    413    414
f    297    414    415
f    297    415    300
f    297    300    298
f    415    416    417
f    415    417    418
f    415    418    419
f    415    419    301
f    415    301    300
f    302    420    421
f    302    421    303
f    301    419    420
f    301    420    302
f    304    422    312
f    304    312    309
f    304    309    305
f    303    421    423
f    303    423    424
f    303    424    425
f    303    425    422
f    303    422    304
f    425    426    427
f    425    427    313
f    425    313    312
f    425    312    422
f    313    427    428
f    313    428    321
f    313    321    318
f    313    318    315
f    313    315    314
f    429    428    427
f    429    427    426
f    429    426    430
f    429    430    431
f    429    431    432
f    322    321    428
f    322    428    429
f    432    431    433
f    432    433    434
f    432    434    435
f    324    323    322
f    324    322    429
f    324    429    432
f    324    432    435
f    324    435    325
f    325    435    434
f    325    434    436
f    325    436    437
f    325    437    438
f    325    438    439
f    325    439    326
f    326    439    440
f    326    440    441
f    326    441    442
f    326    442    328
f    326    328    327
f    328    442    443
f    328    443    444
f    328    444    445
f    328    445    330
f    328    330    329
f    445    446    447
f    445    447    448
f    445    448    331
f    445    331    330
f    331    448    449
f    331    449    450
f    331    450    451
f    331    451    452
f    331    452    334
f    331    334    332
f    452    453    335
f    452    335    334
f    335    453    454
f    335    454    455
f    335    455    456
f    335    456    336
f    455    457    458
f    455    458    459
f    455    459    460
f    455    460    456
f    336    456    460
f    336    460    461
f    336    461    340
f    336    340    337
f    461    462    463
f    461    463    341
f    461    341    340
f    341    463    464
f    341    464    343
f    341    343    342
f    344    343    464
f    344    464    465
f    344    465    466
f    344    466    345
f    229    345    466
f    229    466    467
f    229    467    346
f    229    346    231
f    229    231    230
f    232    346    467
f    232    467    468
f    232    468    469
f    232    469    470
f    232    470    348
f    232    348    347
f    232    347    233
f    348    470    471
f    348    471    350
f    348    350    349
f    348    349    237
f    348    237    236
f    471    472    353
f    471    353    352
f    471    352    351
f    471    351    350
f    353    472    473
f    353    473    358
f    353    358    356
f    353    356    355
f    353    355    354
f    358    473    474
f    358    474    359
f    360    359    474
f    360    474    475
f    360    475    363
f    363    475    476
f    363    476    477
f    363    477    364
f    364    477    478
f    364    478    365
f    365    478    479
f    365    479    480
f    365    480    481
f    365    481    366
f    366    481    482
f    366    482    483
f    366    483    367
f    368    367    483
f    368    483    484
f    368    484    485
f    368    485    369
f    369    485    486
f    369    486    487
f    369    487    488
f    369    488    489
f    369    489    370
f    370    489    490
f    370    490    491
f    370    491    371
f    372    371    491
f    372    491    492
f    372    492    493
f    372    493    373
f    373    493    494
f    373    494    495
f    373    495    496
f    373    496    375
f    373    375    374
f    375    496    497
f    375    497    498
f    375    498    378
f    375    378    377
f    375    377    376
f    498    499    382
f    498    382    381
f    498    381    380
f    498    380    379
f    498    379    378
f    382    499    500
f    382    500    501
f    382    501    384
f    382    384    383
f    384    501    502
f    384    502    386
f    384    386    385
f    386    502    503
f    386    503    388
f    386    388    387
f    388    503    504
f    388    504    389
f    389    504    505
f    389    505    506
f    389    506    390
f    390    506    507
f    390    507    508
f    390    508    392
f    390    392    391
f    392    508    393
f    394    509    510
f    394    510    395
f    284    396    395
f    284    395    510
f    284    510    511
f    284    511    285
f    512    513    514
f    512    514    398
f    512    398    397
f    399    398    514
f    399    514    515
f    399    515    400
f    403    516    517
f    403    517    405
f    403    405    404
f    405    517    518
f    405    518    407
f    405    407    406
f    409    519    410
f    411    520    521
f    411    521    412
f    411    412    295
f    411    295    294
f    412    521    522
f    412    522    523
f    412    523    524
f    412    524    414
f    412    414    413
f    414    524    525
f    414    525    416
f    414    416    415
f    525    526    527
f    525    527    528
f    525    528    529
f    525    529    530
f    525    530    417
f    525    417    416
f    417    530    531
f    417    531    418
f    529    532    533
f    529    533    534
f    529    534    531
f    529    531    530
f    418    531    534
f    418    534    535
f    418    535    423
f    418    423    421
f    418    421    420
f    418    420    419
f    534    533    536
f    534    536    537
f    534    537    535
f    423    535    537
f    423    537    538
f    423    538    539
f    423    539    424
f    424    539    540
f    424    540    541
f    424    541    430
f    424    430    426
f    424    426    425
f    540    542    543
f    540    543    544
f    540    544    541
f    541    544    545
f    541    545    433
f    541    433    431
f    541    431    430
f    545    544    543
f    545    543    546
f    545    546    547
f    434    433    545
f    434    545    547
f    434    547    548
f    434    548    549
f    434    549    436
f    437    550    551
f    437    551    552
f    437    552    553
f    437    553    554
f    437    554    438
f    438    554    555
f    438    555    556
f    438    556    557
f    438    557    558
f    438    558    559
f    438    559    440
f    438    440    439
f    440    559    560
f    440    560    561
f    440    561    562
f    440    562    441
f    441    562    563
f    441    563    443
f    441    443    442
f    444    564    565
f    444    565    566
f    444    566    446
f    444    446    445
f    447    567    568
f    447    568    449
f    447    449    448
f    449    568    569
f    449    569    570
f    449    570    450
f    451    571    572
f    451    572    454
f    451    454    453
f    451    453    452
f    572    457    455
f    572    455    454
f    573    574    459
f    573    459    458
f    573    458    575
f    576    577    574
f    576    574    573
f    460    459    574
f    460    574    577
f    460    577    578
f    460    578    462
f    460    462    461
f    579    580    578
f    579    578    577
f    579    577    576
f    464    463    462
f    464    462    578
f    464    578    580
f    464    580    581
f    464    581    465
f    581    580    579
f    581    579    582
f    581    582    583
f    581    583    584
f    581    584    585
f    581    585    586
f    581    586    587
f    581    587    588
f    466    465    581
f    466    581    588
f    466    588    589
f    466    589    468
f    466    468    467
f    468    589    590
f    468    590    591
f    468    591    592
f    468    592    593
f    468    593    594
f    468    594    595
f    468    595    469
f    469    595    596
f    469    596    476
f    469    476    475
f    469    475    474
f    469    474    473
f    469    473    472
f    469    472    471
f    469    471    470
f    594    597    598
f    594    598    599
f    594    599    600
f    594    600    601
f    594    601    602
f    594    602    596
f    594    596    595
f    476    596    602
f    476    602    603
f    476    603    479
f    476    479    478
f    476    478    477
f    602    601    604
f    602    604    605
f    602    605    603
f    479    603    605
f    479    605    606
f    479    606    480
f    607    606    605
f    607    605    604
f    607    604    608
f    607    608    609
f    480    606    607
f    480    607    482
f    480    482    481
f    483    482    607
f    483    607    609
f    483    609    610
f    483    610    484
f    484    610    486
f    484    486    485
f    488    611    490
f    488    490    489
f    491    490    611
f    491    611    612
f    491    612    613
f    491    613    492
f    492    613    614
f    492    614    615
f    492    615    494
f    492    494    493
f    494    615    616
f    494    616    617
f    494    617    495
f    495    617    618
f    495    618    619
f    495    619    620
f    495    620    497
f    495    497    496
f    497    620    621
f    497    621    622
f    497    622    623
f    497    623    500
f    497    500    499
f    497    499    498
f    623    624    505
f    623    505    504
f    623    504    503
f    623    503    502
f    623    502    501
f    623    501    500
f    622    625    626
f    622    626    627
f    622    627    628
f    622    628    629
f    622    629    624
f    622    624    623
f    505    624    629
f    505    629    630
f    505    630    631
f    505    631    507
f    505    507    506
f    628    632    633
f    628    633    630
f    628    630    629
f    631    630    633
f    631    633    634
f    634    633    632
f    634    632    635
f    634    635    636
f    634    636    637
f    637    636    638
f    637    638    639
f    510    509    639
f    510    639    638
f    510    638    640
f    510    640    511
f    285    511    640
f    285    640    641
f    285    641    286
f    514    513    642
f    514    642    643
f    514    643    644
f    514    644    515
f    400    515    644
f    400    644    401
f    645    518    517
f    645    517    516
f    407    518    645
f    407    645    646
f    407    646    647
f    407    647    408
f    408    647    648
f    408    648    649
f    408    649    519
f    408    519    409
f    410    519    649
f    410    649    650
f    410    650    651
f    410    651    520
f    410    520    411
f    651    652    653
f    651    653    654
f    651    654    522
f    651    522    521
f    651    521    520
f    522    654    655
f    522    655    656
f    522    656    657
f    522    657    658
f    522    658    523
f    523    658    659
f    523    659    526
f    523    526    525
f    523    525    524
f    659    660    661
f    659    661    527
f    659    527    526
f    527    661    662
f    527    662    528
f    528    662    663
f    528    663    664
f    528    664    532
f    528    532    529
f    664    665    536
f    664    536    533
f    664    533    532
f    537    536    665
f    537    665    666
f    537    666    538
f    538    666    667
f    538    667    668
f    538    668    542
f    538    542    540
f    538    540    539
f    668    669    670
f    668    670    546
f    668    546    543
f    668    543    542
f    547    546    670
f    547    670    671
f    547    671    548
f    436    549    550
f    436    550    437
f    553    672    555
f    553    555    554
f    556    673    674
f    556    674    675
f    556    675    557
f    557    675    676
f    557    676    677
f    557    677    678
f    557    678    679
f    557    679    558
f    558    679    680
f    558    680    560
f    558    560    559
f    561    681    682
f    561    682    563
f    561    563    562
f    443    563    682
f    443    682    683
f    443    683    564
f    443    564    444
f    566    684    567
f    566    567    447
f    566    447    446
f    685    686    569
f    685    569    568
f    685    568    567
f    685    567    684
f    450    570    687
f    450    687    571
f    450    571    451
f    687    575    458
f    687    458    457
f    687    457    572
f    687    572    571
f    688    583    582
f    688    582    689
f    584    583    688
f    584    688    690
f    691    586    585
f    692    693    587
f    692    587    586
f    692    586    691
f    588    587    693
f    588    693    694
f    588    694    590
f    588    590    589
f    590    694    695
f    590    695    696
f    590    696    697
f    590    697    698
f    590    698    591
f    591    698    699
f    591    699    700
f    591    700    701
f    591    701    702
f    591    702    592
f    592    702    703
f    592    703    704
f    592    704    705
f    592    705    593
f    593    705    706
f    593    706    597
f    593    597    594
f    707    598    597
f    707    597    706
f    707    706    708
f    709    599    598
f    709    598    707
f    600    599    709
f    600    709    710
f    608    604    601
f    608    601    600
f    608    600    710
f    608    710    711
f    486    610    609
f    486    609    608
f    486    608    711
f    486    711    712
f    486    712    487
f    487    712    713
f    487    713    612
f    487    612    611
f    487    611    488
f    612    713    714
f    612    714    614
f    612    614    613
f    614    714    715
f    614    715    716
f    614    716    717
f    614    717    616
f    614    616    615
f    616    717    718
f    616    718    618
f    616    618    617
f    618    718    719
f    618    719    720
f    618    720    721
f    618    721    619
f    619    721    722
f    619    722    723
f    619    723    724
f    619    724    621
f    619    621    620
f    723    725    726
f    723    726    727
f    723    727    728
f    723    728    729
f    723    729    724
f    621    724    729
f    621    729    730
f    621    730    731
f    621    731    625
f    621    625    622
f    732    733    731
f    732    731    730
f    732    730    734
f    731    733    626
f    731    626    625
f    735    627    626
f    735    626    733
f    735    733    732
f    635    632    628
f    635    628    627
f    635    627    735
f    635    735    736
f    640    638    636
f    640    636    635
f    640    635    736
f    640    736    737
f    640    737    641
f    286    641    737
f    286    737    512
f    286    512    397
f    286    397    287
f    401    644    643
f    401    643    738
f    401    738    402
f    402    738    739
f    402    739    740
f    402    740    646
f    402    646    645
f    402    645    516
f    402    516    403
f    740    741    648
f    740    648    647
f    740    647    646
f    648    741    742
f    648    742    743
f    648    743    744
f    648    744    650
f    648    650    649
f    650    744    745
f    650    745    746
f    650    746    652
f    650    652    651
f    746    747    748
f    746    748    749
f    746    749    750
f    746    750    751
f    746    751    752
f    746    752    653
f    746    653    652
f    653    752    753
f    653    753    655
f    653    655    654
f    655    753    754
f    655    754    656
f    656    754    755
f    656    755    756
f    656    756    657
f    657    756    757
f    657    757    660
f    657    660    659
f    657    659    658
f    757    758    663
f    757    663    662
f    757    662    661
f    757    661    660
f    663    758    759
f    663    759    667
f    663    667    666
f    663    666    665
f    663    665    664
f    667    759    760
f    667    760    669
f    667    669    668
f    548    671    551
f    548    551    550
f    548    550    549
f    552    761    672
f    552    672    553
f    676    762    677
f    678    763    764
f    678    764    680
f    678    680    679
f    560    680    764
f    560    764    765
f    560    765    681
f    560    681    561
f    683    766    767
f    683    767    565
f    683    565    564
f    565    767    768
f    565    768    685
f    565    685    684
f    565    684    566
f    768    690    688
f    768    688    689
f    768    689    686
f    768    686    685
f    569    686    689
f    569    689    582
f    569    582    579
f    569    579    576
f    569    576    573
f    569    573    575
f    569    575    687
f    569    687    570
f    769    770    695
f    769    695    694
f    769    694    693
f    769    693    692
f    771    772    770
f    771    770    769
f    771    769    773
f    695    770    772
f    695    772    774
f    695    774    696
f    696    774    775
f    696    775    776
f    696    776    777
f    696    777    697
f    697    777    778
f    697    778    699
f    697    699    698
f    700    779    780
f    700    780    701
f    701    780    781
f    701    781    782
f    701    782    703
f    701    703    702
f    783    782    781
f    783    781    784
f    783    784    785
f    703    782    783
f    703    783    786
f    703    786    704
f    787    786    783
f    787    783    785
f    787    785    788
f    787    788    789
f    787    789    790
f    787    790    791
f    787    791    792
f    708    706    705
f    708    705    704
f    708    704    786
f    708    786    787
f    711    710    709
f    711    709    707
f    711    707    708
f    711    708    787
f    711    787    792
f    711    792    715
f    711    715    714
f    711    714    713
f    711    713    712
f    715    792    791
f    715    791    793
f    715    793    794
f    715    794    795
f    715    795    796
f    715    796    797
f    715    797    798
f    715    798    799
f    715    799    800
f    715    800    716
f    716    800    719
f    716    719    718
f    716    718    717
f    719    800    799
f    719    799    801
f    719    801    802
f    719    802    803
f    719    803    804
f    719    804    805
f    719    805    720
f    720    805    806
f    720    806    722
f    720    722    721
f    804    807    808
f    804    808    809
f    804    809    806
f    804    806    805
f    722    806    809
f    722    809    810
f    722    810    725
f    722    725    723
f    811    726    725
f    811    725    810
f    811    810    812
f    727    726    811
f    813    728    727
f    813    727    811
f    813    811    812
f    813    812    814
f    813    814    815
f    813    815    816
f    734    730    729
f    734    729    728
f    734    728    813
f    737    736    735
f    737    735    732
f    737    732    734
f    737    734    813
f    737    813    816
f    737    816    642
f    737    642    513
f    737    513    512
f    643    642    816
f    643    816    815
f    643    815    817
f    643    817    739
f    643    739    738
f    739    817    818
f    739    818    742
f    739    742    741
f    739    741    740
f    818    819    820
f    818    820    821
f    818    821    743
f    818    743    742
f    743    821    822
f    743    822    823
f    743    823    745
f    743    745    744
f    822    824    825
f    822    825    826
f    822    826    827
f    822    827    823
f    745    823    827
f    745    827    828
f    745    828    747
f    745    747    746
f    828    748    747
f    749    829    750
f    750    829    830
f    750    830    831
f    750    831    832
f    750    832    751
f    751    832    755
f    751    755    754
f    751    754    753
f    751    753    752
f    755    832    831
f    755    831    833
f    755    833    760
f    755    760    759
f    755    759    758
f    755    758    757
f    755    757    756
f    551    671    670
f    551    670    669
f    551    669    760
f    551    760    833
f    551    833    834
f    551    834    835
f    551    835    836
f    551    836    761
f    551    761    552
f    555    672    761
f    555    761    836
f    555    836    673
f    555    673    556
f    835    837    838
f    835    838    674
f    835    674    673
f    835    673    836
f    674    838    839
f    674    839    762
f    674    762    676
f    674    676    675
f    840    841    839
f    840    839    838
f    840    838    837
f    677    762    839
f    677    839    841
f    677    841    763
f    677    763    678
f    764    763    841
f    764    841    840
f    764    840    842
f    764    842    843
f    764    843    844
f    764    844    845
f    764    845    846
f    764    846    765
f    682    681    765
f    682    765    846
f    682    846    847
f    682    847    848
f    682    848    766
f    682    766    683
f    847    849    771
f    847    771    773
f    847    773    848
f    848    773    769
f    848    769    692
f    848    692    691
f    848    691    585
f    848    585    584
f    848    584    690
f    848    690    768
f    848    768    767
f    848    767    766
f    850    775    774
f    850    774    772
f    850    772    771
f    850    771    849
f    851    852    776
f    851    776    775
f    851    775    850
f    853    778    777
f    853    777    776
f    853    776    852
f    699    778    853
f    699    853    854
f    699    854    855
f    699    855    856
f    699    856    779
f    699    779    700
f    856    857    858
f    856    858    784
f    856    784    781
f    856    781    780
f    856    780    779
f    788    858    857
f    788    857    859
f    788    859    789
f    785    784    858
f    785    858    788
f    793    860    861
f    793    861    794
f    791    790    860
f    791    860    793
f    797    862    863
f    797    863    864
f    797    864    865
f    797    865    866
f    797    866    867
f    797    867    868
f    797    868    798
f    798    868    869
f    798    869    870
f    798    870    871
f    798    871    872
f    798    872    873
f    798    873    801
f    798    801    799
f    801    873    874
f    801    874    875
f    801    875    876
f    801    876    802
f    802    876    877
f    802    877    878
f    802    878    879
f    802    879    880
f    802    880    881
f    802    881    803
f    803    881    882
f    803    882    883
f    803    883    884
f    803    884    807
f    803    807    804
f    883    882    885
f    883    885    886
f    808    807    884
f    808    884    887
f    888    887    884
f    888    884    883
f    888    883    886
f    888    886    889
f    812    810    809
f    812    809    808
f    812    808    887
f    812    887    888
f    812    888    814
f    815    814    888
f    815    888    889
f    815    889    890
f    815    890    891
f    815    891    819
f    815    819    818
f    815    818    817
f    891    892    893
f    891    893    894
f    891    894    895
f    891    895    820
f    891    820    819
f    820    895    896
f    820    896    897
f    820    897    824
f    820    824    822
f    820    822    821
f    894    898    899
f    894    899    900
f    894    900    896
f    894    896    895
f    897    901    902
f    897    902    825
f    897    825    824
f    896    900    901
f    896    901    897
f    825    902    903
f    825    903    826
f    903    902    901
f    903    901    900
f    903    900    899
f    903    899    904
f    903    904    905
f    903    905    906
f    827    826    903
f    827    903    906
f    827    906    830
f    827    830    829
f    827    829    749
f    827    749    748
f    827    748    828
f    833    831    830
f    833    830    906
f    833    906    905
f    833    905    907
f    833    907    908
f    833    908    909
f    833    909    910
f    833    910    834
f    909    911    912
f    909    912    913
f    909    913    914
f    909    914    915
f    909    915    916
f    909    916    917
f    909    917    918
f    909    918    910
f    834    910    918
f    834    918    842
f    834    842    840
f    834    840    837
f    834    837    835
f    916    919    920
f    916    920    917
f    918    917    920
f    918    920    843
f    918    843    842
f    915    921    922
f    915    922    923
f    915    923    919
f    915    919    916
f    843    920    919
f    843    919    923
f    843    923    924
f    843    924    925
f    843    925    844
f    844    925    926
f    844    926    927
f    844    927    928
f    844    928    929
f    844    929    845
f    846    845    929
f    846    929    851
f    846    851    850
f    846    850    849
f    846    849    847
f    929    928    854
f    929    854    853
f    929    853    852
f    929    852    851
f    927    930    931
f    927    931    855
f    927    855    854
f    927    854    928
f    932    859    857
f    932    857    856
f    932    856    855
f    932    855    931
f    932    931    933
f    794    861    932
f    794    932    933
f    794    933    934
f    794    934    795
f    789    859    932
f    789    932    861
f    789    861    860
f    789    860    790
f    863    862    935
f    796    935    862
f    796    862    797
f    869    936    937
f    869    937    938
f    869    938    870
f    871    939    872
f    875    940    941
f    875    941    942
f    875    942    877
f    875    877    876
f    877    942    943
f    877    943    878
f    885    882    881
f    885    881    880
f    885    880    944
f    944    880    879
f    944    879    945
f    944    945    946
f    889    886    885
f    889    885    944
f    889    944    946
f    889    946    890
f    890    946    945
f    890    945    947
f    890    947    948
f    890    948    892
f    890    892    891
f    948    949    950
f    948    950    951
f    948    951    952
f    948    952    893
f    948    893    892
f    893    952    953
f    893    953    898
f    893    898    894
f    951    954    955
f    951    955    956
f    951    956    953
f    951    953    952
f    953    956    904
f    953    904    899
f    953    899    898
f    955    954    957
f    955    957    958
f    955    958    959
f    955    959    960
f    905    904    956
f    905    956    955
f    905    955    960
f    905    960    907
f    912    961    962
f    912    962    963
f    912    963    913
f    913    963    964
f    913    964    965
f    913    965    966
f    913    966    914
f    914    966    967
f    914    967    968
f    914    968    921
f    914    921    915
f    967    969    970
f    967    970    968
f    968    970    971
f    968    971    972
f    968    972    973
f    968    973    974
f    968    974    922
f    968    922    921
f    923    922    974
f    923    974    975
f    923    975    976
f    923    976    924
f    924    976    977
f    924    977    926
f    924    926    925
f    926    977    978
f    926    978    930
f    926    930    927
f    933    931    930
f    933    930    978
f    933    978    979
f    933    979    980
f    933    980    934
f    795    934    980
f    795    980    981
f    795    981    982
f    795    982    864
f    795    864    863
f    795    863    935
f    795    935    796
f    981    983    866
f    981    866    865
f    981    865    982
f    982    865    864
f    984    941    940
f    943    942    941
f    943    941    984
f    943    984    985
f    945    879    878
f    945    878    943
f    945    943    985
f    945    985    986
f    945    986    987
f    945    987    947
f    947    987    988
f    947    988    949
f    947    949    948
f    988    989    990
f    988    990    958
f    988    958    957
f    988    957    950
f    988    950    949
f    950    957    954
f    950    954    951
f    959    958    990
f    959    990    991
f    959    991    992
f    907    960    959
f    907    959    992
f    907    992    908
f    962    993    964
f    962    964    963
f    965    994    969
f    965    969    967
f    965    967    966
f    972    995    973
f    974    973    995
f    974    995    996
f    974    996    975
f    978    977    976
f    978    976    975
f    978    975    996
f    978    996    997
f    978    997    998
f    978    998    999
f    978    999    979
f    980    979    999
f    980    999    936
f    980    936    869
f    980    869    868
f    980    868    867
f    980    867    983
f    980    983    981
f    866    983    867
f    870    938   1000
f    870   1000    939
f    870    939    871
f    872    939   1000
f    872   1000   1001
f    872   1001    874
f    872    874    873
f    874   1001   1002
f    874   1002    986
f    874    986    985
f    874    985    984
f    874    984    940
f    874    940    875
f    986   1002   1003
f    986   1003   1004
f    986   1004    989
f    986    989    988
f    986    988    987
f    991    990    989
f    991    989   1004
f    991   1004    961
f    991    961    912
f    991    912    911
f    908    992    991
f    908    991    911
f    908    911    909
f    964    993   1005
f    964   1005   1006
f    964   1006    994
f    964    994    965
f   1006   1007    971
f   1006    971    970
f   1006    970    969
f   1006    969    994
f    996    995    972
f    996    972    971
f    996    971   1007
f    996   1007    997
f    999    998   1008
f    999   1008   1009
f    999   1009    937
f    999    937    936
f    937   1009   1003
f    937   1003   1002
f    937   1002   1001
f    937   1001   1000
f    937   1000    938
f   1003   1009   1008
f   1003   1008   1005
f   1003   1005    993
f   1003    993    962
f   1003    962    961
f   1003    961   1004
f    997   1007   1006
f    997   1006   1005
f    997   1005   1008
f    997   1008    998
f    393    508    507
f    393    507    631
f    393    631    634
f    393    634    637
f    393    637    639
f    393    639    509
f    393    509    394
