v    -4.341595     8.179292    64.748122
v    -4.341595    -4.664801    65.949808
v    -2.600320    -6.323229    65.949808
v     9.374158    -6.323229    64.882791
v    10.163994    -5.635674    64.748122
v    -4.556385     8.995153    64.652546
v   -16.999765    -2.855679    64.652546
v   -17.225465    -4.476604    64.784147
v   -16.437447    -4.664801    64.871995
v    -2.996034   -17.466164    64.871995
v    -2.600320   -17.516168    64.902566
v    -2.340754   -17.786644    64.854153
v    -2.127442   -17.759823    64.837674
v     9.296652    -6.879637    64.837674
v    12.601916    -4.523653    64.211715
v    20.615510    -4.523653    62.012335
v    26.070718    -0.056820    59.981946
v    18.805138    16.648604    59.981946
v    18.714108    18.215320    59.750791
v    -4.538316    12.035850    64.174894
v    -4.556385    11.999711    64.183304
v    19.366433    19.753057    59.233477
v    -3.946223    28.949700    59.233363
v    -4.538316    27.621525    59.683513
v   -23.441983    20.164112    59.683513
v   -21.938227    16.619057    60.876108
v   -22.065283    14.433314    61.198634
v   -29.348136    -2.311659    61.198634
v   -29.579860    -5.214959    61.481497
v   -18.844003    -5.214959    64.428096
v   -31.429098    -6.729170    60.793261
v   -31.345114    -7.780504    60.690752
v   -24.744133   -22.957852    60.690752
v   -23.953388   -22.653623    60.944068
v   -22.753747   -22.716923    61.112718
v    -3.019331   -30.501977    61.112718
v    -2.908299   -30.378899    61.160790
v    -2.340754   -29.105729    61.592188
v    12.096194   -23.410502    61.592188
v    12.811364   -21.729799    61.995288
v    13.465280   -21.107136    61.995288
v    13.642340   -21.038721    61.954830
v    20.568461    -5.114041    61.954830
v    26.718383     0.137741    59.695218
v    30.996225     0.137741    57.626417
v    34.257962     1.934703    55.804567
v    38.207482     5.447029    53.416649
v    34.111814    20.004440    53.416649
v    34.095904    20.278553    53.376191
v    19.417005    19.801356    59.205407
v    36.689179    23.585635    51.046801
v    20.118311    39.367463    51.046801
v    19.255629    42.696933    49.817839
v    -3.063880    35.163036    56.535648
v    -3.946223    32.498619    57.774270
v    19.364501    44.771076    48.750481
v     2.344165    49.114491    48.750481
v     1.420114    49.176086    48.839011
v    -3.063880    44.602767    51.742311
v    -4.417852    44.512532    51.612642
v   -19.778396    40.592674    51.612642
v   -21.188394    38.318743    52.584651
v   -23.946228    35.633528    53.241294
v   -24.132152    34.916085    53.506088
v   -23.609042    20.323329    59.590892
v   -36.562462    23.077754    53.506088
v   -36.847599    21.878113    53.880322
v   -35.942754    20.724270    54.693001
v   -36.210161    16.127199    55.371237
v   -42.075743    -4.721056    55.371237
v   -42.082903    -4.818109    55.381010
v   -39.933868    -6.729170    56.680319
v   -39.669642   -10.326844    56.318585
v   -36.493707   -21.615131    56.318585
v   -36.302555   -24.900734    55.833887
v   -26.447791   -24.580368    59.747382
v   -37.165238   -26.000822    55.058939
v   -36.279599   -29.727824    53.896346
v   -26.950786   -38.612510    53.896346
v   -26.934876   -38.673765    53.873731
v   -26.063329   -38.719791    53.996127
v    -3.183094   -30.996561    60.882813
v    -5.778756   -43.896114    53.996127
v    -4.506154   -42.598169    54.820170
v    -3.183094   -40.420041    56.097659
v     9.306312   -37.232968    56.097659
v    10.706537   -34.974606    57.062963
v    12.012551   -33.702914    57.373897
v    12.410082   -32.168700    57.940306
v    21.656957   -23.362202    57.940306
v    22.143473   -21.315107    58.578879
v    25.451009   -18.233838    57.808477
v    25.898204   -17.982341    57.626417
v    40.859057     6.080602    51.546045
v    49.930917     6.080602    44.809940
v    55.647396    10.353897    39.902730
v    57.212521    12.018462    38.482389
v    57.114900    13.260720    38.362266
v    54.079771    27.792789    38.362266
v    48.633996    26.586784    42.592831
v    41.810838    26.858055    47.052619
v    54.195235    27.946324    38.212254
v    53.118104    32.459752    36.807255
v    44.153865    45.236795    36.807255
v    43.474493    45.523068    37.129099
v    39.257679    49.539070    37.129099
v    38.739456    49.658511    37.312409
v    21.845381    48.292834    45.866728
v    27.400142    56.874428    37.312409
v    24.896988    57.416176    38.054400
v    21.545584    55.130993    41.173627
v    20.118652    55.227138    41.359551
v     7.396728    57.637216    41.359551
v     4.794247    55.417721    43.474378
v     1.420114    51.323758    47.164446
v   -15.115182    48.191349    47.164559
v   -17.234897    48.048383    46.888287
v   -19.540081    46.029244    47.881435
v   -23.235603    45.229294    46.785893
v   -36.695200    36.664065    46.785893
v   -37.751648    36.420523    46.412227
v   -40.371175    37.190925    44.287398
v   -41.904934    36.544624    43.560976
v   -50.514144    24.273531    43.560976
v   -51.116805    21.748102    44.347175
v   -50.797575    21.323409    44.762208
v   -50.986568    18.781047    45.110077
v   -53.663600     5.963661    45.110077
v   -54.009536     1.558309    45.536361
v   -50.299695    -2.387347    48.902880
v   -47.048072    -4.818109    51.694239
v   -43.685417   -20.918485    51.694239
v   -43.342321   -25.531921    51.062939
v   -43.118099   -25.764212    51.168061
v   -42.273145   -29.304722    50.065927
v   -36.921695   -36.932262    50.065927
v   -35.521015   -42.442020    48.019628
v   -29.231082   -41.933571    51.204427
v   -35.892181   -43.586657    47.044663
v   -34.885169   -45.753989    45.966964
v   -28.896510   -49.564975    45.966964
v   -27.838243   -51.814359    44.593104
v   -26.458815   -53.022637    43.998738
v    -6.362325   -46.111518    52.355201
v   -24.713108   -55.115532    42.624992
v   -13.667453   -57.207971    42.624992
v   -11.469096   -57.364575    42.827622
v    -9.157434   -55.393054    44.706068
v    -6.362325   -52.001647    47.763016
v     7.744596   -49.329274    47.763016
v     8.273275   -46.993065    49.506337
v     8.940601   -45.574657    50.372656
v    24.092833   -35.932296    50.372656
v    22.655332   -34.563323    51.984944
v    24.759477   -36.128448    49.831818
v    37.823247   -17.508099    49.831818
v    41.099531   -16.110033    47.926097
v    45.484199   -15.210188    44.809940
v    62.931273    12.018462    32.177681
v    60.889065    24.298874    32.177681
v    60.774055    25.578976    32.022669
v    59.541116    27.133987    32.946493
v    59.020734    27.489697    33.400279
v    53.599960    37.621869    33.400279
v    52.791828    40.498008    32.396108
v    48.586833    44.961091    33.287543
v    48.038948    46.132321    32.708178
v    39.122669    54.624021    32.708178
v    38.902651    54.717324    32.811823
v    35.569203    57.566074    32.177681
v    35.158034    58.123164    31.783332
v    24.351717    63.367105    31.783332
v    24.306941    63.072423    32.132337
v     7.445595    57.843142    41.129646
v    24.198750    63.648378    31.484444
v    23.231855    64.495832    30.672220
v     7.895063    66.809312    30.672220
v     7.665385    66.827154    30.691654
v     7.445595    66.686234    30.893034
v     4.388533    66.448374    30.634717
v   -11.096794    64.112506    30.634717
v   -14.271024    61.330352    33.300953
v   -15.740687    60.273449    34.132497
v   -15.994684    59.936377    34.441271
v   -36.513140    49.979560    34.441271
v   -39.031977    46.566787    36.857032
v   -39.103347    46.505760    36.870556
v   -39.833405    45.036097    37.746876
v   -48.581830    36.704296    37.746876
v   -48.858671    36.112203    38.039627
v   -49.921483    34.984158    37.814381
v   -51.116919    30.730296    39.299727
v   -54.709592    24.014988    39.299727
v   -55.411125    21.341820    40.065015
v   -57.863821    18.248277    38.227142
v   -57.884391    18.227026    38.208390
v   -60.150481     4.601166    38.208390
v   -60.411525     1.558309    38.478412
v   -61.715379    -0.285815    36.702929
v   -61.609802    -1.516141    36.593716
v   -58.206349   -21.981865    36.593716
v   -57.314800   -22.904438    37.407417
v   -56.620086   -23.780758    37.928027
v   -55.779678   -24.355122    38.660812
v   -46.319718   -42.037102    38.660812
v   -44.605490   -43.184807    39.816587
v   -43.752013   -43.225492    40.690065
v   -43.561771   -43.109801    40.954859
v   -34.451271   -52.083358    40.690065
v   -34.312624   -52.362585    40.523575
v   -34.312396   -52.366449    40.519370
v   -34.058853   -52.709999    40.276169
v   -24.478998   -57.358779    40.276169
v   -22.921942   -59.425194    38.383972
v   -22.287687   -59.881367    38.025080
v   -20.809501   -61.176924    36.783504
v   -11.469096   -62.585901    36.783504
v    -9.308128   -64.406955    34.298192
v    -6.530634   -66.188233    31.751170
v    -3.482095   -65.950942    31.493536
v     9.914769   -63.930099    31.493536
v    10.297755   -63.594390    31.815266
v     9.952500   -61.319663    34.508777
v    10.658011   -54.556737    41.589796
v    19.872382   -61.315231    29.204717
v    30.362197   -56.224938    29.204717
v    33.420509   -55.445444    28.187590
v    34.132839   -45.055411    36.849986
v    38.911174   -56.928858    22.200294
v    42.487255   -55.411692    20.515728
v    53.670193   -44.761296    20.515728
v    52.297470   -43.925889    22.427017
v    49.821590   -17.402749    39.931709
v    53.734062   -44.758342    20.450382
v    53.829865   -44.694132    20.385718
v    60.962593   -31.362045    20.385718
v    63.798047   -20.558001    23.478692
v    61.414675   -16.305844    28.371469
v    62.111208    -8.550793    29.310634
v    63.591326     0.349463    29.310634
v    64.445371    10.302643    30.193887
v    64.190692    10.662899    30.540733
v    69.529981    10.302643    21.587405
v    70.003201    11.342954    20.542776
v    68.337500    23.393233    20.542776
v    68.100549    23.750535    20.860187
v    67.773705    24.054764    21.342271
v    67.392538    24.473661    21.835379
v    62.502943    35.716262    21.835379
v    60.427891    37.816544    23.763260
v    60.059339    37.979738    24.257163
v    58.129981    39.429286    25.843426
v    48.281581    51.652875    25.843426
v    47.269341    52.352590    26.499728
v    46.026288    53.536434    26.499728
v    45.205540    53.941353    26.926012
v    34.326263    61.891874    26.926012
v    33.144351    63.318692    25.694210
v    32.189274    63.994655    25.387481
v    30.734954    65.297941    24.116015
v    22.484864    68.552519    24.116015
v    21.266016    69.558395    22.749429
v    20.629829    69.899672    22.341669
v    20.190135    70.164239    21.969594
v    11.404207    71.265804    21.969594
v     9.706344    71.407747    22.095627
v     7.665385    70.565521    24.047487
v     6.438697    70.462899    23.956344
v    -5.820577    68.925844    23.956344
v    -8.258272    68.702304    23.716779
v   -10.470153    67.515732    25.134619
v   -14.844024    66.388710    24.091582
v   -28.899919    60.843836    24.091582
v   -31.152826    60.209808    23.428801
v   -33.828835    58.315679    24.288416
v   -34.979950    56.926023    25.488057
v   -45.236109    49.430879    25.488057
v   -46.331878    47.993151    26.466771
v   -46.676792    45.655806    29.671572
v   -47.709034    43.758154    30.706428
v   -53.993058    35.958554    30.706428
v   -54.369906    35.204062    31.044409
v   -54.261375    34.115339    32.487138
v   -55.067916    31.515700    33.290270
v   -60.788032    18.363968    33.290270
v   -60.973388    17.711189    33.453692
v   -62.821830    14.585826    31.350229
v   -62.949568    14.393311    31.179193
v   -64.978707    -0.285815    31.179193
v   -67.858937    -5.351788    25.118368
v   -68.376592    -6.489606    23.976004
v   -66.596564   -19.366202    23.976004
v   -66.427686   -19.523487    24.225001
v   -65.263162   -20.803362    25.731713
v   -58.304652   -36.802707    25.731713
v   -57.291275   -37.828470    26.673265
v   -56.566445   -38.757294    26.986585
v   -54.337290   -40.432087    28.819232
v   -45.308615   -51.638209    28.819232
v   -44.097950   -51.800153    30.400040
v   -43.598251   -51.324320    31.692415
v   -32.642377   -60.171844    30.400040
v   -32.485205   -59.839659    31.086913
v   -31.894135   -61.704808    28.242822
v   -19.836468   -66.461437    28.242822
v   -19.367908   -66.848173    27.717439
v   -19.326882   -66.888176    27.655502
v   -19.217783   -66.953749    27.563222
v    -6.530634   -68.544444    27.563222
v    -6.348347   -68.638543    27.355592
v    -4.501381   -69.400649    25.589428
v    -1.788892   -69.173926    25.387935
v     5.851491   -68.215895    25.387935
v     9.181870   -67.910530    25.060523
v    13.790988   -69.169949    19.696799
v    22.159156   -67.013754    17.701413
v    34.948244   -61.968579    17.701413
v    37.237291   -61.324436    17.027950
v    38.071221   -60.734048    17.295812
v    42.513053   -58.721501    15.400434
v    47.868594   -54.807780    15.400434
v    50.884630   -53.319707    13.834059
v    52.913769   -51.387280    13.834059
v    54.108864   -50.561077    13.059224
v    59.798523   -43.499264    13.059224
v    60.137186   -43.244812    12.780793
v    60.539150   -42.729657    12.607029
v    61.376831   -40.030123    13.440959
v    66.618158   -27.979048    13.440959
v    67.300485   -25.577038    14.042371
v    65.693084   -20.241499    20.561868
v    66.627591   -10.998829    21.515808
v    69.445316     9.384956    21.515808
v    74.214219    11.494898     8.036664
v    73.227549    19.834427     8.036664
v    72.738647    21.047592     9.066860
v    72.194967    22.031761    10.341280
v    70.556768    11.494898    18.945376
v    72.096323    22.222004    10.542432
v    68.845609    31.069755    10.542432
v    67.788479    32.715682    11.901404
v    67.652104    32.858534    12.153584
v    66.757147    33.951576    13.193553
v    59.280073    45.284526    13.193553
v    58.486600    46.122434    13.866902
v    56.950114    47.873028    14.129196
v    55.346690    49.176996    15.280765
v    43.265158    60.683368    15.280765
v    43.075257    60.895090    15.120979
v    42.530327    61.328874    15.043246
v    42.277920    61.545710    14.850049
v    29.842042    68.987554    14.850049
v    29.704872    69.052786    14.899712
v    28.964699    69.168818    15.859788
v    28.784912    69.222686    15.904224
v    20.206273    72.081437    15.904224
v    20.043873    72.125304    15.936613
v    19.521445    72.110758    16.531660
v    18.266231    72.233495    16.633032
v     9.930680    73.127998    16.633032
v     9.706344    73.147545    16.647010
v     8.703196    73.338583    15.711481
v     5.922746    73.095836    15.537263
v    -4.387054    71.989612    15.537263
v    -5.908084    71.840850    15.414526
v    -7.354677    71.332514    16.369147
v    -8.152468    71.117156    16.209930
v   -23.501306    66.002088    16.209930
v   -27.535605    64.793128    15.214396
v   -29.562699    63.686563    16.012869
v   -30.537891    63.223117    15.660341
v   -41.432169    56.703733    15.660341
v   -42.599194    56.088002    15.141890
v   -42.693179    56.013223    15.155300
v   -42.923538    55.846278    15.024722
v   -51.937553    47.261502    15.024722
v   -52.223144    46.555309    16.103217
v   -51.612641    46.142663    18.571937
v   -60.105591    34.607992    16.103217
v   -60.395955    32.927062    18.392490
v   -60.075361    32.837283    19.454734
v   -67.755747    12.895691    18.392377
v   -70.017632     8.533184    13.780418
v   -72.077115     4.805386     8.953328
v   -72.174736     4.563094     8.747630
v   -73.520639    -6.813950     8.747630
v   -69.558164    -6.813950    20.566073
v   -73.611214    -7.164660     8.353735
v   -72.307587   -18.184403     8.353735
v   -71.330350   -18.212700    11.258171
v   -67.027280   -19.553603    22.706471
v   -72.320202   -18.599549     7.857218
v   -67.549708   -31.583881     7.857218
v   -66.685434   -32.929557     8.968216
v   -66.351544   -33.279357     9.585538
v   -66.121639   -33.560062     9.852604
v   -57.996673   -45.875135     9.852604
v   -55.301571   -48.720703    12.139378
v   -54.552307   -49.199605    13.351293
v   -54.183868   -48.950608    14.841184
v   -45.632959   -51.947097    27.625159
v   -44.591626   -58.686044    13.351293
v   -43.307091   -59.616345    14.078964
v   -42.763412   -59.815793    14.869596
v   -42.651130   -59.665099    15.509533
v   -32.045624   -61.913461    27.544471
v   -32.345535   -66.050041    14.869596
v   -32.013122   -66.208121    14.989833
v   -30.021599   -66.520192    17.572993
v   -29.988188   -66.412001    17.949387
v   -19.088340   -70.163664    17.572993
v   -18.124286   -70.136958    18.671035
v   -17.445141   -70.203327    18.725813
v    -4.501381   -71.592301    18.725813
v    -3.027059   -71.937442    17.149209
v    -2.482811   -72.041201    16.641669
v    -0.418896   -71.860959    16.512340
v     9.623837   -70.783259    16.512340
v    13.362317   -70.417889    16.210612
v    14.831753   -70.458688    14.537069
v    20.606759   -68.899586    13.384477
v    26.901011   -66.802032    13.384477
v    33.544042   -64.811305    11.745142
v    36.340742   -63.284706    12.846821
v    39.200743   -61.925393    11.812647
v    45.674782   -58.051221    11.812647
v    49.922735   -55.809678     9.925338
v    50.457209   -55.613526     9.148116
v    52.916269   -53.832588     7.755051
v    57.656648   -49.317796     7.755051
v    58.966752   -48.252370     6.814294
v    59.373603   -47.992350     6.156059
v    59.604303   -47.748807     5.960362
v    63.811230   -41.372390     5.960362
v    65.557846   -39.239265     3.930541
v    66.108799   -38.323851     3.551988
v    67.189340   -36.641216     2.162786
v    71.765614   -24.185791     2.162786
v    71.938469   -23.852469     1.810485
v    73.067650   -20.938145    -0.209108
v    73.514731   -16.789405     0.142511
v    75.321012    -1.521937     0.142511
v    75.882875     4.315688     0.526406
v    75.077583     8.150199     4.281364
v    76.536904     4.315688    -5.481687
v    75.610353    13.275494    -5.481687
v    75.077583    15.744441    -2.933189
v    74.374800    18.805708    -0.197743
v    71.677539    27.273770    -0.197743
v    71.458772    27.920072    -0.067392
v    71.198978    28.509551     0.656643
v    71.036579    28.846055     0.927347
v    65.238957    39.176198     0.927347
v    64.651751    40.158662     1.292149
v    63.952605    41.218406     1.292149
v    63.474839    41.828341     1.742753
v    53.157198    53.801796     1.742753
v    52.832626    54.152165     1.955724
v    50.800191    56.087888     1.955724
v    49.933645    56.815901     2.457582
v    40.182867    64.437077     2.457582
v    39.722262    64.764262     2.781586
v    38.843328    65.326693     4.012593
v    37.466627    66.073117     4.499564
v    30.615740    69.560554     4.499564
v    29.831586    69.903650     5.100180
v    27.932571    70.662801     7.321834
v    27.934389    70.635072     7.608789
v    20.750975    72.737626     7.321834
v    19.916590    72.911390     8.031891
v    19.110844    73.069016     8.823886
v    18.522275    73.127998     8.859684
v     8.703196    74.048980     8.859684
v     7.767894    74.048980     8.013480
v    -2.393031    73.095836     8.013480
v    -4.327162    72.902298     7.895971
v    -4.921755    72.838429     7.895971
v    -7.843693    72.229972     5.409409
v   -18.214293    69.233937     5.409409
v   -19.933181    68.706054     5.079269
v   -25.074500    66.992736     5.079269
v   -25.759100    66.693166     4.554795
v   -38.718543    60.096049     4.554795
v   -39.190967    59.839892     4.387737
v   -39.319955    59.757385     4.207040
v   -39.641913    59.528617     3.980545
v   -44.703794    55.572392     3.980545
v   -48.391247    52.594200     4.929143
v   -49.942053    51.241592     4.287388
v   -52.328152    47.602893    11.341814
v   -56.178118    45.153720    -5.031652
v   -57.493451    43.627348    -5.031652
v   -57.250136    43.547455    -2.094258
v   -60.800874    35.122124     9.915337
v   -59.750790    40.427434    -9.737368
v   -65.279299    30.576989    -9.737368
v   -66.906020    27.204447   -12.449971
v   -66.957047    27.065458   -12.449971
v   -68.305677    23.082527   -11.646611
v   -72.054045    11.314088   -11.646611
v   -73.281302     5.968775    -6.870207
v   -73.903624     3.084795    -3.893152
v   -73.763272     3.138435    -2.655553
v   -73.763272    -7.158409     7.126478
v   -73.753044    -7.164660     7.214780
v   -74.943934    -6.974531    -3.893152
v   -74.943934    -7.158409    -3.718479
v   -73.947377   -16.794405    -3.718479
v   -73.834527   -17.317288    -3.178663
v   -73.753044   -17.348541    -2.459855
v   -72.342363   -18.613641     7.666407
v   -71.219092   -25.528625    -3.178663
v   -70.547106   -27.513443    -2.778290
v   -70.469600   -27.689138    -2.562477
v   -69.589757   -29.513375    -1.095201
v   -65.751155   -36.352898    -1.095201
v   -64.026927   -39.237901    -0.023752
v   -62.831263   -41.050091    -0.023752
v   -60.972592   -43.423121     1.729002
v   -54.406386   -51.043048     1.729002
v   -52.257578   -53.362778     3.139796
v   -50.936677   -54.620833     3.139796
v   -49.749878   -55.617958     3.827124
v   -41.142146   -62.345768     3.827124
v   -40.255711   -62.975477     4.450696
v   -40.020465   -63.116284     4.450696
v   -39.087664   -63.622006     4.120670
v   -29.664980   -68.418639     4.120670
v   -29.672708   -68.299652     5.352018
v   -19.160960   -70.267082    16.635532
v   -28.934808   -68.710594     3.266397
v   -17.687888   -71.959830     3.266397
v   -17.482985   -71.999947     3.467777
v   -17.509351   -71.937442     4.046232
v    -4.838453   -73.185951     3.467777
v    -2.482811   -73.185951     5.599083
v     8.249182   -72.179280     5.599083
v    11.429549   -71.860959     5.792394
v    11.935272   -71.806750     5.792394
v    13.904520   -71.396604     7.468210
v    25.191443   -68.135775     7.468210
v    25.977642   -67.894392     7.619244
v    32.542143   -65.706718     7.619244
v    34.869034   -64.688682     5.836716
v    43.602685   -60.242759     5.836716
v    48.822647   -57.412988     3.990432
v    49.704422   -56.848852     2.755447
v    52.401796   -54.932563     0.858023
v    56.651567   -51.610820     0.858023
v    57.429357   -50.957359     0.407646
v    59.065965   -49.398712    -2.354847
v    59.103240   -49.358481    -2.379281
v    62.659320   -45.231675    -2.379281
v    63.467111   -44.200342    -3.141046
v    64.480829   -42.763410    -5.254169
v    64.678458   -42.432701    -5.377020
v    68.907545   -34.897555    -5.377020
v    70.139121   -32.344055    -7.430820
v    70.246630   -32.051759    -7.430820
v    70.802810   -30.409015    -7.762097
v    74.119893   -19.994434    -7.762097
v    74.798470   -17.039198   -10.402876
v    75.168613   -13.910425   -10.402876
v    75.321012   -12.529633   -10.314800
v    76.536904    -0.771763   -10.314800
v    75.597511    -0.771763   -18.944694
v    75.574100    -0.528789   -18.928670
v    75.574100    13.289359    -5.801486
v    74.454011     8.939125   -18.928670
v    74.270701    10.640057   -18.784567
v    74.384460    14.356149   -14.340690
v    74.249449    14.809935   -14.245569
v    70.236401    25.732511   -14.245569
v    69.237913    28.754570   -13.462552
v    68.940503    30.475844   -11.118274
v    68.762193    30.816212   -10.989059
v    59.796477    44.405478   -10.989059
v    59.531456    44.861083   -10.776542
v    57.877120    46.746120   -11.059064
v    57.355828    47.398899   -10.670624
v    46.834761    57.418903   -10.670624
v    45.483858    58.925614    -9.534625
v    45.090531    59.483841    -8.586481
v    43.232201    61.080218    -7.164208
v    35.706714    65.583646    -7.164208
v    34.795846    66.260063    -6.338801
v    33.995214    66.953528    -4.993012
v    32.667381    67.726999    -3.948838
v    23.241288    70.868272    -3.948838
v    22.905238    71.026353    -3.610515
v    22.352126    71.303534    -2.928416
v    22.065171    71.408429    -2.696352
v     9.543149    72.752059    -2.696352
v     8.862867    72.911390    -1.969021
v     7.767894    73.119929    -0.947803
v     5.274967    72.902298    -0.791654
v    -5.668747    71.727886    -0.791654
v    -8.625801    71.438886    -0.552999
v   -12.378828    70.119917    -3.029787
v   -12.393715    70.112985    -3.044675
v   -27.604475    65.043830    -3.044675
v   -30.370604    63.432679    -5.219621
v   -31.924933    62.584202    -5.831943
v   -40.389586    56.297223   -13.503350
v   -45.182923    53.428812   -13.503350
v   -46.494732    52.301904   -14.507294
v   -50.408113    48.683547   -18.255775
v   -51.405010    47.268775   -20.658467
v   -52.113931    46.478258   -21.254651
v   -57.150355    41.681625   -21.254651
v   -57.544591    42.026084   -17.537422
v   -55.617278    44.965182   -11.839354
v   -59.560547    40.365042   -12.034142
v   -58.439776    38.493643   -26.122539
v   -63.725994    30.481185   -26.122539
v   -63.781225    30.375836   -26.162542
v   -63.862709    29.904435   -26.804639
v   -67.213431    20.784503   -26.804639
v   -68.940387    17.453669   -23.283335
v   -69.549640    15.881611   -22.193930
v   -71.014757    12.246094   -19.106638
v   -72.619317    -1.316693   -19.106638
v   -73.281302    -3.881102   -16.227431
v   -73.929080    -6.965553   -13.206963
v   -73.943741    -6.974531   -13.080703
v   -73.943741   -16.795769    -3.750527
v   -73.031623   -14.551954   -13.206963
v   -72.988892   -14.947781   -13.173324
v   -73.069466   -17.579809   -10.026027
v   -72.384412   -19.881356    -9.543603
v   -70.528582   -24.932328    -9.543603
v   -69.236320   -28.843776    -8.530226
v   -69.218932   -28.872642    -8.542159
v   -67.607781   -31.947546    -7.374566
v   -61.599119   -41.054864    -7.374566
v   -60.470166   -42.995474    -6.469266
v   -58.563650   -45.167806    -6.794860
v   -56.860332   -47.300931    -5.526009
v   -46.696566   -56.980681    -5.526009
v   -46.385178   -57.327981    -5.264170
v   -43.911458   -59.297115    -4.911074
v   -43.003772   -59.776131    -5.314288
v   -32.137450   -66.278695    -5.314288
v   -30.982471   -66.827716    -5.731935
v   -28.938445   -68.654453     2.685214
v   -29.752146   -67.020459    -7.327858
v   -19.610200   -70.400388    -7.327858
v   -19.082885   -70.542672    -7.433093
v   -17.692547   -71.948920     3.165253
v   -18.559321   -70.528125    -8.029277
v    -9.335403   -71.517977    -8.029277
v    -7.494802   -71.948920    -6.061166
v    -4.838453   -72.454870    -3.583809
v    -1.681838   -72.179280    -3.386066
v    10.017732   -70.923839    -3.386066
v    12.733517   -70.999299    -0.293092
v    19.154939   -69.265638     0.988602
v    36.046400   -63.636439     0.988602
v    40.640631   -60.960316    -2.623846
v    44.594469   -58.802076    -4.181356
v    48.581151   -55.841158    -7.794372
v    55.143833   -51.913799    -7.794372
v    55.833888   -51.321138    -8.322482
v    57.287414   -49.258246   -11.825944
v    62.156552   -44.620944   -11.825944
v    62.190418   -44.650606   -11.506486
v    63.197203   -42.047898   -15.754780
v    63.685879   -41.208058   -16.146629
v    67.862689   -34.877212   -16.146629
v    68.111914   -34.401606   -16.327212
v    68.430007   -32.560550   -18.834685
v    69.527595   -29.238239   -19.695549
v    72.987530   -19.821124   -19.695549
v    73.406314   -18.414080   -19.990459
v    73.481547   -18.220201   -19.856016
v    74.009884   -13.316855   -20.271618
v    75.168613    -3.522324   -20.271618
v    75.294419    -2.214606   -20.357647
v    73.574622    -2.214606   -25.487034
v    73.084583    -1.137360   -26.568711
v    73.011168    -0.341047   -26.506661
v    71.640718     9.573040   -26.506661
v    71.443771    11.520922   -26.305622
v    71.228071    11.885724   -26.551096
v    70.853155    13.205375   -26.220615
v    63.814184    29.389621   -26.220615
v    63.423926    30.647449   -25.832061
v    63.473589    31.145784   -25.171781
v    62.387593    33.319935   -24.197613
v    52.339860    45.790703   -24.197613
v    50.964182    48.319995   -22.818298
v    50.832126    49.214840   -21.591382
v    49.153469    51.417288   -20.092058
v    40.193436    57.965197   -20.092058
v    38.998568    59.407585   -18.846845
v    38.512620    60.403460   -17.445369
v    37.772447    61.066694   -16.798386
v    26.962266    65.331239   -16.798386
v    25.984575    66.138122   -15.702276
v    25.429985    66.678392   -14.865618
v    24.485478    67.246506   -14.066350
v    14.356829    68.516493   -14.066350
v    12.370534    69.540780   -11.803215
v     9.543149    70.707464    -9.099363
v     4.535590    70.288908    -8.727401
v   -13.092521    68.078618    -8.727401
v   -13.538920    67.810187    -9.105158
v   -20.911668    63.855099   -13.831104
v   -28.672969    57.449474   -22.533275
v   -42.325877    52.063590   -22.533275
v   -46.521098    48.304199   -26.200727
v   -48.252372    44.756756   -31.192830
v   -48.931972    43.936236   -31.901182
v   -54.734140    39.696125   -31.901182
v   -54.782439    39.632711   -31.944254
v   -58.300902    38.399772   -26.684061
v   -55.231907    36.586332   -36.121064
v   -59.764768    30.960315   -36.121064
v   -60.003083    31.117259   -35.361231
v   -63.304028    29.747945   -28.655810
v   -59.694081    30.251849   -37.059889
v   -62.768985    23.182080   -37.059889
v   -63.187428    22.722157   -36.518482
v   -63.672239    22.270758   -35.803539
v   -63.992151    21.788333   -35.374868
v   -65.761156     8.990720   -35.374868
v   -67.894849     5.237921   -30.885192
v   -70.863040    -1.286236   -24.334328
v   -70.973845    -1.316693   -24.014530
v   -69.859778    -8.543633   -24.334328
v   -71.892100   -15.289626   -16.091511
v   -70.817128   -19.073792   -15.144049
v   -66.849425   -28.196452   -15.144049
v   -66.258582   -30.100695   -14.555707
v   -63.355850   -33.820423   -15.810466
v   -63.232204   -34.067943   -15.699435
v   -52.607493   -47.255018   -15.699435
v   -51.484789   -48.031216   -16.427447
v   -49.379508   -50.036149   -16.427447
v   -47.676758   -50.876216   -17.311836
v   -32.431110   -62.017560   -17.311836
v   -31.832085   -62.288945   -17.567425
v   -29.718280   -66.910905    -7.709024
v   -31.523310   -62.260988   -17.957115
v   -30.809617   -62.461800   -18.167132
v   -19.221760   -67.033074   -18.167132
v   -19.384500   -67.372419   -17.117048
v   -18.585914   -69.697036   -10.623348
v    -9.335403   -68.392500   -17.817445
v   -17.743006   -66.629064   -19.888064
v    -9.239486   -67.695172   -19.888064
v    -9.239486   -68.075770   -18.777067
v    10.021937   -70.792010    -3.797576
v    -9.011514   -67.577663   -20.147744
v    12.032666   -64.939043   -20.147744
v    13.035928   -64.335586   -20.996789
v    17.392412   -61.998581   -23.789285
v    18.936739   -60.724047   -25.520787
v    43.405965   -51.071232   -25.520787
v    48.907995   -49.522813   -23.901907
v    50.523806   -49.668961   -21.862654
v    51.063735   -50.412770   -19.372569
v    57.181382   -49.115848   -12.430424
v    59.281550   -43.268904   -21.862654
v    59.397582   -43.379368   -21.435461
v    59.323940   -42.981154   -22.257231
v    59.983538   -41.768557   -22.918420
v    65.014280   -35.524536   -22.918420
v    65.851279   -33.848948   -23.669275
v    66.103685   -33.525513   -23.560176
v    67.178203   -30.062510   -24.630034
v    69.781706   -24.076350   -24.630034
v    70.785536   -20.543000   -25.514650
v    71.736976   -18.934235   -24.431950
v    72.372254   -12.650438   -25.080411
v    73.094243    -7.427749   -25.080411
v    72.067798    -1.137360   -28.289871
v    70.237765     1.450801   -30.781888
v    69.771933     2.588391   -31.304203
v    69.713519     2.705787   -31.365685
v    68.099981    12.408152   -31.365685
v    66.550880    14.011348   -32.779661
v    63.276755    18.140769   -35.232925
v    61.752315    19.182670   -36.562463
v    55.551252    30.773368   -36.562463
v    55.315779    31.611503   -36.269713
v    55.501021    32.233598   -35.557497
v    53.483701    36.546329   -33.424372
v    42.893083    46.632702   -33.424372
v    42.755686    49.241205   -30.621080
v    41.847204    50.471985   -29.749874
v    32.104381    55.199863   -29.749874
v    30.331171    57.553119   -27.595043
v    29.545541    58.997893   -26.059693
v    27.855633    60.479148   -24.640262
v    14.169200    62.543630   -24.640262
v    14.356829    63.316306   -23.308678
v    12.520432    61.486160   -26.152201
v     4.064757    54.360591   -35.877068
v   -30.193204    49.193020   -35.877068
v   -35.867179    44.220009   -40.643016
v   -37.888818    40.501758   -44.594127
v   -38.024397    40.321743   -44.758913
v   -49.409056    34.797212   -44.758913
v   -50.624834    36.266306   -41.786744
v   -54.445708    35.837522   -38.154749
v   -49.441217    34.185913   -45.416011
v   -53.979761    29.863523   -45.416011
v   -54.244782    29.850794   -45.144739
v   -55.106442    30.497550   -43.484493
v   -58.625132    29.793176   -39.165285
v   -57.542091    23.687575   -45.144739
v   -57.671419    23.623820   -45.013819
v   -58.344541    23.920889   -43.869978
v   -58.948112    15.946957   -45.013819
v   -60.832126    13.919068   -42.564988
v   -64.276265     9.048111   -37.874954
v   -64.537081     8.990720   -37.446966
v   -69.216773    -8.500221   -25.432939
v   -62.419867    -2.114257   -37.874954
v   -66.274492    -8.991624   -29.961709
v   -65.984583   -10.096144   -29.645548
v   -52.800008   -34.740269   -29.645548
v   -53.135376   -35.866382   -28.356127
v   -52.937633   -36.289370   -28.146905
v   -36.278121   -52.155523   -28.146905
v   -36.222435   -52.179161   -28.173157
v   -33.173328   -54.784823   -27.593111
v   -30.100810   -55.567954   -28.614897
v   -17.928589   -61.474676   -28.614897
v   -18.141788   -61.912779   -27.833017
v   -17.607881   -64.812783   -23.146279
v    -9.011514   -62.726707   -28.769569
v   -13.892699   -59.422921   -33.037636
v    -8.410216   -60.249805   -33.037636
v    -7.144660   -59.438263   -34.198184
v    -1.299875   -54.512870   -40.920197
v    16.326986   -51.853908   -40.920197
v    18.761612   -51.655596   -40.639379
v    20.448565   -52.513279   -38.790823
v    29.109369   -50.451637   -36.429498
v    36.011170   -47.102392   -36.429498
v    47.847228   -44.085674   -32.493275
v    49.980808   -44.662084   -30.166726
v    52.007447   -43.802243   -29.212104
v    58.850493   -37.285018   -29.212104
v    60.637908   -36.479726   -28.197250
v    62.480783   -34.523661   -27.806537
v    62.522604   -34.375240   -27.858360
v    66.985687   -26.032984   -27.858360
v    67.570507   -23.804397   -28.496365
v    70.060365   -20.664032   -26.630762
v    70.773831   -12.720444   -27.592770
v    71.393653    -8.992874   -27.592770
v    64.559585     8.187361   -36.042763
v    62.799672     9.502920   -37.553565
v    60.758372    19.276769   -37.553565
v    55.066100    23.583476   -41.112258
v    54.896541    23.759058   -41.191696
v    50.593698    25.595227   -43.694510
v    45.964805    32.193027   -43.694510
v    42.857967    33.502336   -45.165877
v    42.044493    45.368169   -35.273156
v    40.767800    32.887627   -46.861240
v    30.360378    39.510429   -46.861240
v    33.207992    44.619927   -40.827349
v    24.809140    35.725127   -52.027788
v    22.380992    35.888890   -52.344177
v     1.783211    39.790906   -52.344177
v     4.064757    49.407128   -41.611048
v    -7.148865    32.173593   -59.602256
v   -10.309003    31.948462   -59.310983
v   -24.850618    29.193696   -59.310983
v   -34.538778    28.540349   -58.048496
v   -38.871396    31.494675   -54.016129
v   -38.933561    31.606275   -53.884414
v   -48.238849    32.394065   -48.035538
v   -44.971315    27.612888   -54.016129
v   -45.462491    27.499698   -53.842365
v   -47.518337    28.104291   -52.174845
v   -48.470799    29.011409   -50.855763
v   -52.198824    28.779572   -47.895640
v   -51.744469    23.912252   -51.107942
v   -50.795871    23.432782   -52.174845
v   -56.147434    23.495628   -46.717364
v   -53.566433    15.946957   -50.946907
v   -50.723365    23.336297   -52.269058
v   -52.322584    15.679209   -52.269058
v   -52.224167    15.574541   -52.358383
v   -58.067474    -1.515232   -42.783187
v   -46.547236    11.330794   -57.231840
v   -43.810541    -1.772638   -57.231840
v   -44.576624    -2.791697   -56.235965
v   -43.692236    -6.497561   -55.082350
v   -45.938779   -30.564141   -39.198924
v   -32.633853   -22.259501   -55.082350
v   -34.521390   -28.080533   -50.124682
v   -37.669141   -31.078386   -45.765129
v   -11.390453   -42.800117   -50.124682
v   -11.128160   -43.357662   -49.784087
v   -10.104101   -47.883364   -46.406885
v   -13.608585   -54.171593   -38.981065
v   -13.399705   -56.174480   -36.884080
v    -0.648119   -49.674757   -46.406885
v    -1.299875   -52.421908   -43.340618
v     0.998490   -48.270554   -47.744947
v     4.067485   -48.051900   -47.462083
v    14.531502   -46.069583   -47.462083
v    15.067567   -46.033443   -47.392191
v    19.063795   -48.758433   -43.672917
v    29.328591   -46.536552   -40.629833
v    34.943130   -42.963766   -40.629833
v    47.610732   -40.042738   -36.148907
v    48.114295   -40.190818   -35.740466
v    54.344565   -37.565154   -32.789889
v    59.409969   -30.345373   -32.789889
v    62.041543   -29.222329   -31.259199
v    67.243776   -23.835308   -28.822186
v    67.769614   -16.763267   -29.789877
v    69.433042    -8.798995   -29.789877
v    57.810864     9.502920   -41.257838
v    50.399023    11.273857   -46.486664
v    41.388304    11.273857   -52.442935
v    37.460149    25.235994   -52.442935
v    38.759003    26.065833   -51.430013
v    39.236996    31.429670   -48.578195
v    33.126849    25.029387   -54.566627
v    27.410370    30.473685   -54.566627
v    25.016770    30.989635   -55.277820
v    20.103992    27.495379   -58.573311
v     8.294413    28.118270   -60.232648
v     3.409932    29.364733   -60.232648
v    -7.148865    30.068312   -61.243637
v    -9.497802    27.672439   -62.764554
v   -18.653306    27.062390   -61.888007
v   -28.087809    24.654811   -61.888007
v   -30.801207    24.511732   -61.506727
v   -34.596964    27.211606   -58.960501
v   -36.072423    26.893513   -58.522170
v   -42.252689    21.007589   -58.522170
v   -45.042798    22.790344   -56.346201
v   -47.768697    22.681927   -54.564468
v   -39.781696    17.856542   -60.741552
v   -41.734125    10.917238   -60.741552
v   -43.464831    11.330794   -59.520545
v   -38.402836     7.954729   -62.755576
v   -41.933345    -1.356923   -58.690024
v   -36.891125     7.121821   -63.599962
v   -34.421610    -1.655584   -63.599962
v   -33.696211    -2.063571   -63.895326
v   -30.053420    -5.457137   -64.743803
v   -29.479511    -7.871875   -63.990561
v   -30.588235   -20.311277   -57.376852
v   -21.262832   -15.697386   -63.990561
v   -20.283095   -19.478256   -62.594882
v   -16.345281   -23.312198   -61.657193
v   -11.932769   -30.428789   -58.615359
v    -5.233826   -32.138244   -58.615359
v    -0.615162   -39.742259   -54.155572
v     0.988489   -41.377844   -53.117307
v     0.998490   -41.415575   -53.089237
v    13.098092   -38.287598   -53.117307
v    15.271902   -41.373526   -50.590401
v    13.087068   -38.077581   -53.225384
v    31.163397   -20.862003   -53.225384
v    46.791121   -30.847118   -41.037934
v    30.906558   -20.534590   -53.455970
v    39.574636    10.274687   -53.455970
v    26.448703    10.274687   -59.803750
v    31.748444    24.515596   -55.303163
v    21.563313     8.807297   -61.966650
v    16.387331    20.708133   -61.966763
v    19.983528    24.133065   -59.975241
v    12.244842    19.114483   -63.293915
v    10.256160    19.219264   -63.573369
v    -2.804882    24.371721   -63.573369
v    -9.497802    24.856305   -64.194555
v   -13.185256    20.771661   -65.790932
v   -15.983547    20.569031   -65.531139
v   -28.036895    15.814106   -65.531139
v   -28.786160    15.774671   -65.425903
v   -29.510763    16.053443   -65.193725
v   -30.532890    17.026816   -64.627657
v   -38.227141    17.277064   -61.572186
v   -34.447862     7.121821   -64.781533
v   -33.516878     6.842254   -65.193725
v   -31.114073     4.874710   -66.088001
v   -30.728360     4.718789   -66.212557
v   -26.354943    -5.336900   -66.212557
v   -25.805354    -5.548963   -66.338021
v   -22.614872    -8.587614   -66.338021
v   -21.132822   -12.070506   -65.502841
v   -11.311924   -15.944792   -65.502841
v    -9.115613   -20.871776   -63.833276
v    -7.370587   -22.804771   -63.077875
v    -5.233826   -29.257218   -60.078317
v    11.828900   -35.016769   -54.942680
v     8.062349   -16.716558   -63.077875
v     8.649441   -16.942485   -62.889791
v    11.270560   -19.438821   -61.438198
v    29.562587   -20.033528   -54.174096
v    19.024360     6.912259   -62.889791
v    19.468032     7.091592   -62.746598
v     8.669670     6.912259   -65.731609
v     0.955532     3.393456   -67.428790
v    -0.833247     3.393456   -67.694948
v   -11.405909    13.462555   -67.694948
v   -13.185256    13.687232   -67.832459
v   -14.052370    12.783637   -67.994290
v   -15.802169    12.562710   -67.859052
v   -24.526729     4.253524   -67.859052
v   -25.546924     4.718789   -67.634602
v   -23.577676     3.427322   -68.020883
v   -23.448120     2.496680   -67.945422
v   -14.166925    -6.342549   -67.945422
v   -13.878493    -6.378915   -67.967697
v   -12.746243    -7.558896   -67.756430
v   -11.311924   -10.410828   -67.097514
v     6.377442   -15.111885   -63.731790
v    -1.384655     3.261741   -67.756430
v   -13.878493     3.261741   -68.869700
v   -14.052370     3.427322   -68.869700
f      1      2      3
f      1      3      4
f      1      4      5
f      1      6      7
f      1      7      8
f      1      8      9
f      1      9      2
f      2      9     10
f      2     10     11
f      2     11      3
f      3     11     12
f      3     12     13
f      3     13     14
f      3     14      4
f     15     16     17
f     15     17     18
f      5     15     18
f      5     18     19
f      5     19     20
f      5     20     21
f      5     21      6
f      5      6      1
f     19     22     23
f     19     23     24
f     19     24     20
f     20     24     25
f     20     25     26
f     20     26     21
f     21     26     27
f     21     27      7
f     21      7      6
f      7     27     28
f      7     28     29
f      7     29     30
f      7     30      8
f     29     31     32
f     29     32     33
f     29     33     34
f     29     34     30
f      8     30     34
f      8     34     35
f      8     35     10
f      8     10      9
f     10     35     36
f     10     36     37
f     10     37     38
f     10     38     12
f     10     12     11
f     12     38     39
f     12     39     40
f     12     40     13
f     13     40     41
f     13     41     14
f      4     14     41
f      4     41     42
f      4     42     43
f      4     43     16
f      4     16     15
f      4     15      5
f     44     45     46
f     44     46     47
f     44     47     48
f     18     17     44
f     18     44     48
f     18     48     49
f     18     49     50
f     18     50     22
f     18     22     19
f     49     51     52
f     49     52     50
f     50     52     53
f     50     53     54
f     50     54     55
f     50     55     23
f     50     23     22
f     53     56     57
f     53     57     58
f     53     58     59
f     53     59     54
f     54     59     60
f     54     60     61
f     54     61     62
f     54     62     55
f     23     55     62
f     23     62     63
f     23     63     64
f     23     64     65
f     23     65     25
f     23     25     24
f     64     66     67
f     64     67     68
f     64     68     65
f     25     65     68
f     25     68     69
f     25     69     28
f     25     28     27
f     25     27     26
f     28     69     70
f     28     70     71
f     28     71     72
f     28     72     31
f     28     31     29
f     72     73     74
f     72     74     32
f     72     32     31
f     32     74     75
f     32     75     76
f     32     76     33
f     76     75     77
f     76     77     78
f     76     78     79
f     34     33     76
f     34     76     79
f     34     79     80
f     34     80     81
f     34     81     82
f     34     82     36
f     34     36     35
f     81     83     84
f     81     84     85
f     81     85     82
f     36     82     85
f     36     85     86
f     36     86     87
f     36     87     37
f     37     87     88
f     37     88     89
f     37     89     39
f     37     39     38
f     41     40     39
f     41     39     89
f     41     89     90
f     41     90     91
f     41     91     42
f     42     91     92
f     42     92     43
f     43     92     93
f     43     93     45
f     43     45     44
f     43     44     17
f     43     17     16
f     94     95     96
f     94     96     97
f     94     97     98
f     94     98     99
f     94     99    100
f     48     47     94
f     48     94    100
f     48    100    101
f     48    101     51
f     48     51     49
f    100     99    102
f    100    102    103
f    100    103    104
f    100    104    105
f    100    105    101
f    101    105    106
f    101    106    107
f    101    107    108
f    101    108     56
f    101     56     53
f    101     53     52
f    101     52     51
f    107    109    110
f    107    110    111
f    107    111    108
f    108    111    112
f    108    112     57
f    108     57     56
f     57    112    113
f     57    113    114
f     57    114    115
f     57    115     58
f     58    115    116
f     58    116     60
f     58     60     59
f     60    116    117
f     60    117    118
f     60    118     61
f     62     61    118
f     62    118    119
f     62    119    120
f     62    120     63
f     63    120    121
f     63    121     66
f     63     66     64
f    121    122    123
f    121    123    124
f    121    124    125
f    121    125    126
f    121    126     67
f    121     67     66
f     68     67    126
f     68    126    127
f     68    127     70
f     68     70     69
f     70    127    128
f     70    128    129
f     70    129    130
f     70    130    131
f     70    131     71
f     71    131    132
f     71    132     73
f     71     73     72
f    132    133    134
f    132    134     77
f    132     77     75
f    132     75     74
f    132     74     73
f     77    134    135
f     77    135    136
f     77    136     78
f     79     78    136
f     79    136    137
f     79    137    138
f     79    138     80
f    137    139    140
f    137    140    141
f    137    141    138
f     80    138    141
f     80    141    142
f     80    142    143
f     80    143    144
f     80    144     83
f     80     83     81
f    143    145    146
f    143    146    147
f    143    147    148
f    143    148    149
f    143    149    144
f    144    149    150
f    144    150    151
f    144    151     84
f    144     84     83
f     85     84    151
f     85    151    152
f     85    152     86
f     86    152    153
f     86    153    154
f     86    154     88
f     86     88     87
f     89     88    154
f     89    154     90
f     90    154    153
f     90    153    155
f     90    155    156
f     90    156     93
f     90     93     92
f     90     92     91
f     93    156    157
f     93    157     46
f     93     46     45
f     46    157    158
f     46    158     95
f     46     95     94
f     46     94     47
f     97    159    160
f     97    160     98
f     98    160    161
f     98    161    162
f     98    162    163
f     98    163    102
f     98    102     99
f    102    163    164
f    102    164    103
f    103    164    165
f    103    165    166
f    103    166    104
f    104    166    167
f    104    167    168
f    104    168    169
f    104    169    106
f    104    106    105
f    106    169    170
f    106    170    109
f    106    109    107
f    170    171    172
f    170    172    173
f    170    173    110
f    170    110    109
f    110    173    174
f    110    174    113
f    110    113    112
f    110    112    111
f    172    175    176
f    172    176    177
f    172    177    178
f    172    178    179
f    172    179    174
f    172    174    173
f    113    174    179
f    113    179    180
f    113    180    181
f    113    181    182
f    113    182    114
f    114    182    183
f    114    183    184
f    114    184    117
f    114    117    116
f    114    116    115
f    118    117    184
f    118    184    185
f    118    185    186
f    118    186    119
f    119    186    187
f    119    187    188
f    119    188    122
f    119    122    121
f    119    121    120
f    188    189    190
f    188    190    123
f    188    123    122
f    123    190    191
f    123    191    192
f    123    192    124
f    124    192    193
f    124    193    194
f    124    194    125
f    126    125    194
f    126    194    195
f    126    195    128
f    126    128    127
f    128    195    196
f    128    196    197
f    128    197    198
f    128    198    129
f    129    198    199
f    129    199    200
f    129    200    201
f    129    201    202
f    129    202    130
f    130    202    203
f    130    203    204
f    130    204    133
f    130    133    132
f    130    132    131
f    204    205    206
f    204    206    207
f    204    207    208
f    204    208    135
f    204    135    134
f    204    134    133
f    136    135    208
f    136    208    139
f    136    139    137
f    208    207    209
f    208    209    140
f    208    140    139
f    141    140    209
f    141    209    210
f    141    210    142
f    142    210    211
f    142    211    212
f    142    212    213
f    142    213    145
f    142    145    143
f    213    214    215
f    213    215    146
f    213    146    145
f    146    215    216
f    146    216    217
f    146    217    147
f    147    217    218
f    147    218    219
f    147    219    220
f    147    220    221
f    147    221    222
f    147    222    223
f    147    223    148
f    150    149    148
f    150    148    223
f    150    223    224
f    224    223    222
f    224    222    225
f    224    225    226
f    153    152    151
f    153    151    150
f    153    150    224
f    153    224    226
f    153    226    227
f    153    227    228
f    153    228    155
f    227    229    230
f    227    230    231
f    227    231    232
f    227    232    228
f    155    228    232
f    155    232    233
f    155    233    158
f    155    158    157
f    155    157    156
f    232    231    234
f    232    234    235
f    232    235    236
f    232    236    237
f    232    237    238
f    232    238    233
f    158    233    238
f    158    238    239
f    158    239     96
f    158     96     95
f     96    239    240
f     96    240    241
f     96    241    242
f     96    242    159
f     96    159     97
f    241    243    244
f    241    244    245
f    241    245    246
f    241    246    247
f    241    247    242
f    242    247    248
f    242    248    161
f    242    161    160
f    242    160    159
f    161    248    249
f    161    249    250
f    161    250    251
f    161    251    162
f    162    251    252
f    162    252    165
f    162    165    164
f    162    164    163
f    165    252    253
f    165    253    254
f    165    254    167
f    165    167    166
f    167    254    255
f    167    255    256
f    167    256    168
f    168    256    257
f    168    257    171
f    168    171    170
f    168    170    169
f    257    258    259
f    257    259    175
f    257    175    172
f    257    172    171
f    259    260    261
f    259    261    176
f    259    176    175
f    176    261    262
f    176    262    263
f    176    263    177
f    177    263    264
f    177    264    265
f    177    265    266
f    177    266    267
f    177    267    178
f    179    178    267
f    179    267    268
f    179    268    269
f    179    269    180
f    180    269    270
f    180    270    271
f    180    271    181
f    181    271    272
f    181    272    273
f    181    273    183
f    181    183    182
f    184    183    273
f    184    273    274
f    184    274    275
f    184    275    276
f    184    276    185
f    185    276    277
f    185    277    278
f    185    278    279
f    185    279    187
f    185    187    186
f    187    279    280
f    187    280    189
f    187    189    188
f    280    281    282
f    280    282    283
f    280    283    191
f    280    191    190
f    280    190    189
f    191    283    284
f    191    284    193
f    191    193    192
f    194    193    284
f    194    284    285
f    194    285    286
f    194    286    196
f    194    196    195
f    196    286    287
f    196    287    197
f    197    287    288
f    197    288    289
f    197    289    199
f    197    199    198
f    199    289    290
f    199    290    291
f    199    291    292
f    199    292    293
f    199    293    200
f    200    293    294
f    200    294    201
f    201    294    295
f    201    295    296
f    201    296    203
f    201    203    202
f    203    296    297
f    203    297    298
f    203    298    205
f    203    205    204
f    298    299    300
f    298    300    301
f    298    301    206
f    298    206    205
f    209    207    206
f    209    206    301
f    209    301    211
f    209    211    210
f    211    301    300
f    211    300    302
f    211    302    303
f    211    303    212
f    212    303    214
f    212    214    213
f    302    304    305
f    302    305    216
f    302    216    215
f    302    215    214
f    302    214    303
f    216    305    306
f    216    306    218
f    216    218    217
f    218    306    307
f    218    307    308
f    218    308    309
f    218    309    219
f    219    309    310
f    219    310    311
f    219    311    312
f    219    312    313
f    219    313    220
f    220    313    314
f    220    314    221
f    222    221    314
f    222    314    315
f    222    315    316
f    222    316    317
f    222    317    225
f    226    225    317
f    226    317    318
f    226    318    319
f    226    319    229
f    226    229    227
f    319    320    321
f    319    321    230
f    319    230    229
f    230    321    322
f    230    322    323
f    230    323    234
f    230    234    231
f    234    323    324
f    234    324    325
f    234    325    235
f    235    325    326
f    235    326    327
f    235    327    328
f    235    328    236
f    236    328    329
f    236    329    330
f    236    330    331
f    236    331    237
f    238    237    331
f    238    331    332
f    238    332    240
f    238    240    239
f    240    332    333
f    240    333    243
f    240    243    241
f    334    335    336
f    334    336    337
f    334    337    338
f    244    338    337
f    244    337    339
f    244    339    245
f    245    339    340
f    245    340    341
f    245    341    342
f    245    342    246
f    246    342    343
f    246    343    249
f    246    249    248
f    246    248    247
f    249    343    344
f    249    344    345
f    249    345    250
f    250    345    346
f    250    346    347
f    250    347    253
f    250    253    252
f    250    252    251
f    253    347    348
f    253    348    255
f    253    255    254
f    255    348    349
f    255    349    350
f    255    350    258
f    255    258    257
f    255    257    256
f    350    351    352
f    350    352    353
f    350    353    354
f    350    354    260
f    350    260    259
f    350    259    258
f    354    355    262
f    354    262    261
f    354    261    260
f    262    355    356
f    262    356    357
f    262    357    358
f    262    358    264
f    262    264    263
f    264    358    359
f    264    359    265
f    265    359    360
f    265    360    361
f    265    361    266
f    267    266    361
f    267    361    362
f    267    362    363
f    267    363    364
f    267    364    268
f    268    364    365
f    268    365    366
f    268    366    270
f    268    270    269
f    270    366    367
f    270    367    368
f    270    368    272
f    270    272    271
f    273    272    368
f    273    368    369
f    273    369    370
f    273    370    274
f    274    370    371
f    274    371    372
f    274    372    275
f    275    372    373
f    275    373    374
f    275    374    277
f    275    277    276
f    277    374    375
f    277    375    376
f    277    376    377
f    277    377    378
f    277    378    278
f    278    378    281
f    278    281    280
f    278    280    279
f    377    379    380
f    377    380    381
f    377    381    282
f    377    282    281
f    377    281    378
f    284    283    282
f    284    282    381
f    284    381    285
f    285    381    380
f    285    380    382
f    285    382    288
f    285    288    287
f    285    287    286
f    288    382    383
f    288    383    290
f    288    290    289
f    290    383    384
f    290    384    385
f    290    385    386
f    290    386    387
f    290    387    291
f    386    388    389
f    386    389    390
f    386    390    387
f    291    387    390
f    291    390    391
f    291    391    292
f    390    389    392
f    390    392    393
f    390    393    394
f    390    394    395
f    390    395    391
f    292    391    395
f    292    395    396
f    292    396    295
f    292    295    294
f    292    294    293
f    295    396    397
f    295    397    398
f    295    398    399
f    295    399    400
f    295    400    297
f    295    297    296
f    297    400    401
f    297    401    299
f    297    299    298
f    399    402    403
f    399    403    404
f    399    404    405
f    399    405    401
f    399    401    400
f    300    299    401
f    300    401    405
f    300    405    406
f    300    406    304
f    300    304    302
f    405    404    407
f    405    407    408
f    405    408    409
f    405    409    410
f    405    410    406
f    406    410    307
f    406    307    306
f    406    306    305
f    406    305    304
f    307    410    409
f    307    409    411
f    307    411    412
f    307    412    308
f    308    412    413
f    308    413    310
f    308    310    309
f    310    413    414
f    310    414    311
f    311    414    415
f    311    415    416
f    311    416    417
f    311    417    418
f    311    418    312
f    314    313    312
f    314    312    418
f    314    418    419
f    314    419    315
f    315    419    420
f    315    420    421
f    315    421    422
f    315    422    316
f    317    316    422
f    317    422    423
f    317    423    424
f    317    424    318
f    318    424    425
f    318    425    426
f    318    426    320
f    318    320    319
f    426    427    322
f    426    322    321
f    426    321    320
f    322    427    428
f    322    428    429
f    322    429    430
f    322    430    324
f    322    324    323
f    324    430    431
f    324    431    326
f    324    326    325
f    326    431    432
f    326    432    433
f    326    433    434
f    326    434    327
f    327    434    435
f    327    435    436
f    327    436    329
f    327    329    328
f    329    436    437
f    329    437    438
f    329    438    330
f    331    330    438
f    331    438    439
f    331    439    440
f    331    440    441
f    331    441    333
f    331    333    332
f    333    441    442
f    333    442    443
f    333    443    444
f    333    444    334
f    333    334    338
f    333    338    244
f    333    244    243
f    443    445    446
f    443    446    447
f    443    447    444
f    444    447    448
f    444    448    335
f    444    335    334
f    448    449    450
f    448    450    451
f    448    451    336
f    448    336    335
f    337    336    451
f    337    451    452
f    337    452    340
f    337    340    339
f    340    452    453
f    340    453    454
f    340    454    341
f    341    454    455
f    341    455    456
f    341    456    344
f    341    344    343
f    341    343    342
f    344    456    457
f    344    457    458
f    344    458    346
f    344    346    345
f    346    458    459
f    346    459    460
f    346    460    349
f    346    349    348
f    346    348    347
f    349    460    461
f    349    461    462
f    349    462    463
f    349    463    351
f    349    351    350
f    463    464    352
f    463    352    351
f    352    464    465
f    352    465    466
f    352    466    467
f    352    467    468
f    352    468    353
f    353    468    356
f    353    356    355
f    353    355    354
f    467    469    470
f    467    470    471
f    467    471    357
f    467    357    356
f    467    356    468
f    357    471    472
f    357    472    360
f    357    360    359
f    357    359    358
f    361    360    472
f    361    472    473
f    361    473    362
f    362    473    474
f    362    474    475
f    362    475    363
f    363    475    476
f    363    476    477
f    363    477    365
f    363    365    364
f    365    477    478
f    365    478    479
f    365    479    367
f    365    367    366
f    368    367    479
f    368    479    480
f    368    480    481
f    368    481    369
f    369    481    482
f    369    482    483
f    369    483    371
f    369    371    370
f    371    483    484
f    371    484    373
f    371    373    372
f    373    484    485
f    373    485    486
f    373    486    487
f    373    487    488
f    373    488    375
f    373    375    374
f    375    488    489
f    375    489    490
f    375    490    376
f    489    491    492
f    489    492    493
f    489    493    490
f    376    490    493
f    376    493    494
f    376    494    379
f    376    379    377
f    493    492    495
f    493    495    496
f    493    496    494
f    380    379    494
f    380    494    496
f    380    496    497
f    380    497    498
f    380    498    499
f    380    499    384
f    380    384    383
f    380    383    382
f    384    499    500
f    384    500    501
f    384    501    502
f    384    502    503
f    384    503    385
f    385    503    504
f    385    504    505
f    385    505    388
f    385    388    386
f    502    506    507
f    502    507    504
f    502    504    503
f    504    507    508
f    504    508    509
f    504    509    510
f    504    510    505
f    505    510    511
f    505    511    392
f    505    392    389
f    505    389    388
f    509    512    513
f    509    513    514
f    509    514    511
f    509    511    510
f    392    511    514
f    392    514    515
f    392    515    393
f    393    515    516
f    393    516    517
f    393    517    394
f    395    394    517
f    395    517    518
f    395    518    519
f    395    519    397
f    395    397    396
f    397    519    520
f    397    520    521
f    397    521    398
f    398    521    522
f    398    522    523
f    398    523    402
f    398    402    399
f    523    524    525
f    523    525    403
f    523    403    402
f    403    525    526
f    403    526    407
f    403    407    404
f    407    526    527
f    407    527    528
f    407    528    529
f    407    529    408
f    408    529    530
f    408    530    411
f    408    411    409
f    528    531    532
f    528    532    533
f    528    533    534
f    528    534    530
f    528    530    529
f    411    530    534
f    411    534    415
f    411    415    414
f    411    414    413
f    411    413    412
f    415    534    533
f    415    533    535
f    415    535    536
f    415    536    416
f    416    536    537
f    416    537    538
f    416    538    417
f    418    417    538
f    418    538    539
f    418    539    540
f    418    540    420
f    418    420    419
f    420    540    541
f    420    541    542
f    420    542    421
f    422    421    542
f    422    542    543
f    422    543    423
f    423    543    544
f    423    544    545
f    423    545    425
f    423    425    424
f    425    545    546
f    425    546    428
f    425    428    427
f    425    427    426
f    546    547    548
f    546    548    549
f    546    549    429
f    546    429    428
f    429    549    550
f    429    550    432
f    429    432    431
f    429    431    430
f    432    550    551
f    432    551    552
f    432    552    553
f    432    553    433
f    433    553    554
f    433    554    435
f    433    435    434
f    435    554    555
f    435    555    556
f    435    556    557
f    435    557    437
f    435    437    436
f    438    437    557
f    438    557    558
f    438    558    559
f    438    559    439
f    439    559    560
f    439    560    561
f    439    561    440
f    440    561    562
f    440    562    563
f    440    563    564
f    440    564    442
f    440    442    441
f    442    564    565
f    442    565    445
f    442    445    443
f    565    566    567
f    565    567    568
f    565    568    446
f    565    446    445
f    567    569    570
f    567    570    571
f    567    571    568
f    446    568    571
f    446    571    572
f    446    572    449
f    446    449    448
f    446    448    447
f    572    573    574
f    572    574    575
f    572    575    450
f    572    450    449
f    451    450    575
f    451    575    576
f    451    576    453
f    451    453    452
f    453    576    577
f    453    577    578
f    453    578    455
f    453    455    454
f    455    578    579
f    455    579    580
f    455    580    457
f    455    457    456
f    457    580    581
f    457    581    582
f    457    582    583
f    457    583    459
f    457    459    458
f    459    583    584
f    459    584    461
f    459    461    460
f    461    584    585
f    461    585    586
f    461    586    587
f    461    587    462
f    462    587    588
f    462    588    465
f    462    465    464
f    462    464    463
f    588    589    590
f    588    590    591
f    588    591    466
f    588    466    465
f    466    591    592
f    466    592    469
f    466    469    467
f    592    593    594
f    592    594    470
f    592    470    469
f    472    471    470
f    472    470    594
f    472    594    595
f    472    595    474
f    472    474    473
f    474    595    596
f    474    596    476
f    474    476    475
f    476    596    597
f    476    597    598
f    476    598    478
f    476    478    477
f    479    478    598
f    479    598    599
f    479    599    480
f    480    599    600
f    480    600    601
f    480    601    482
f    480    482    481
f    482    601    602
f    482    602    603
f    482    603    485
f    482    485    484
f    482    484    483
f    485    603    604
f    485    604    605
f    485    605    486
f    486    605    606
f    486    606    487
f    607    608    609
f    607    609    610
f    607    610    611
f    607    611    612
f    612    611    613
f    612    613    495
f    612    495    492
f    612    492    491
f    613    611    610
f    613    610    614
f    613    614    615
f    496    495    613
f    496    613    615
f    496    615    616
f    496    616    497
f    497    616    617
f    497    617    618
f    497    618    619
f    497    619    498
f    498    619    620
f    498    620    621
f    498    621    500
f    498    500    499
f    500    621    622
f    500    622    623
f    500    623    501
f    501    623    624
f    501    624    625
f    501    625    506
f    501    506    502
f    625    626    508
f    625    508    507
f    625    507    506
f    624    627    628
f    624    628    629
f    624    629    626
f    624    626    625
f    508    626    629
f    508    629    630
f    508    630    512
f    508    512    509
f    630    631    632
f    630    632    513
f    630    513    512
f    514    513    632
f    514    632    633
f    514    633    634
f    514    634    516
f    514    516    515
f    517    516    634
f    517    634    635
f    517    635    636
f    517    636    518
f    518    636    637
f    518    637    638
f    518    638    520
f    518    520    519
f    520    638    639
f    520    639    640
f    520    640    522
f    520    522    521
f    522    640    641
f    522    641    524
f    522    524    523
f    641    642    643
f    641    643    527
f    641    527    526
f    641    526    525
f    641    525    524
f    527    643    644
f    527    644    645
f    527    645    531
f    527    531    528
f    644    646    647
f    644    647    645
f    645    647    648
f    645    648    649
f    645    649    532
f    645    532    531
f    649    648    650
f    649    650    651
f    649    651    652
f    533    532    649
f    533    649    652
f    533    652    653
f    533    653    535
f    535    653    654
f    535    654    537
f    535    537    536
f    538    537    654
f    538    654    655
f    538    655    656
f    538    656    539
f    539    656    657
f    539    657    541
f    539    541    540
f    542    541    657
f    542    657    658
f    542    658    544
f    542    544    543
f    544    658    659
f    544    659    660
f    544    660    547
f    544    547    546
f    544    546    545
f    660    661    662
f    660    662    548
f    660    548    547
f    548    662    663
f    548    663    551
f    548    551    550
f    548    550    549
f    551    663    664
f    551    664    665
f    551    665    666
f    551    666    552
f    552    666    555
f    552    555    554
f    552    554    553
f    555    666    665
f    555    665    667
f    555    667    668
f    555    668    669
f    555    669    556
f    557    556    669
f    557    669    670
f    557    670    558
f    558    670    671
f    558    671    672
f    558    672    673
f    558    673    560
f    558    560    559
f    560    673    674
f    560    674    675
f    560    675    562
f    560    562    561
f    562    675    676
f    562    676    677
f    562    677    563
f    563    677    678
f    563    678    566
f    563    566    565
f    563    565    564
f    678    679    680
f    678    680    681
f    678    681    569
f    678    569    567
f    678    567    566
f    681    682    683
f    681    683    570
f    681    570    569
f    571    570    683
f    571    683    684
f    571    684    685
f    571    685    573
f    571    573    572
f    685    686    687
f    685    687    688
f    685    688    574
f    685    574    573
f    575    574    688
f    575    688    689
f    575    689    577
f    575    577    576
f    577    689    690
f    577    690    691
f    577    691    692
f    577    692    579
f    577    579    578
f    579    692    693
f    579    693    581
f    579    581    580
f    581    693    694
f    581    694    695
f    581    695    696
f    581    696    582
f    582    696    697
f    582    697    585
f    582    585    584
f    582    584    583
f    585    697    698
f    585    698    699
f    585    699    700
f    585    700    586
f    586    700    701
f    586    701    589
f    586    589    588
f    586    588    587
f    701    702    703
f    701    703    590
f    701    590    589
f    590    703    704
f    590    704    593
f    590    593    592
f    590    592    591
f    594    593    704
f    594    704    705
f    594    705    597
f    594    597    596
f    594    596    595
f    598    597    705
f    598    705    706
f    598    706    600
f    598    600    599
f    600    706    707
f    600    707    708
f    600    708    602
f    600    602    601
f    602    708    709
f    602    709    710
f    602    710    604
f    602    604    603
f    604    710    711
f    604    711    608
f    604    608    607
f    604    607    606
f    604    606    605
f    711    712    713
f    711    713    714
f    711    714    609
f    711    609    608
f    609    714    715
f    609    715    716
f    609    716    614
f    609    614    610
f    716    715    717
f    716    717    718
f    716    718    719
f    615    614    716
f    615    716    719
f    615    719    720
f    615    720    617
f    615    617    616
f    719    718    721
f    719    721    722
f    719    722    723
f    719    723    724
f    719    724    720
f    617    720    724
f    617    724    725
f    617    725    618
f    618    725    726
f    618    726    727
f    618    727    620
f    618    620    619
f    620    727    728
f    620    728    729
f    620    729    622
f    620    622    621
f    622    729    627
f    622    627    624
f    622    624    623
f    728    730    731
f    728    731    628
f    728    628    627
f    728    627    729
f    628    731    732
f    628    732    631
f    628    631    630
f    628    630    629
f    632    631    732
f    632    732    733
f    632    733    734
f    632    734    633
f    634    633    734
f    634    734    735
f    634    735    736
f    634    736    635
f    635    736    737
f    635    737    637
f    635    637    636
f    637    737    738
f    637    738    739
f    637    739    639
f    637    639    638
f    639    739    740
f    639    740    741
f    639    741    642
f    639    642    641
f    639    641    640
f    741    742    743
f    741    743    646
f    741    646    644
f    741    644    643
f    741    643    642
f    744    745    746
f    744    746    747
f    744    747    743
f    744    743    742
f    743    747    748
f    743    748    650
f    743    650    648
f    743    648    647
f    743    647    646
f    749    748    747
f    749    747    746
f    749    746    750
f    749    750    751
f    749    751    752
f    651    650    748
f    651    748    749
f    654    653    652
f    654    652    651
f    654    651    749
f    654    749    752
f    654    752    753
f    654    753    655
f    753    752    751
f    753    751    754
f    753    754    755
f    657    656    655
f    657    655    753
f    657    753    755
f    657    755    756
f    657    756    757
f    657    757    659
f    657    659    658
f    659    757    758
f    659    758    759
f    659    759    760
f    659    760    761
f    659    761    762
f    659    762    661
f    659    661    660
f    762    763    664
f    762    664    663
f    762    663    662
f    762    662    661
f    761    764    765
f    761    765    763
f    761    763    762
f    664    763    765
f    664    765    667
f    664    667    665
f    667    765    764
f    667    764    766
f    667    766    767
f    667    767    768
f    667    768    668
f    669    668    768
f    669    768    769
f    669    769    770
f    669    770    671
f    669    671    670
f    671    770    771
f    671    771    772
f    671    772    672
f    672    772    773
f    672    773    774
f    672    774    674
f    672    674    673
f    674    774    775
f    674    775    776
f    674    776    676
f    674    676    675
f    676    776    679
f    676    679    678
f    676    678    677
f    680    777    778
f    680    778    779
f    680    779    682
f    680    682    681
f    683    682    779
f    683    779    780
f    683    780    781
f    683    781    684
f    684    781    782
f    684    782    783
f    684    783    686
f    684    686    685
f    783    784    785
f    783    785    786
f    783    786    787
f    783    787    687
f    783    687    686
f    688    687    787
f    688    787    788
f    688    788    690
f    688    690    689
f    690    788    789
f    690    789    790
f    690    790    691
f    691    790    791
f    691    791    694
f    691    694    693
f    691    693    692
f    694    791    792
f    694    792    793
f    694    793    794
f    694    794    695
f    695    794    795
f    695    795    698
f    695    698    697
f    695    697    696
f    698    795    796
f    698    796    797
f    698    797    699
f    699    797    702
f    699    702    701
f    699    701    700
f    705    704    703
f    705    703    702
f    705    702    797
f    705    797    796
f    705    796    798
f    705    798    707
f    705    707    706
f    707    798    799
f    707    799    800
f    707    800    709
f    707    709    708
f    709    800    801
f    709    801    712
f    709    712    711
f    709    711    710
f    801    802    803
f    801    803    804
f    801    804    805
f    801    805    713
f    801    713    712
f    713    805    806
f    713    806    717
f    713    717    715
f    713    715    714
f    804    807    808
f    804    808    809
f    804    809    810
f    804    810    806
f    804    806    805
f    717    806    810
f    717    810    811
f    717    811    721
f    717    721    718
f    810    809    812
f    810    812    813
f    810    813    814
f    810    814    811
f    721    811    814
f    721    814    722
f    722    814    813
f    722    813    815
f    722    815    816
f    722    816    723
f    724    723    816
f    724    816    817
f    724    817    818
f    724    818    726
f    724    726    725
f    726    818    819
f    726    819    730
f    726    730    728
f    726    728    727
f    817    820    821
f    817    821    819
f    817    819    818
f    819    821    822
f    819    822    733
f    819    733    732
f    819    732    731
f    819    731    730
f    734    733    822
f    734    822    823
f    734    823    824
f    734    824    735
f    735    824    825
f    735    825    738
f    735    738    737
f    735    737    736
f    738    825    826
f    738    826    740
f    738    740    739
f    740    826    827
f    740    827    828
f    740    828    744
f    740    744    742
f    740    742    741
f    828    829    830
f    828    830    831
f    828    831    745
f    828    745    744
f    746    745    831
f    746    831    832
f    746    832    750
f    833    832    831
f    833    831    830
f    833    830    834
f    833    834    835
f    751    750    832
f    751    832    833
f    751    833    754
f    755    754    833
f    755    833    835
f    755    835    836
f    755    836    756
f    756    836    837
f    756    837    838
f    756    838    839
f    756    839    840
f    756    840    758
f    756    758    757
f    758    840    841
f    758    841    759
f    759    841    842
f    759    842    843
f    759    843    844
f    759    844    760
f    760    844    845
f    760    845    766
f    760    766    764
f    760    764    761
f    845    846    847
f    845    847    767
f    845    767    766
f    768    767    847
f    768    847    848
f    768    848    769
f    769    848    849
f    769    849    850
f    769    850    771
f    769    771    770
f    771    850    851
f    771    851    852
f    771    852    773
f    771    773    772
f    773    852    853
f    773    853    854
f    773    854    775
f    773    775    774
f    775    854    777
f    775    777    680
f    775    680    679
f    775    679    776
f    780    855    782
f    780    782    781
f    782    855    856
f    782    856    857
f    782    857    784
f    782    784    783
f    857    858    859
f    857    859    785
f    857    785    784
f    785    859    860
f    785    860    861
f    785    861    786
f    787    786    861
f    787    861    862
f    787    862    863
f    787    863    789
f    787    789    788
f    862    864    865
f    862    865    866
f    862    866    863
f    789    863    866
f    789    866    792
f    789    792    791
f    789    791    790
f    792    866    865
f    792    865    867
f    792    867    868
f    792    868    869
f    792    869    870
f    792    870    793
f    793    870    799
f    793    799    798
f    793    798    796
f    793    796    795
f    793    795    794
f    799    870    869
f    799    869    871
f    799    871    872
f    799    872    802
f    799    802    801
f    799    801    800
f    872    873    874
f    872    874    875
f    872    875    876
f    872    876    803
f    872    803    802
f    803    876    877
f    803    877    807
f    803    807    804
f    875    878    879
f    875    879    880
f    875    880    881
f    875    881    877
f    875    877    876
f    877    881    882
f    877    882    808
f    877    808    807
f    883    882    881
f    883    881    880
f    883    880    884
f    808    882    883
f    808    883    885
f    808    885    812
f    808    812    809
f    886    885    883
f    886    883    884
f    886    884    887
f    886    887    888
f    813    812    885
f    813    885    886
f    813    886    815
f    816    815    886
f    816    886    888
f    816    888    889
f    816    889    890
f    816    890    820
f    816    820    817
f    889    891    892
f    889    892    893
f    889    893    890
f    822    821    820
f    822    820    890
f    822    890    893
f    822    893    894
f    822    894    895
f    822    895    823
f    894    896    897
f    894    897    898
f    894    898    895
f    823    895    898
f    823    898    827
f    823    827    826
f    823    826    825
f    823    825    824
f    827    898    897
f    827    897    899
f    827    899    900
f    827    900    901
f    827    901    902
f    827    902    829
f    827    829    828
f    830    829    902
f    830    902    903
f    830    903    834
f    903    902    901
f    903    901    904
f    903    904    905
f    835    834    903
f    835    903    905
f    835    905    837
f    835    837    836
f    837    905    904
f    837    904    906
f    837    906    907
f    837    907    838
f    838    907    908
f    838    908    909
f    838    909    910
f    838    910    839
f    839    910    911
f    839    911    842
f    839    842    841
f    839    841    840
f    842    911    912
f    842    912    913
f    842    913    914
f    842    914    843
f    843    914    915
f    843    915    846
f    843    846    845
f    843    845    844
f    847    846    915
f    847    915    916
f    847    916    917
f    847    917    849
f    847    849    848
f    849    917    918
f    849    918    851
f    849    851    850
f    851    918    919
f    851    919    920
f    851    920    853
f    851    853    852
f    853    920    778
f    853    778    777
f    853    777    854
f    921    922    858
f    921    858    857
f    921    857    856
f    923    924    925
f    923    925    860
f    923    860    859
f    923    859    858
f    923    858    922
f    861    860    925
f    861    925    926
f    861    926    864
f    861    864    862
f    925    924    927
f    925    927    928
f    925    928    926
f    865    864    926
f    865    926    928
f    865    928    929
f    865    929    867
f    867    929    930
f    867    930    931
f    867    931    932
f    867    932    868
f    868    932    933
f    868    933    871
f    868    871    869
f    871    933    934
f    871    934    935
f    871    935    873
f    871    873    872
f    935    936    937
f    935    937    938
f    935    938    874
f    935    874    873
f    874    938    939
f    874    939    878
f    874    878    875
f    939    940    941
f    939    941    879
f    939    879    878
f    884    880    879
f    884    879    941
f    884    941    942
f    884    942    887
f    942    941    940
f    942    940    943
f    942    943    944
f    942    944    945
f    888    887    942
f    888    942    945
f    888    945    891
f    888    891    889
f    945    944    946
f    945    946    947
f    945    947    892
f    945    892    891
f    947    946    948
f    947    948    949
f    893    892    947
f    893    947    949
f    893    949    950
f    893    950    951
f    893    951    952
f    893    952    953
f    893    953    896
f    893    896    894
f    952    954    955
f    952    955    953
f    897    896    953
f    897    953    955
f    897    955    956
f    897    956    957
f    897    957    899
f    899    957    958
f    899    958    959
f    899    959    900
f    904    901    900
f    904    900    959
f    904    959    960
f    904    960    961
f    904    961    906
f    906    961    908
f    906    908    907
f    908    961    960
f    908    960    962
f    908    962    963
f    908    963    909
f    909    963    912
f    909    912    911
f    909    911    910
f    912    963    962
f    912    962    964
f    912    964    965
f    912    965    966
f    912    966    913
f    913    966    916
f    913    916    915
f    913    915    914
f    916    966    965
f    916    965    967
f    916    967    968
f    916    968    923
f    916    923    922
f    916    922    921
f    916    921    919
f    916    919    918
f    916    918    917
f    778    920    919
f    778    919    921
f    778    921    856
f    778    856    855
f    778    855    780
f    778    780    779
f    968    969    970
f    968    970    927
f    968    927    924
f    968    924    923
f    971    972    973
f    971    973    970
f    971    970    969
f    928    927    970
f    928    970    973
f    928    973    930
f    928    930    929
f    930    973    972
f    930    972    974
f    930    974    975
f    930    975    976
f    930    976    931
f    931    976    977
f    931    977    934
f    931    934    933
f    931    933    932
f    934    977    978
f    934    978    979
f    934    979    936
f    934    936    935
f    979    980    981
f    979    981    982
f    979    982    983
f    979    983    937
f    979    937    936
f    937    983    984
f    937    984    943
f    937    943    940
f    937    940    939
f    937    939    938
f    985    984    983
f    985    983    982
f    985    982    986
f    943    984    985
f    943    985    948
f    943    948    946
f    943    946    944
f    949    948    985
f    949    985    986
f    949    986    987
f    949    987    950
f    950    987    988
f    950    988    989
f    950    989    951
f    951    989    990
f    951    990    991
f    951    991    992
f    951    992    954
f    951    954    952
f    955    954    992
f    955    992    993
f    955    993    994
f    955    994    956
f    956    994    995
f    956    995    996
f    956    996    958
f    956    958    957
f    959    958    996
f    959    996    997
f    959    997    964
f    959    964    962
f    959    962    960
f    996    995    998
f    996    998    999
f    996    999   1000
f    996   1000    997
f    964    997   1000
f    964   1000   1001
f    964   1001    967
f    964    967    965
f   1000    999   1002
f   1000   1002   1003
f   1000   1003   1001
f    967   1001   1003
f    967   1003    971
f    967    971    969
f    967    969    968
f   1003   1002   1004
f   1003   1004    974
f   1003    974    972
f   1003    972    971
f    974   1004   1005
f    974   1005   1006
f    974   1006   1007
f    974   1007    975
f    975   1007   1008
f    975   1008    978
f    975    978    977
f    975    977    976
f    978   1008   1009
f    978   1009   1010
f    978   1010    980
f    978    980    979
f   1010   1011   1012
f   1010   1012    981
f   1010    981    980
f    986    982    981
f    986    981   1012
f    986   1012    988
f    986    988    987
f    988   1012   1011
f    988   1011   1013
f    988   1013   1014
f    988   1014    990
f    988    990    989
f    990   1014   1015
f    990   1015    991
f    991   1015   1016
f    991   1016   1017
f    991   1017   1018
f    991   1018    993
f    991    993    992
f    993   1018   1019
f    993   1019    998
f    993    998    995
f    993    995    994
f   1005   1019   1018
f   1005   1018   1017
f   1005   1017   1020
f   1005   1020   1006
f    998   1019   1005
f    998   1005   1004
f    998   1004   1002
f    998   1002    999
f   1006   1020   1021
f   1006   1021   1022
f   1006   1022   1009
f   1006   1009   1008
f   1006   1008   1007
f   1009   1022   1013
f   1009   1013   1011
f   1009   1011   1010
f   1013   1022   1021
f   1013   1021   1016
f   1013   1016   1015
f   1013   1015   1014
f   1016   1021   1020
f   1016   1020   1017
f    487    606    607
f    487    607    612
f    487    612    491
f    487    491    489
f    487    489    488
