v     6.157133    15.641222    60.784773
v     5.835432    15.289283    60.851195
v     5.271339    13.039457    61.128285
v     7.093487    14.704769    60.784773
v     5.121444    12.797859    61.143453
v     0.579062     8.255378    61.143453
v     0.418261     7.042828    61.246952
v     1.035987     7.042828    61.307823
v     3.015664     9.022504    61.307823
v     1.035987     5.551502    61.160901
v    -1.026965     5.721919    60.974622
v     0.656588     4.038366    60.974622
v     2.787747     7.303163    61.160901
v    10.979875    15.855656    59.490930
v     8.982651    20.677407    59.490930
v     8.969268    20.664023    59.496680
v     7.339249    14.822544    60.725093
v     9.503619    14.822544    60.068505
v    10.046198    15.052841    59.874988
v     8.500149    20.533162    59.595322
v    11.448994    26.782889    57.328939
v     9.910380    27.420244    57.328939
v     8.500149    24.098444    58.513731
v    -3.604243    19.084763    58.513731
v    -1.993259    17.473878    59.204819
v    -4.691881    19.524140    58.128582
v   -10.340835     5.886091    58.128582
v    -9.766531     5.642312    58.333499
v    -1.193417     5.642312    60.934074
v    -3.152374    -1.378210    59.457719
v    -5.773074    -3.998810    58.333499
v    -0.556558    -0.653812    60.003570
v     0.656588     1.879151    60.619511
v    -0.556558    -6.777436    58.146030
v    -6.544662    -5.908893    57.657084
v    -1.138495    -8.148211    57.657084
v     4.170318     0.898681    59.880639
v     6.149103    -3.999802    58.146030
v     4.237236     2.108357    60.068505
v    18.010112    31.914048    53.445624
v    16.597205    31.360960    54.279965
v    11.117082    15.898880    59.423814
v    22.301279    15.898880    53.445624
v    16.006940    31.340835    54.539210
v    21.790424    36.975910    49.692774
v    18.946863    39.819471    49.692774
v    18.074651    39.168138    50.339348
v    16.102013    34.128978    53.315357
v    10.529394    32.153862    55.169229
v     9.910380    30.191237    56.129673
v    10.529394    41.189849    50.339348
v     9.344900    43.237435    49.075345
v    -3.485972    39.799445    49.075345
v    -5.859324    35.780411    50.883613
v    -5.893923    35.745019    50.892734
v    -5.363042    20.195301    57.717756
v   -12.395757    34.273521    48.757610
v   -25.777139    20.892139    48.757610
v   -26.151086    20.799941    48.612373
v   -21.380094     7.338951    53.090414
v   -16.773768     5.886091    55.344504
v   -32.528106    21.119064    45.158125
v   -36.923268    18.523545    43.180530
v   -39.684942     8.217111    43.180530
v   -38.166849     7.338951    44.117677
v   -31.857441   -16.207991    44.117677
v   -23.436007   -12.911371    49.091207
v   -13.197482   -12.561812    53.585110
v   -33.425400   -18.307227    42.561218
v   -18.679290   -33.053237    42.561218
v   -17.685437   -32.310995    43.298107
v   -13.507386   -21.637752    49.601468
v    -1.170417   -17.265193    53.705562
v    -1.138495   -17.164172    53.755032
v    -1.170417   -36.736196    43.298107
v    13.845247   -22.474869    48.770398
v    -0.412412   -38.046595    42.489145
v    18.008724   -33.110638    42.489145
v    13.464360   -11.315059    53.668584
v    21.970953   -12.501140    49.554675
v    19.464261   -11.519877    51.035195
v    19.486468   -34.214336    41.393477
v    30.191931   -23.508873    41.393477
v    23.250521    15.349757    52.859622
v    28.196194    10.731734    49.554675
v    36.138496    19.432240    41.616338
v    32.084366    39.813721    41.616338
v    28.788243    10.583127    49.093091
v    36.800238    10.583127    42.517796
v    32.000000    41.004363    41.444831
v    28.041440    41.169625    44.304650
v    34.570438    44.594429    37.751859
v    32.550709    47.617132    37.751859
v    31.680282    47.348370    38.532270
v    28.277090    43.945178    42.751364
v    21.318430    43.354417    46.645782
v    21.783087    53.961436    38.532270
v    21.013681    50.652623    41.373352
v     9.344900    46.439081    46.736097
v    21.729454    54.210470    38.336672
v     9.631506    56.616934    38.336672
v     9.192525    56.057699    38.867156
v     9.192525    47.046496    46.262517
v     4.165956    55.057897    38.867156
v     0.340736    50.242788    42.194409
v    -2.461683    47.665412    43.528800
v    -3.229107    45.952613    44.630019
v   -19.771191    34.899475    44.630019
v   -22.620799    34.209577    43.515912
v   -32.777139    24.053237    43.515912
v   -38.867751    21.358184    40.327848
v   -40.872014    18.358680    40.327848
v   -45.698623    16.195995    37.224844
v   -45.985427    15.884108    37.076336
v   -43.244275     8.292951    40.565084
v   -42.942005     8.217111    40.800833
v   -49.856152    12.809061    34.401706
v   -50.433331    12.149004    34.035789
v   -51.200358     8.292951    34.035789
v   -52.518787     7.258055    32.784872
v   -55.124815     4.347774    30.171013
v   -56.437098     1.579062    28.642114
v   -58.145535    -2.801824    26.524834
v   -58.358680    -3.647071    26.211956
v   -57.838803   -10.599286    25.503718
v   -55.403689   -22.841083    25.503718
v   -54.042630   -22.524636    26.672351
v   -40.551205   -23.087836    36.419055
v   -58.764549   -27.535244    20.675028
v   -47.079311   -45.023496    20.675028
v   -44.627343   -44.266284    22.873303
v   -42.137603   -41.776545    25.959949
v   -23.468524   -40.191832    36.408150
v   -28.677010   -54.923863    22.873303
v   -24.374046   -55.901855    24.283236
v   -23.702885   -55.421236    24.973729
v   -22.965104   -52.248638    27.697829
v    -0.457619   -44.121345    38.041936
v    -0.412412   -43.941014    38.182612
v    -6.969763   -58.749679    24.973729
v    -0.565579   -59.228612    25.626153
v    -0.457619   -59.131854    25.723208
v     0.061564   -59.092992    25.670269
v    15.245663   -56.072768    25.670269
v    22.197681   -52.105285    27.791316
v    22.736394   -51.879053    27.851195
v    23.240310   -39.809657    36.570537
v    38.593140   -41.112819    27.978388
v    25.689700   -52.242392    26.114702
v    26.225736   -52.120552    25.939130
v    40.238030   -42.757709    25.939130
v    37.515912   -28.422524    35.080599
v    42.293249   -28.223060    31.629226
v    40.604442   -42.870924    25.610588
v    40.680084   -42.837514    25.571032
v    46.509865   -34.112422    25.571032
v    42.376525   -27.047586    31.798553
v    44.240013     2.274809    35.055914
v    45.227918   -12.712402    31.798553
v    46.009419    -2.262417    32.863092
v    43.183108    15.207892    33.847725
v    40.427779    32.604244    33.847725
v    39.358284    45.108160    32.253693
v    36.140578    45.427779    35.800040
v    39.361456    45.114009    32.246555
v    38.611778    48.113216    31.342818
v    37.027660    51.222366    31.342818
v    36.633291    50.970259    31.949639
v    35.948647    51.015070    32.550511
v    38.135422    55.127293    26.636364
v    36.329831    56.932984    26.636364
v    35.633390    55.843165    28.313374
v    21.950432    54.626748    37.819174
v    36.314068    57.245763    26.282443
v    25.362943    62.825618    26.282443
v    22.394865    63.567464    27.176862
v    21.290077    62.977794    28.515119
v    21.189650    62.283435    29.380391
v     9.848617    58.590464    36.069099
v     9.631506    57.629326    37.198375
v    14.307723    64.083673    28.515119
v    12.935462    64.195798    28.643304
v    11.967681    63.544167    29.624071
v     9.848617    61.669080    32.317835
v     9.520274    61.617033    32.317835
v     6.348667    58.698325    35.262219
v     6.140676    58.541192    35.392288
v     4.250322    55.907109    37.931199
v    -6.019530    50.674334    37.931199
v    -7.800932    48.140082    39.819570
v   -22.576981    34.881630    42.926143
v   -28.368594    32.301577    39.910777
v   -39.343016    21.327154    39.910777
v   -43.443344    19.387430    37.337465
v   -45.753347    16.813027    36.796174
v   -48.967087    14.554080    34.401706
v   -51.367603    11.478537    33.135323
v   -53.132151     9.141767    31.673937
v   -53.791911     8.424804    31.008229
v   -54.434520     7.386934    30.425598
v   -54.752851     6.696342    30.171013
v   -59.473581    -7.107069    24.185685
v   -61.864083   -15.908496    19.574205
v   -62.369486   -19.151879    18.332507
v   -62.067514   -22.846734    17.987311
v   -61.988798   -23.343809    17.987311
v   -61.636860   -27.458610    17.462675
v   -59.095867   -27.711114    20.263210
v   -63.320612   -30.612868    13.642312
v   -63.626550   -33.741846    11.436304
v   -63.007535   -36.218400    10.689997
v   -60.320909   -41.491128    10.689997
v   -60.001191   -42.685834    10.250917
v   -58.445624   -44.419451    10.615347
v   -57.391991   -44.917915    11.276693
v   -47.612274   -45.556459    19.859225
v   -50.658472   -51.651433    11.276693
v   -47.111134   -53.231586    13.123625
v   -46.389611   -53.879053    12.971845
v   -39.042233   -55.845346    15.672450
v   -33.716963   -58.558740    15.672450
v   -24.821652   -60.782097    18.353029
v   -23.936255   -60.309409    19.425498
v   -14.292555   -61.134233    20.654903
v   -10.309309   -61.765144    20.654903
v    -0.565579   -62.561417    21.565084
v     0.589670   -63.339349    20.394270
v     5.244374   -62.958958    19.959453
v     9.744622   -62.246159    19.959453
v    10.401904   -62.189948    19.875583
v    30.104293   -57.889859    16.947160
v    36.120849   -54.824329    16.947160
v    37.327650   -53.107565    18.226430
v    39.518886   -51.141272    18.687122
v    40.151780   -49.803213    19.526817
v    46.046397   -43.908695    19.526817
v    46.698623   -42.444434    20.289184
v    47.379202   -41.686032    20.129672
v    47.541391   -41.079905    20.352533
v    46.942402   -34.342025    25.033410
v    49.531973   -37.173293    20.352533
v    49.816497   -36.034699    20.695549
v    48.813721   -34.156142    22.970953
v    49.520373   -25.894221    24.024190
v    50.220582    -8.516110    26.524834
v    50.184793   -21.699415    24.024190
v    51.021315   -11.463964    24.980272
v    49.608903    -1.546743    25.952613
v    45.965501    26.127491    25.952613
v    44.602360    40.282642    24.414792
v    42.157233    44.623774    27.490334
v    41.642610    46.525727    26.989095
v    38.846734    53.275603    26.989095
v    38.270448    55.225836    26.354913
v    38.262517    55.227422    26.365719
v    38.640528    59.121742    20.920492
v    38.533658    59.260931    20.920492
v    37.865868    58.593141    22.829583
v    37.417667    58.645981    23.300486
v    38.283038    61.044811    18.345990
v    36.711312    62.250819    18.345990
v    36.660950    62.245961    18.416279
v    33.453654    63.193815    19.459304
v    29.852682    64.685339    19.459304
v    24.686131    66.083177    20.820958
v    22.084664    65.336771    24.166948
v    20.009815    65.536533    24.392387
v    17.181818    65.908894    24.392387
v    15.247249    66.078617    24.551205
v    14.484882    65.748390    25.356995
v    12.935462    64.909389    27.308219
v    11.192129    64.679886    27.308219
v    11.177853    64.670864    27.321602
v    10.453554    63.929911    28.529196
v     9.831268    63.390702    29.300387
v    -1.082879    58.869932    29.300387
v    -1.217904    58.829980    29.256469
v    -4.876772    56.110737    30.555567
v    -6.037078    55.558740    30.008328
v   -37.793795    31.190939    30.008328
v   -39.674235    30.216814    28.928919
v   -41.290473    28.600575    28.928919
v   -42.671955    25.933876    30.459701
v   -51.511352    14.414098    30.459701
v   -51.474572    14.026966    30.999703
v   -51.482305    14.000595    31.008229
v   -56.810252     3.043720    27.583127
v   -57.524934     1.912164    26.524834
v   -62.817390   -21.669278    16.874393
v   -63.637852   -27.121940    13.996233
v   -63.514624   -28.526123    13.881035
v   -63.502925   -28.719243    13.848122
v   -64.177754   -35.662933     8.965401
v   -64.146427   -36.578864     8.326757
v   -63.741649   -38.074949     7.932487
v   -63.156341   -39.488154     7.932487
v   -62.638050   -41.241896     7.362149
v   -61.854467   -42.296323     7.736592
v   -61.634679   -42.758303     7.518688
v   -58.098345   -47.366909     7.518688
v   -58.048677   -47.462675     7.463765
v   -54.956876   -50.554477     7.463765
v   -53.481710   -51.318728     8.310598
v   -48.439775   -55.187470     8.310598
v   -46.119561   -56.291366     9.404878
v   -45.887083   -56.269258     9.728958
v   -37.549520   -58.733123    12.440369
v   -35.519283   -59.574106    12.440369
v   -27.883018   -61.640033    14.452860
v   -26.920790   -61.672847    15.123922
v   -24.773570   -61.056708    17.885695
v   -12.258848   -62.261922    19.245366
v    -9.719639   -62.596115    19.245366
v     0.589670   -63.500943    20.091802
v     2.171805   -64.186578    18.419550
v     8.011996   -63.673938    17.940022
v     8.037375   -63.670666    17.940022
v    13.342719   -63.159711    17.363637
v    23.643700   -62.959553    13.195896
v    24.525627   -62.929415    12.580847
v    28.005850   -61.987807    11.663627
v    32.711015   -60.038863    11.663627
v    28.777833   -59.859920    14.980668
v    33.624170   -59.769110    11.366710
v    34.211956   -59.332211    11.575394
v    35.522356   -57.671063    13.084961
v    41.250918   -53.275504    13.084961
v    43.106970   -50.718450    14.917320
v    44.122931   -49.702588    14.917320
v    45.728959   -46.602162    16.697036
v    48.324973   -43.218896    16.697036
v    49.240508   -41.294736    17.604541
v    49.348766   -41.149004    17.552791
v    49.664321   -40.081392    17.899971
v    51.275702   -36.191138    17.899971
v    51.338159   -35.960445    17.960742
v    51.285517   -35.777139    18.196590
v    51.967484   -28.695450    18.965897
v    53.073263   -20.295529    18.965897
v    53.372163   -16.889759    19.245564
v    53.155647    22.406563     5.363537
v    56.658770   -16.889759     8.411421
v    57.080996   -15.172202     6.381481
v    57.187371   -14.639834     5.832755
v    56.566175    -7.862100     5.363537
v    52.485973    28.932488     4.781402
v    50.155349    35.248241     9.388123
v    48.260237    39.085953    13.658868
v    41.659860    57.948846    13.658868
v    41.076931    58.589869    14.849609
v    41.047487    58.627640    14.887479
v    39.132349    59.461783    19.187271
v    39.188263    61.586498    14.887479
v    38.731536    61.262319    16.929018
v    38.562705    61.324478    17.207892
v    39.150590    61.684347    14.730148
v    38.503421    62.331517    14.730148
v    38.430555    62.359573    14.847328
v    38.266780    62.128781    15.878755
v    36.845643    62.445227    17.661148
v    36.882820    63.332112    14.847328
v    36.426589    63.407159    15.501339
v    32.804303    64.546943    16.489343
v    30.597304    65.319224    16.489343
v    27.521464    66.191138    17.167840
v    24.677903    66.108259    20.747200
v    21.045604    66.481016    21.071280
v    17.186280    66.915833    21.071280
v    15.922475    67.031725    21.158819
v    15.247249    66.865670    21.956776
v    11.686825    66.464559    21.956776
v    11.677704    66.163974    22.944087
v     7.398235    66.589572    16.558343
v     1.069000    64.374840    16.558343
v     1.120749    64.199267    17.201547
v    -7.204917    63.013384     4.696441
v   -11.095668    61.071677     3.141370
v   -27.458412    50.790325     3.141370
v   -31.832855    48.366611     0.993358
v   -33.876773    45.973134     2.893130
v   -44.325568    35.524438     2.893130
v   -46.617231    32.510955     4.780014
v   -49.251909    25.671260    15.773471
v   -49.317637    25.552494    15.831764
v   -51.758997    14.585308    29.587093
v   -52.353426    20.721127    15.831764
v   -53.054229    19.316745    16.393080
v   -53.992962    13.612273    24.571330
v   -54.168832    13.053237    24.723803
v   -58.101914     1.813324    24.723803
v   -58.129970     1.714187    24.745713
v   -60.020919    -3.410033    21.007931
v   -60.636662    -5.014078    19.574205
v   -64.583822   -31.850997     9.121642
v   -64.543473   -32.290473     9.091207
v   -64.322396   -34.253396     9.091207
v   -64.207496   -38.672054     5.691881
v   -63.637257   -40.301676     5.691881
v   -63.453158   -40.886885     5.532269
v   -63.431745   -41.016656     5.346287
v   -63.382969   -41.114405     5.307227
v   -61.242194   -44.521563     5.307227
v   -60.765937   -45.381085     4.885199
v   -59.459999   -46.943393     5.131655
v   -58.735700   -47.895807     4.535243
v   -54.304849   -52.326758     4.535243
v   -53.603252   -53.148310     3.883117
v   -52.500645   -54.069893     3.709230
v   -51.856053   -54.426986     4.025776
v   -47.397046   -57.228810     4.025776
v   -47.106078   -57.373948     4.141965
v   -45.535343   -57.632498     6.393973
v   -40.038169   -59.362150     7.893229
v   -38.150293   -60.022703     7.893229
v   -32.019828   -61.760584     9.245663
v   -13.077823   -63.093388    16.358779
v    -8.471498   -63.612373    16.358779
v     2.171805   -64.588184    17.095569
v     3.452464   -64.844256    15.775454
v    10.995142   -64.152871    15.253297
v    11.137702   -64.136811    15.253297
v    19.778131   -63.250026    14.482502
v    26.658174   -62.991574     9.896501
v    27.592843   -62.825915     9.360662
v    30.369486   -62.038764     8.748191
v    30.903341   -61.851989     8.748191
v    33.004957   -61.190642     8.174879
v    34.292060   -60.978885     6.329632
v    34.328939   -60.960544     6.314960
v    37.742342   -58.815704     6.314960
v    37.972539   -58.608011     6.509666
v    38.061664   -58.475365     6.747001
v    40.303659   -55.849808     8.830971
v    46.085755   -48.980272    11.673838
v    43.552494   -52.601071     8.830971
v    45.859721   -49.567166    10.730644
v    47.685140   -46.093785    13.091207
v    51.078518   -40.395658    13.669178
v    50.818381   -41.107267    13.091207
v    51.161297   -40.419947    13.365917
v    51.555766   -39.775058    12.805492
v    53.091306   -35.386835    12.805492
v    54.612968   -32.305344     9.376326
v    54.783286   -31.843661     9.039655
v    55.053039   -31.140875     8.411421
v    58.903639   -14.639834   -11.592347
v    58.903639    -7.300783   -18.931496
v    57.278875     9.195995   -18.931496
v    56.566175    15.977496   -18.476059
v    55.916527    21.742738   -18.476059
v    54.826312    26.728760   -13.786260
v    51.436701    37.902846   -13.786260
v    48.932885    45.667493   -12.137702
v    47.381284    49.363637    -7.358481
v    44.950630    54.654903    -2.878557
v    41.775355    58.038565    12.522058
v    44.064341    56.313077    -2.878557
v    41.465154    60.181522     3.110043
v    40.815407    60.965005     5.713096
v    40.626847    60.900070     8.228710
v    39.427085    61.938040    11.848419
v    39.999604    61.780808     7.234956
v    39.425598    62.256866     9.142163
v    39.303956    62.135224    11.446020
v    38.680480    62.524537    12.718351
v    38.511748    62.870825    10.556856
v    38.474473    62.762765    11.999901
v    36.923962    63.385051    14.326262
v    37.205215    63.569248    10.556856
v    36.341232    63.931893    11.673937
v    34.288788    64.593735    12.109745
v    27.709329    66.589572    12.109745
v    27.011104    66.733024    12.868346
v    25.272430    66.915833    12.985229
v    15.801725    67.848618    12.985229
v    15.801725    67.220582    19.361158
v    11.308714    67.848618     8.492119
v     7.809557    67.504016     8.492119
v     7.695648    67.220582    11.254982
v     7.275008    66.773967    14.798751
v    -2.887975    65.275504    -2.798255
v    -5.960940    64.343314    -2.798255
v    -5.971548    64.170716    -0.917022
v    -0.604739    65.774761    -0.650639
v   -15.993953    60.002975   -14.319818
v   -22.733122    56.400814   -14.319818
v   -12.742639    61.496581   -11.567067
v   -25.660752    54.734312   -15.464360
v   -26.867454    53.976109   -15.464360
v   -27.184991    53.739269   -15.217508
v   -33.497175    48.559037   -15.217508
v   -36.278081    46.105681   -13.437296
v   -37.649748    44.734015   -10.878358
v   -40.813721    41.147616    -8.582433
v   -41.287004    40.570834    -8.582433
v   -44.847131    35.798355    -4.872014
v   -47.664718    31.604838     1.619808
v   -48.751364    29.695747     2.366115
v   -50.426986    26.560722     2.366115
v   -54.426490    17.854466     9.737286
v   -55.093289    15.948845     9.737286
v   -55.683851    14.117478    10.126103
v   -61.827502    -6.135422    10.126103
v   -62.580947    -9.581342     6.884901
v   -62.817390   -11.679786     6.884901
v   -63.208487   -15.400020     6.635075
v   -64.828691   -31.850997     6.635075
v   -64.828691   -36.209181     2.276891
v   -64.604343   -38.486567     2.276891
v   -64.543473   -38.511054     2.870626
v   -64.303957   -38.736592     4.771092
v   -64.445822   -39.257857     1.438683
v   -64.088035   -40.437594     1.438683
v   -63.968277   -40.444930     2.744225
v   -64.035591   -40.562507     1.277089
v   -62.304948   -43.800338     1.277089
v   -62.025380   -44.291366     1.085159
v   -61.831170   -44.580550     0.637454
v   -61.699713   -44.756717     0.500545
v   -57.501042   -49.872906     0.500545
v   -56.278082   -51.259047    -0.386835
v   -55.695550   -51.841579    -0.386835
v   -54.908100   -52.536335    -0.891048
v   -51.181621   -55.594628    -0.891048
v   -50.898682   -55.805592    -1.111034
v   -50.793101   -55.865670    -1.069694
v   -48.197582   -57.253000    -1.069694
v   -47.036483   -57.786459    -0.086646
v   -46.367206   -58.067414     0.778725
v   -43.663131   -58.939329     1.352930
v   -39.244275   -60.279767     1.352930
v   -31.902647   -61.885101     8.258452
v   -21.673342   -63.037673     8.258452
v   -16.204620   -63.612373     8.625657
v     1.977298   -65.403193     8.625657
v     3.452464   -65.403193    10.100922
v    16.147517   -64.152871    10.100922
v    19.191237   -63.832954     9.896501
v    31.985427   -61.865471     5.229008
v    33.335779   -61.455835     5.229008
v    34.018341   -61.235750     5.083970
v    36.715575   -60.002578     2.733915
v    35.253495   -60.717261     3.486963
v    36.166056   -60.298107     2.714286
v    36.716071   -60.004066     2.714286
v    40.241004   -57.191435     1.880341
v    37.377913   -59.559335     1.689700
v    40.138793   -57.293547     1.689700
v    41.763558   -55.465551     2.985129
v    47.153069   -48.898484     2.985129
v    48.099832   -47.629127     3.971944
v    48.400219   -47.131854     4.051750
v    48.284030   -47.336077     3.971944
v    53.360564   -37.851790     4.051750
v    53.644295   -37.234163     3.528799
v    55.247646   -33.414494    -1.410132
v    56.290969   -29.975216    -1.410132
v    57.080996   -26.362150    -4.808566
v    58.364034   -20.118767   -11.592347
v    58.525826    -7.300783   -22.767820
v    58.159216    -5.468028   -24.657084
v    57.278875     4.135224   -23.992268
v    56.848717     7.953207   -23.992268
v    55.381978    22.246159   -22.717161
v    55.123427    22.946466   -23.228017
v    52.686528    31.542877   -21.331714
v    51.526718    34.857441   -21.331714
v    48.795777    43.536632   -18.964509
v    48.341529    46.297711   -15.006048
v    47.008031    48.969665   -13.938138
v    44.061069    56.311987    -2.921681
v    45.638843    51.148707   -13.938138
v    44.990285    52.319323   -13.363339
v    43.235452    56.874790    -6.041340
v    43.320413    56.952712    -5.156439
v    41.365917    60.082285     1.230296
v    42.325866    57.784476    -6.041340
v    40.856251    59.974423    -2.126202
v    41.104789    60.245366     0.697631
v    39.936057    61.596313     4.773669
v    38.251215    61.611283    -2.126202
v    38.642610    62.115496     2.832953
v    37.212056    63.458016     9.344305
v    37.708140    61.700606    -2.904729
v    28.880341    64.789631    -2.904729
v    29.060970    65.059781    -0.326162
v    27.775652    66.424805    10.503321
v    23.732032    64.639537    -9.385348
v    11.078914    66.065233    -9.385348
v    11.308714    66.424805    -5.963617
v     9.626747    65.774761   -10.882225
v     3.715475    64.321504   -17.868346
v    -4.676614    63.375930   -17.868346
v    -6.247646    62.772976   -19.272728
v    -8.427679    61.625955   -22.244176
v    -9.174978    61.256965   -23.075841
v   -17.917716    58.197681   -23.075841
v   -18.930505    57.578270   -23.956082
v   -20.390007    56.849907   -23.372658
v   -25.982453    53.335978   -23.372658
v   -27.633192    52.421335   -22.562110
v   -28.502231    52.086548   -21.165362
v   -31.503520    49.804105   -19.286111
v   -33.102608    48.205017   -19.286111
v   -36.122138    45.626451   -16.889363
v   -36.905820    45.100625   -15.488352
v   -39.941807    41.734610   -12.641122
v   -45.991772    32.946466    -9.151185
v   -43.274612    36.430555   -12.641122
v   -48.435115    28.683355    -7.295132
v   -58.088729     0.706652    -8.346089
v   -49.647567    24.830079    -8.346089
v   -60.253495    -6.929612   -10.030634
v   -60.513731    -7.634778    -9.516209
v   -61.021811   -12.585804    -9.957966
v   -63.208487   -31.992962    -9.957966
v   -63.516606   -35.354814   -10.190741
v   -63.632498   -35.933876    -9.593636
v   -64.063251   -36.209181    -5.495291
v   -64.063251   -39.411818    -2.292654
v   -63.380292   -38.171707    -9.593636
v   -63.412413   -39.272530    -8.207991
v   -63.879450   -39.584813    -3.750372
v   -63.683058   -40.584218    -2.564687
v   -63.104393   -40.152771    -8.207991
v   -62.990583   -40.844652    -7.216120
v   -63.249827   -41.045901    -4.666006
v   -59.142164   -46.969367    -7.216120
v   -58.790920   -47.358779    -7.545455
v   -58.360267   -47.925053    -7.190840
v   -52.369685   -53.915635    -7.190840
v   -52.131755   -54.270250    -6.556855
v   -52.054824   -54.339646    -6.491821
v   -50.866760   -55.712899    -2.348369
v   -49.070686   -56.433827    -5.043224
v   -49.675127   -55.834838    -6.491821
v   -49.048281   -56.404978    -5.327154
v   -44.787152   -57.896006    -5.327154
v   -43.668485   -58.448301    -4.082383
v   -39.531179   -59.975117    -1.064539
v   -31.200456   -60.829980    -1.807673
v   -11.607217   -63.037673    -1.807673
v    -2.375037   -63.884010    -2.446813
v     1.977298   -64.754536     2.039457
v    12.030138   -63.832954     2.735402
v    23.766234   -62.510559     2.735402
v    32.192228   -61.645882     3.487063
v    34.088035   -60.946268     2.104194
v    35.664123   -60.168039     0.350253
v    36.685536   -59.810648     0.350253
v    36.703480   -59.799644     0.334589
v    37.368693   -59.532568     1.332805
v    38.356896   -58.296025    -2.737087
v    38.398930   -58.341827    -2.260038
v    40.115198   -57.269952     1.242589
v    38.464658   -58.078319    -3.334986
v    40.107862   -55.629623    -7.712501
v    42.855656   -52.881829    -7.712501
v    43.446219   -52.105285    -8.198771
v    44.466046   -49.457917   -12.453852
v    44.791019   -48.871419   -12.741846
v    52.754933   -36.196788   -12.741846
v    53.053832   -35.597800   -12.981164
v    55.093785   -33.424012    -3.087043
v    53.574304   -32.435412   -17.515020
v    53.777239   -31.790325   -17.690890
v    57.512839   -21.114603   -17.690890
v    57.588778   -20.846635   -17.750075
v    58.360167   -20.120353   -11.630217
v    57.481214   -17.155349   -22.396649
v    57.764351   -14.396154   -22.642709
v    58.360167    -9.107763   -22.642709
v    57.664817    -5.468028   -26.287003
v    56.621494     6.418955   -25.310995
v    56.228513     9.404382   -25.310995
v    54.917915    23.013780   -23.832458
v    53.628533    25.302965   -25.454348
v    51.628037    32.696937   -23.505701
v    49.552197    37.708437   -23.505701
v    47.705761    43.956777   -21.473778
v    47.710817    44.009220   -21.400516
v    46.803708    45.915833   -20.501339
v    42.481313    51.548925   -20.501339
v    42.408844    52.064837   -19.756618
v    43.289185    52.945178   -16.174284
v    41.787648    57.025975    -9.431248
v    37.240012    56.031031   -19.756618
v    38.442550    57.770597   -13.626747
v    37.314167    60.361159    -7.810449
v    33.770200    55.701498   -24.596709
v    24.100823    59.706653   -24.596709
v    24.670566    60.954001   -20.533063
v    23.759493    63.738575   -12.345098
v    18.272133    58.034302   -32.093487
v    16.482998    58.206603   -32.287896
v     3.470209    59.919799   -32.287896
v     3.715475    60.770696   -29.573907
v     3.374641    59.878359   -32.388917
v     1.369783    58.792803   -34.913652
v    -8.984634    57.429663   -34.913652
v    -9.006940    57.427482   -34.911173
v   -10.221672    57.776049   -33.348865
v   -10.275404    57.893626   -32.965798
v   -18.904233    57.488947   -24.282939
v   -17.520175    54.752851   -33.348865
v   -19.993655    54.987807   -29.898484
v   -21.252801    54.388818   -29.304551
v   -26.110935    50.661050   -29.304551
v   -28.399227    50.339448   -26.002082
v   -29.527511    49.520473   -25.193517
v   -37.464460    39.596313   -24.452464
v   -36.648855    40.239715   -25.193517
v   -38.162388    38.657282   -24.118965
v   -50.473382     7.219491   -26.066621
v   -39.932091    32.668286   -26.066621
v   -54.828196    -5.154555   -25.983643
v   -52.890355    -1.714187   -28.421037
v   -55.083276    -7.803609   -26.271439
v   -58.189453   -31.396550   -26.271439
v   -58.226332   -31.464856   -26.185487
v   -59.681274   -34.822644   -22.636463
v   -61.527313   -35.354814   -16.748389
v   -61.950928   -38.215228   -14.289680
v   -60.113018   -37.436701   -20.252404
v   -61.873303   -38.240607   -14.517795
v   -59.581145   -35.583028   -22.636463
v   -61.801627   -39.769704   -12.979280
v   -59.379202   -39.208288   -20.252404
v   -59.446219   -39.914048   -19.267771
v   -60.228414   -40.454843   -16.511252
v   -58.705265   -47.297909    -7.928522
v   -53.758006   -49.118272   -16.103202
v   -53.989690   -47.025281   -19.267771
v   -53.703282   -49.063449   -16.326163
v   -52.121543   -53.565878    -8.753941
v   -50.182414   -53.997522   -11.186081
v   -50.441163   -51.566572   -16.326163
v   -49.661446   -53.243978   -13.841578
v   -49.557054   -55.433331    -7.962427
v   -45.531080   -55.622089   -12.013582
v   -45.274810   -55.060970   -13.841578
v   -45.249629   -55.053733   -13.873798
v   -41.065134   -55.456727   -14.328443
v   -16.633885   -58.673145   -14.328443
v    -7.271339   -59.494895   -15.097155
v    -2.375037   -61.616438    -9.921979
v    10.246258   -60.508675    -8.885794
v    31.381283   -57.726183    -8.885794
v    36.139388   -57.268069    -8.368792
v    36.415288   -57.872213    -6.400615
v    38.377020   -57.780213    -4.426688
v    37.171707   -56.373353    -9.648161
v    39.112522   -55.569546    -9.648161
v    39.252008   -55.771291    -8.937147
v    40.077923   -55.587490    -7.901259
v    41.584515   -50.251017   -17.526420
v    41.754338   -50.120651   -17.526420
v    41.999208   -50.365521   -16.529989
v    42.815109   -42.572123   -28.420641
v    43.051056   -42.116487   -28.682166
v    47.620106   -36.161991   -28.682166
v    48.300189   -34.732627   -29.356301
v    48.203034   -33.710222   -30.782394
v    48.250620   -33.549321   -30.834738
v    53.374840   -21.178448   -30.834738
v    54.326361   -20.080401   -29.473977
v    55.550710   -17.906613   -27.933876
v    55.646080   -17.755725   -27.792803
v    56.877169    -8.404580   -27.792803
v    57.000298    -7.001685   -27.908001
v    56.377021    -7.001685   -29.074155
v    55.325767     5.861703   -27.872410
v    53.904928    14.832755   -27.872410
v    52.999902    25.413205   -26.523645
v    49.828195    29.613463   -29.150392
v    49.283137    31.794588   -28.493110
v    42.532072    45.044216   -28.493110
v    42.488253    45.075048   -28.525727
v    41.805096    50.872708   -22.434520
v    41.266383    45.136315   -29.908001
v    38.823932    46.291663   -31.440865
v    33.762963    51.352633   -31.440865
v    34.100328    51.780609   -30.529296
v    33.433331    54.953803   -26.224249
v    29.130763    50.038466   -37.023893
v    26.419451    50.764153   -38.020423
v    19.446020    54.317241   -38.020423
v    18.900070    54.453753   -38.184892
v    16.723506    53.291862   -40.821157
v    10.728760    53.804601   -41.585408
v     3.623674    54.930010   -41.585408
v     1.369783    55.114108   -41.795976
v     1.281352    55.054526   -41.885695
v     0.565877    54.996035   -41.818777
v    -5.780212    53.990979   -41.818777
v    -8.608704    53.748985   -41.458214
v    -9.539506    54.245862   -40.330922
v    -9.557847    54.285616   -40.256271
v   -17.471895    54.645683   -33.582037
v   -15.914940    50.997423   -40.330922
v   -16.854566    50.745911   -39.985527
v   -17.629523    50.965798   -39.051552
v   -18.115694    51.582731   -37.737782
v   -26.092595    50.642709   -29.357094
v   -27.081491    42.250819   -38.173789
v   -26.365818    42.229504   -39.051552
v   -26.796174    42.025975   -38.781402
v   -39.119263    14.805393   -41.131160
v   -28.507089    35.632993   -41.131160
v   -41.208189     6.447903   -43.649649
v   -46.529197    -0.598691   -39.242987
v   -50.256569   -25.521860   -39.628037
v   -50.498762   -25.795678   -39.280064
v   -46.787450    -3.618915   -39.628037
v   -53.918807   -30.874393   -34.132547
v   -56.176961   -31.396550   -30.036483
v   -57.200754   -35.414395   -27.131457
v   -53.568951   -33.083276   -34.132547
v   -54.093091   -34.065233   -32.943195
v   -57.057996   -35.439378   -27.374244
v   -57.184595   -38.219590   -25.029642
v   -52.311689   -37.561416   -32.943195
v   -52.394568   -37.853277   -32.591356
v   -53.770002   -38.937346   -29.662239
v   -52.940518   -45.976109   -22.267077
v   -47.982553   -43.576386   -31.029841
v   -50.134530   -46.306732   -25.215228
v   -48.051750   -42.196095   -32.591356
v   -49.478141   -49.429068   -20.979181
v   -44.450977   -45.375831   -31.029841
v   -46.261625   -49.282642   -23.691782
v   -42.513632   -44.341728   -33.376326
v   -36.539309   -44.852682   -34.138000
v   -13.666799   -48.475365   -34.138000
v    -9.773768   -48.793497   -34.501636
v    -7.271339   -50.478537   -31.965401
v     0.458808   -49.846833   -31.243284
v    25.675821   -45.852881   -31.243284
v    36.983841   -44.885695   -29.801725
v    38.581640   -48.333004   -23.326559
v    40.765243   -48.432439   -21.485080
v    37.316646   -44.421930   -30.248736
v    41.625955   -42.226332   -30.248736
v    41.976307   -42.670864   -29.301775
v    41.845247   -37.852187   -35.196888
v    42.039854   -37.440766   -35.455042
v    43.810747   -35.669972   -35.455042
v    44.320116   -34.526421   -36.050362
v    44.189353   -34.065729   -36.605731
v    44.388620   -33.321503   -36.879251
v    47.751860   -26.720730   -36.879251
v    47.933975   -26.590067   -36.703778
v    51.616438   -21.713295   -33.654011
v    51.864975   -21.443145   -33.403193
v    53.488253   -11.194508   -33.403193
v    53.761674   -10.885496   -33.010410
v    50.082880   -11.194508   -37.552692
v    49.213840     0.426886   -36.368693
v    45.214732    20.531675   -36.368693
v    44.534352    30.139487   -34.984932
v    40.338654    34.701497   -37.157233
v    38.662834    35.452365   -38.234659
v    31.082483    46.797165   -38.234659
v    29.290572    47.590067   -39.172599
v    28.706851    47.409736   -39.695946
v    24.295430    48.477943   -41.420641
v    21.525033    50.329038   -41.420641
v    17.417964    51.262418   -42.766334
v    16.875583    51.761278   -42.508080
v     9.550907    52.279965   -43.563102
v     7.375434    52.712700   -43.563102
v     1.281352    53.168435   -44.183901
v     1.075047    52.983643   -44.369189
v    -1.984435    52.754933   -44.057500
v    -5.156043    52.124022   -44.057500
v    -8.795678    51.866363   -43.533261
v   -10.051948    50.711015   -44.131457
v   -10.794488    50.542184   -43.888174
v   -17.144939    46.298999   -43.888174
v   -17.179043    46.221771   -43.928622
v   -20.808368    42.592446   -43.928622
v   -21.240805    40.806385   -44.626847
v   -28.059681    30.601170   -44.626847
v   -30.815010    21.747200   -46.665511
v   -37.727967     9.537425   -45.862398
v   -40.505106     6.517696   -44.424607
v   -29.233271    25.437593   -46.318827
v   -40.857243     1.544959   -45.140875
v   -43.743631   -12.966194   -45.140875
v   -46.146724   -19.877764   -43.546546
v   -47.804799   -23.250818   -42.177159
v   -49.838407   -25.521860   -40.137504
v   -43.744622   -12.978686   -45.142065
v   -49.805989   -25.956380   -40.093289
v   -52.055419   -32.864480   -36.019035
v   -48.789532   -32.305840   -39.816001
v   -50.191039   -33.049668   -38.073858
v   -48.924359   -30.388322   -40.093289
v   -48.788640   -32.304551   -39.817290
v   -50.488550   -36.396154   -35.748984
v   -46.322792   -35.997621   -39.816001
v   -46.952117   -36.627144   -38.852583
v   -46.724101   -40.118668   -35.788342
v   -42.966393   -39.784575   -38.398930
v   -45.994350   -35.896303   -40.110341
v   -45.695252   -35.968673   -40.227323
v   -42.185685   -38.313771   -40.227323
v   -21.314762   -39.895113   -43.117082
v   -41.211957   -37.616537   -41.228909
v   -28.102608   -38.544959   -43.117082
v   -10.496084   -40.704075   -44.219194
v    -9.773768   -41.350947   -43.570537
v     7.812135   -40.035888   -41.778924
v    15.307624   -38.544860   -41.778924
v    37.487757   -36.974225   -38.584317
v    37.860118   -37.240806   -38.201349
v    38.003272   -37.510559   -37.865967
v    41.678894   -34.689204   -38.201349
v    42.228215   -34.556162   -37.986617
v    42.615942   -34.168435   -37.986617
v    42.701894   -33.813424   -38.125410
v    44.229107   -31.527709   -38.125410
v    44.384456   -30.844057   -38.349460
v    45.308814   -29.211461   -38.242094
v    47.584218   -26.737385   -37.064043
v    47.865471   -22.766333   -37.635968
v    49.417865   -14.961634   -37.635968
v    49.664619   -11.661644   -37.972143
v    47.288987   -11.661644   -39.921781
v    44.852286    -9.386339   -41.550115
v    41.185289    -2.819570   -43.487559
v    40.470705     7.393675   -42.406762
v    35.667295    25.320512   -42.406762
v    35.097849    35.601170   -40.810152
v    28.439973    42.113612   -42.524240
v    28.307128    42.700605   -42.331417
v    22.667989    48.339745   -42.331417
v    19.245167    49.336176   -43.290573
v    17.420542    51.201547   -42.810351
v    19.883117    48.970061   -43.245862
v    10.386141    51.591158   -43.902747
v     8.811639    52.013087   -43.902747
v     1.075047    52.554378   -44.721523
v     0.371171    51.894717   -45.148013
v    -3.726777    51.608011   -44.714386
v     0.554873    51.997324   -45.093785
v    -6.539804    50.854269   -44.714386
v   -10.054129    50.659563   -44.168634
v   -15.488748    46.078220   -44.874691
v   -14.264301    46.355409   -45.276693
v   -21.203232    40.363637   -44.874691
v   -21.552394    38.820958   -45.381184
v   -39.815506    -1.339943   -46.466641
v   -37.943393     5.646872   -46.466641
v   -40.183702    -6.601963   -47.023496
v   -47.568158   -26.632597   -41.819273
v   -46.793299   -32.387926   -41.258749
v   -46.993259   -28.778329   -41.819273
v   -45.780609   -33.378507   -41.519481
v   -43.137306   -35.751562   -41.658868
v   -45.421831   -33.467037   -41.658868
v   -41.894816   -36.032815   -42.066819
v   -41.250521   -36.691485   -41.897294
v   -26.457024   -37.950630   -43.873402
v   -28.526321   -37.396253   -43.873402
v   -10.496084   -39.425697   -45.268366
v   -10.854070   -39.042332   -45.524537
v    13.162883   -37.770398   -42.764648
v    37.531873   -35.917915   -39.347478
v    15.528304   -37.136612   -42.764648
v    38.416378   -35.013681   -39.580252
v    40.349163   -34.576287   -38.945574
v    42.247448   -32.677903   -38.945574
v    42.598196   -32.591356   -38.809359
v    45.607218   -23.823337   -39.078815
v    46.731735   -19.626748   -39.078815
v    34.700407     2.755824   -46.155349
v    33.458809    19.089521   -44.479628
v    27.235254    34.114405   -44.479628
v    26.795678    42.057500   -43.245862
v    13.605730    49.648261   -44.166552
v     9.593338    51.310202   -44.166552
v    -0.867156    50.454447   -45.740459
v    -4.609299    50.170022   -45.356598
v   -14.258055    46.173392   -45.356598
v   -14.297710    46.075643   -45.381184
v   -30.925846    19.743829   -46.976604
v   -37.400020     4.113711   -46.976604
v   -39.390701    -5.920194   -47.349758
v   -37.967682    -3.353227   -47.742640
v   -45.739170   -25.239913   -42.996333
v   -43.842769   -33.413106   -42.351939
v   -44.072371   -29.264004   -42.996333
v   -41.872609   -35.383266   -42.351939
v   -30.460395   -36.014871   -44.124517
v   -27.771488   -37.128681   -44.124517
v   -10.854070   -38.635175   -45.742144
v   -11.056905   -38.399128   -45.839299
v    14.350848   -36.719243   -43.156340
v    38.389809   -34.238030   -39.920691
v    17.557351   -35.391098   -43.156340
v    40.025875   -32.602063   -39.920691
v    40.235948   -28.805096   -40.510460
v    44.081987   -19.519976   -40.510460
v    32.149103     2.755824   -46.929217
v    25.219193     9.089422   -48.235551
v    23.619411    21.156241   -47.204720
v    -0.841281    45.617032   -47.204720
v    -0.867156    45.620403   -47.206901
v    -3.264796    42.997027   -47.701399
v   -29.458611    14.485774   -48.082384
v    -4.040349    39.904035   -48.082384
v   -30.976505     3.036384   -49.060574
v   -38.800536   -10.371468   -46.969367
v   -16.932091   -32.239913   -46.969367
v   -11.056905   -33.018837   -47.471400
v   -10.093487   -31.964608   -47.670071
v     0.327055   -30.583127   -46.779816
v    31.917221     1.007039   -46.779816
v    -4.040349     9.089422   -51.117380
v   -10.093487     3.036384   -51.117380
f      1      2      3
f      1      3      4
f      5      6      7
f      5      7      8
f      5      8      9
f     10      8      7
f     10      7     11
f     10     11     12
f      9      8     10
f      9     10     13
f     14     15     16
f     14     16     17
f     14     17     18
f     14     18     19
f     16     20      1
f     16      1      4
f     16      4     17
f     21     22     23
f     21     23     20
f     21     20     16
f     21     16     15
f     23     24     25
f     23     25      2
f     23      2      1
f     23      1     20
f      3      2     25
f      3     25      6
f      3      6      5
f     26     27     28
f     26     28     29
f     26     29     11
f     26     11      7
f     26      7      6
f     26      6     25
f     26     25     24
f     30     29     28
f     30     28     31
f     12     11     29
f     12     29     30
f     12     30     32
f     12     32     33
f     34     32     30
f     34     30     31
f     34     31     35
f     34     35     36
f     37     33     32
f     37     32     34
f     37     34     38
f     39     13     10
f     39     10     12
f     39     12     33
f     39     33     37
f     17      4      3
f     17      3      5
f     17      5      9
f     17      9     13
f     17     13     39
f     17     39     18
f     40     41     42
f     40     42     43
f     42     41     44
f     42     44     21
f     42     21     15
f     42     15     14
f     45     46     47
f     45     47     48
f     45     48     44
f     45     44     41
f     45     41     40
f     48     49     50
f     48     50     22
f     48     22     21
f     48     21     44
f     47     51     49
f     47     49     48
f     52     53     54
f     52     54     50
f     52     50     49
f     52     49     51
f     50     54     55
f     50     55     56
f     50     56     26
f     50     26     24
f     50     24     23
f     50     23     22
f     55     57     58
f     55     58     56
f     56     58     59
f     56     59     60
f     56     60     61
f     56     61     27
f     56     27     26
f     59     62     63
f     59     63     64
f     59     64     65
f     59     65     60
f     61     60     65
f     61     65     66
f     61     66     67
f     31     28     27
f     31     27     61
f     31     61     67
f     31     67     68
f     31     68     35
f     68     67     66
f     68     66     69
f     68     69     70
f     68     70     71
f     68     71     72
f     36     35     68
f     36     68     72
f     36     72     73
f     36     73     74
f     73     72     71
f     73     71     75
f     76     74     73
f     76     73     75
f     76     75     77
f     76     77     78
f     79     38     34
f     79     34     36
f     79     36     74
f     79     74     76
f     80     81     79
f     80     79     76
f     80     76     78
f     80     78     82
f     80     82     83
f     19     18     39
f     19     39     37
f     19     37     38
f     19     38     79
f     19     79     81
f     84     43     42
f     84     42     14
f     84     14     19
f     84     19     81
f     84     81     80
f     84     80     85
f     86     87     84
f     86     84     85
f     86     85     88
f     86     88     89
f     90     91     45
f     90     45     40
f     90     40     43
f     90     43     84
f     90     84     87
f     92     93     94
f     92     94     95
f     92     95     91
f     92     91     90
f     95     96     46
f     95     46     45
f     95     45     91
f     94     97     98
f     94     98     96
f     94     96     95
f     98     99     52
f     98     52     51
f     98     51     47
f     98     47     46
f     98     46     96
f    100    101    102
f    100    102    103
f    100    103     99
f    100     99     98
f    100     98     97
f    102    104    105
f    102    105    103
f    103    105    106
f    103    106    107
f    103    107     53
f    103     53     52
f    103     52     99
f    107    108     57
f    107     57     55
f    107     55     54
f    107     54     53
f    109    110     62
f    109     62     59
f    109     59     58
f    109     58     57
f    109     57    108
f    111    112     63
f    111     63     62
f    111     62    110
f     64     63    112
f     64    112    113
f     64    113    114
f     64    114    115
f     64    115    116
f    114    117    118
f    114    118    119
f    114    119    115
f    116    115    119
f    116    119    120
f    116    120    121
f    116    121    122
f    116    122    123
f    116    123    124
f    116    124    125
f    116    125    126
f    116    126    127
f     66     65     64
f     66     64    116
f     66    116    127
f     66    127    128
f     66    128     69
f    128    127    126
f    128    126    129
f    128    129    130
f    128    130    131
f    128    131    132
f     70     69    128
f     70    128    132
f     70    132    133
f    133    132    131
f    133    131    134
f    133    134    135
f    133    135    136
f    133    136    137
f     75     71     70
f     75     70    133
f     75    133    137
f     75    137    138
f     75    138    139
f     75    139     77
f    137    136    140
f    137    140    141
f    137    141    142
f    137    142    138
f    139    138    142
f    139    142    143
f    139    143    144
f    139    144    145
f     78     77    139
f     78    139    145
f     78    145    146
f     78    146    147
f     78    147     82
f    148    147    146
f    148    146    149
f    148    149    150
f    148    150    151
f     83     82    147
f     83    147    148
f     83    148    152
f    153    152    148
f    153    148    151
f    153    151    154
f    153    154    155
f    153    155    156
f     88     85     80
f     88     80     83
f     88     83    152
f     88    152    153
f     88    153    157
f    158     89     88
f    158     88    157
f    158    157    159
f    158    159    160
f    161    162     86
f    161     86     89
f    161     89    158
f    163    164     92
f    163     92     90
f    163     90     87
f    163     87     86
f    163     86    162
f    165    166    167
f    165    167    168
f    165    168    164
f    165    164    163
f    168    169     93
f    168     93     92
f    168     92    164
f    167    170    171
f    167    171    172
f    167    172    169
f    167    169    168
f    172    173    100
f    172    100     97
f    172     97     94
f    172     94     93
f    172     93    169
f    171    174    175
f    171    175    176
f    171    176    177
f    171    177    178
f    171    178    173
f    171    173    172
f    178    179    180
f    178    180    101
f    178    101    100
f    178    100    173
f    177    181    182
f    177    182    183
f    177    183    184
f    177    184    179
f    177    179    178
f    184    185    186
f    184    186    180
f    184    180    179
f    180    186    187
f    180    187    188
f    180    188    104
f    180    104    102
f    180    102    101
f    188    189    190
f    188    190    106
f    188    106    105
f    188    105    104
f    106    190    191
f    106    191    109
f    106    109    108
f    106    108    107
f    191    192    193
f    191    193    111
f    191    111    110
f    191    110    109
f    193    194    195
f    193    195    113
f    193    113    112
f    193    112    111
f    113    195    196
f    113    196    117
f    113    117    114
f    119    118    197
f    119    197    198
f    119    198    120
f    120    198    199
f    120    199    200
f    120    200    201
f    120    201    121
f    124    202    203
f    124    203    204
f    124    204    205
f    124    205    206
f    124    206    125
f    126    125    206
f    126    206    207
f    126    207    208
f    126    208    129
f    207    209    210
f    207    210    211
f    207    211    212
f    207    212    208
f    129    208    212
f    129    212    213
f    129    213    214
f    129    214    215
f    129    215    216
f    129    216    130
f    216    215    217
f    216    217    218
f    131    130    216
f    131    216    218
f    131    218    219
f    131    219    220
f    131    220    134
f    134    220    221
f    134    221    222
f    134    222    223
f    134    223    135
f    135    223    224
f    135    224    140
f    135    140    136
f    140    224    225
f    140    225    226
f    140    226    141
f    142    141    226
f    142    226    227
f    142    227    228
f    142    228    229
f    142    229    143
f    144    143    229
f    144    229    230
f    149    231    232
f    149    232    233
f    149    233    150
f    151    150    233
f    151    233    234
f    151    234    235
f    151    235    154
f    154    235    236
f    154    236    237
f    154    237    155
f    156    155    237
f    156    237    238
f    156    238    239
f    156    239    240
f    240    239    241
f    240    241    242
f    240    242    243
f    159    157    153
f    159    153    156
f    159    156    240
f    159    240    243
f    159    243    244
f    245    160    159
f    245    159    244
f    245    244    246
f    245    246    247
f    248    249    161
f    248    161    158
f    248    158    160
f    248    160    245
f    250    251    165
f    250    165    163
f    250    163    162
f    250    162    161
f    250    161    249
f    252    253    166
f    252    166    165
f    252    165    251
f    254    255    170
f    254    170    167
f    254    167    166
f    254    166    253
f    256    257    258
f    256    258    255
f    256    255    254
f    258    259    174
f    258    174    171
f    258    171    170
f    258    170    255
f    260    261    262
f    260    262    259
f    260    259    258
f    260    258    257
f    262    263    175
f    262    175    174
f    262    174    259
f    175    263    264
f    175    264    265
f    175    265    266
f    175    266    176
f    176    266    267
f    176    267    181
f    176    181    177
f    267    268    269
f    267    269    270
f    267    270    271
f    267    271    182
f    267    182    181
f    182    271    272
f    182    272    273
f    182    273    274
f    182    274    183
f    183    274    275
f    183    275    185
f    183    185    184
f    275    276    187
f    275    187    186
f    275    186    185
f    187    276    277
f    187    277    278
f    187    278    189
f    187    189    188
f    278    279    280
f    278    280    192
f    278    192    191
f    278    191    190
f    278    190    189
f    280    281    282
f    280    282    283
f    280    283    194
f    280    194    193
f    280    193    192
f    283    284    285
f    283    285    196
f    283    196    195
f    283    195    194
f    196    285    286
f    196    286    197
f    196    197    118
f    196    118    117
f    197    286    199
f    197    199    198
f    121    201    287
f    121    287    122
f    122    287    288
f    122    288    123
f    204    289    290
f    204    290    291
f    204    291    205
f    206    205    291
f    206    291    292
f    206    292    209
f    206    209    207
f    210    293    294
f    210    294    295
f    210    295    296
f    210    296    211
f    212    211    296
f    212    296    297
f    212    297    298
f    212    298    213
f    213    298    299
f    213    299    300
f    213    300    214
f    214    300    301
f    214    301    302
f    214    302    303
f    214    303    217
f    214    217    215
f    218    217    303
f    218    303    304
f    218    304    305
f    218    305    306
f    218    306    219
f    219    306    307
f    219    307    221
f    219    221    220
f    221    307    308
f    221    308    309
f    221    309    310
f    221    310    311
f    221    311    222
f    222    311    312
f    222    312    225
f    222    225    224
f    222    224    223
f    226    225    312
f    226    312    313
f    226    313    314
f    226    314    227
f    228    227    314
f    228    314    315
f    228    315    316
f    228    316    317
f    230    229    228
f    230    228    317
f    230    317    318
f    319    320    321
f    319    321    322
f    319    322    323
f    323    322    324
f    323    324    325
f    323    325    326
f    323    326    232
f    323    232    231
f    233    232    326
f    233    326    327
f    233    327    328
f    233    328    234
f    234    328    329
f    234    329    330
f    234    330    236
f    234    236    235
f    237    236    330
f    237    330    331
f    237    331    332
f    237    332    238
f    238    332    333
f    238    333    334
f    238    334    241
f    238    241    239
f    242    241    334
f    242    334    335
f    242    335    336
f    242    336    337
f    244    243    242
f    244    242    337
f    244    337    338
f    244    338    246
f    247    246    338
f    247    338    339
f    247    339    340
f    341    248    245
f    341    245    247
f    341    247    340
f    341    340    342
f    341    342    343
f    341    343    344
f    341    344    345
f    346    347    348
f    346    348    250
f    346    250    249
f    346    249    248
f    346    248    341
f    348    349    350
f    348    350    252
f    348    252    251
f    348    251    250
f    350    351    352
f    350    352    256
f    350    256    254
f    350    254    253
f    350    253    252
f    353    354    352
f    353    352    351
f    352    354    355
f    352    355    260
f    352    260    257
f    352    257    256
f    356    357    358
f    356    358    359
f    356    359    355
f    356    355    354
f    356    354    353
f    359    360    261
f    359    261    260
f    359    260    355
f    358    361    362
f    358    362    360
f    358    360    359
f    362    363    264
f    362    264    263
f    362    263    262
f    362    262    261
f    362    261    360
f    364    365    366
f    364    366    265
f    364    265    264
f    364    264    363
f    265    366    367
f    265    367    268
f    265    268    267
f    265    267    266
f    367    368    369
f    367    369    370
f    367    370    269
f    367    269    268
f    269    370    371
f    269    371    372
f    269    372    270
f    270    372    272
f    270    272    271
f    272    372    371
f    272    371    373
f    272    373    374
f    272    374    375
f    272    375    273
f    273    375    277
f    273    277    276
f    273    276    275
f    273    275    274
f    374    376    377
f    374    377    378
f    374    378    279
f    374    279    278
f    374    278    277
f    374    277    375
f    378    379    380
f    378    380    281
f    378    281    280
f    378    280    279
f    380    381    382
f    380    382    383
f    380    383    282
f    380    282    281
f    282    383    384
f    282    384    385
f    282    385    284
f    282    284    283
f    384    386    387
f    384    387    388
f    384    388    385
f    199    286    285
f    199    285    284
f    199    284    385
f    199    385    388
f    199    388    389
f    199    389    200
f    200    389    390
f    200    390    391
f    200    391    288
f    200    288    287
f    200    287    201
f    123    288    391
f    123    391    392
f    123    392    202
f    123    202    124
f    392    393    203
f    392    203    202
f    291    290    394
f    291    394    395
f    291    395    396
f    291    396    292
f    292    396    293
f    292    293    210
f    292    210    209
f    294    397    398
f    294    398    295
f    296    295    398
f    296    398    399
f    296    399    297
f    297    399    400
f    297    400    401
f    297    401    402
f    297    402    299
f    297    299    298
f    299    402    403
f    299    403    404
f    299    404    301
f    299    301    300
f    301    404    405
f    301    405    406
f    301    406    302
f    303    302    406
f    303    406    407
f    303    407    408
f    303    408    409
f    303    409    304
f    304    409    410
f    304    410    411
f    304    411    412
f    304    412    305
f    305    412    413
f    305    413    308
f    305    308    307
f    305    307    306
f    308    413    414
f    308    414    415
f    308    415    309
f    312    311    310
f    312    310    416
f    312    416    313
f    314    313    416
f    314    416    417
f    314    417    418
f    314    418    315
f    316    315    418
f    316    418    419
f    316    419    420
f    316    420    421
f    318    317    316
f    318    316    421
f    318    421    422
f    423    424    425
f    423    425    426
f    423    426    321
f    423    321    320
f    321    426    427
f    321    427    324
f    321    324    322
f    324    427    428
f    324    428    429
f    324    429    430
f    324    430    431
f    324    431    432
f    324    432    325
f    326    325    432
f    326    432    433
f    326    433    327
f    434    329    328
f    434    328    327
f    434    327    433
f    434    433    435
f    434    435    436
f    330    329    434
f    330    434    437
f    330    437    331
f    438    333    332
f    438    332    331
f    438    331    437
f    438    437    439
f    438    439    440
f    334    333    438
f    334    438    335
f    336    335    438
f    336    438    440
f    336    440    441
f    336    441    442
f    338    337    336
f    338    336    442
f    338    442    443
f    338    443    444
f    338    444    339
f    340    339    444
f    340    444    445
f    340    445    342
f    345    344    446
f    345    446    447
f    345    447    448
f    345    448    449
f    345    449    450
f    345    450    451
f    345    451    346
f    345    346    341
f    451    452    453
f    451    453    454
f    451    454    347
f    451    347    346
f    454    455    456
f    454    456    349
f    454    349    348
f    454    348    347
f    457    458    459
f    457    459    460
f    457    460    456
f    457    456    455
f    456    460    461
f    456    461    356
f    456    356    353
f    456    353    351
f    456    351    350
f    456    350    349
f    459    462    463
f    459    463    464
f    459    464    461
f    459    461    460
f    461    464    465
f    461    465    357
f    461    357    356
f    463    466    467
f    463    467    465
f    463    465    464
f    465    467    468
f    465    468    361
f    465    361    358
f    465    358    357
f    469    470    468
f    469    468    467
f    469    467    466
f    468    470    471
f    468    471    364
f    468    364    363
f    468    363    362
f    468    362    361
f    472    473    365
f    472    365    364
f    472    364    471
f    474    368    367
f    474    367    366
f    474    366    365
f    474    365    473
f    475    476    369
f    475    369    368
f    475    368    474
f    477    478    479
f    477    479    476
f    477    476    475
f    479    480    373
f    479    373    371
f    479    371    370
f    479    370    369
f    479    369    476
f    481    482    483
f    481    483    480
f    481    480    479
f    481    479    478
f    481    478    484
f    373    480    483
f    373    483    376
f    373    376    374
f    485    486    377
f    485    377    376
f    485    376    483
f    485    483    482
f    485    482    487
f    377    486    488
f    377    488    489
f    377    489    490
f    377    490    379
f    377    379    378
f    490    491    492
f    490    492    493
f    490    493    379
f    379    493    494
f    379    494    381
f    379    381    380
f    494    495    496
f    494    496    497
f    494    497    382
f    494    382    381
f    382    497    498
f    382    498    386
f    382    386    384
f    382    384    383
f    498    499    500
f    498    500    387
f    498    387    386
f    388    387    500
f    388    500    501
f    388    501    502
f    388    502    390
f    388    390    389
f    391    390    502
f    391    502    503
f    391    503    393
f    391    393    392
f    203    393    503
f    203    503    504
f    203    504    505
f    203    505    289
f    203    289    204
f    505    506    507
f    505    507    394
f    505    394    290
f    505    290    289
f    394    507    508
f    394    508    509
f    394    509    510
f    394    510    395
f    395    510    511
f    395    511    397
f    395    397    294
f    395    294    293
f    395    293    396
f    509    512    513
f    509    513    514
f    509    514    511
f    509    511    510
f    398    397    511
f    398    511    514
f    398    514    400
f    398    400    399
f    400    514    513
f    400    513    515
f    400    515    516
f    400    516    401
f    401    516    517
f    401    517    403
f    401    403    402
f    403    517    518
f    403    518    519
f    403    519    520
f    403    520    405
f    403    405    404
f    406    405    520
f    406    520    521
f    406    521    522
f    406    522    407
f    407    522    523
f    407    523    524
f    407    524    408
f    408    524    525
f    408    525    526
f    408    526    410
f    408    410    409
f    410    526    527
f    410    527    528
f    410    528    529
f    410    529    411
f    411    529    530
f    411    530    414
f    411    414    413
f    411    413    412
f    415    414    530
f    415    530    531
f    415    531    532
f    416    310    309
f    416    309    415
f    416    415    532
f    416    532    533
f    416    533    534
f    416    534    417
f    418    417    534
f    418    534    535
f    418    535    536
f    418    536    419
f    420    419    536
f    420    536    537
f    422    421    420
f    422    420    537
f    422    537    538
f    422    538    423
f    422    423    320
f    422    320    319
f    539    540    425
f    539    425    424
f    425    540    541
f    425    541    428
f    425    428    427
f    425    427    426
f    542    429    428
f    542    428    541
f    542    541    543
f    542    543    544
f    542    544    545
f    430    429    542
f    546    431    430
f    546    430    542
f    546    542    545
f    546    545    547
f    546    547    548
f    433    432    431
f    433    431    546
f    433    546    549
f    433    549    435
f    436    435    549
f    436    549    550
f    436    550    551
f    552    439    437
f    552    437    434
f    552    434    436
f    552    436    551
f    552    551    553
f    440    439    552
f    440    552    554
f    440    554    441
f    442    441    554
f    442    554    555
f    442    555    443
f    444    443    555
f    444    555    556
f    444    556    557
f    444    557    445
f    342    445    557
f    342    557    558
f    342    558    343
f    343    558    559
f    343    559    446
f    343    446    344
f    447    560    561
f    447    561    562
f    447    562    448
f    449    448    562
f    449    562    563
f    449    563    564
f    449    564    450
f    450    564    565
f    450    565    566
f    450    566    452
f    450    452    451
f    566    567    568
f    566    568    569
f    566    569    453
f    566    453    452
f    453    569    570
f    453    570    571
f    453    571    457
f    453    457    455
f    453    455    454
f    570    572    573
f    570    573    574
f    570    574    575
f    570    575    571
f    571    575    576
f    571    576    458
f    571    458    457
f    574    577    578
f    574    578    579
f    574    579    576
f    574    576    575
f    576    579    580
f    576    580    462
f    576    462    459
f    576    459    458
f    578    581    582
f    578    582    580
f    578    580    579
f    580    582    583
f    580    583    469
f    580    469    466
f    580    466    463
f    580    463    462
f    584    585    586
f    584    586    583
f    584    583    582
f    584    582    581
f    583    586    587
f    583    587    472
f    583    472    471
f    583    471    470
f    583    470    469
f    588    589    590
f    588    590    587
f    588    587    586
f    588    586    585
f    587    590    477
f    587    477    475
f    587    475    474
f    587    474    473
f    587    473    472
f    591    484    478
f    591    478    477
f    591    477    590
f    591    590    589
f    592    593    481
f    592    481    484
f    592    484    591
f    594    487    482
f    594    482    481
f    594    481    593
f    595    596    597
f    595    597    485
f    595    485    487
f    595    487    594
f    597    598    599
f    597    599    488
f    597    488    486
f    597    486    485
f    599    600    601
f    599    601    602
f    599    602    489
f    599    489    488
f    489    602    603
f    489    603    491
f    489    491    490
f    603    604    605
f    603    605    606
f    603    606    492
f    603    492    491
f    492    606    607
f    492    607    495
f    492    495    494
f    492    494    493
f    608    496    495
f    608    495    607
f    608    607    609
f    610    499    498
f    610    498    497
f    610    497    496
f    610    496    608
f    611    501    500
f    611    500    499
f    611    499    610
f    611    610    612
f    502    501    611
f    502    611    613
f    502    613    614
f    502    614    504
f    502    504    503
f    504    614    615
f    504    615    616
f    504    616    506
f    504    506    505
f    616    617    618
f    616    618    619
f    616    619    508
f    616    508    507
f    616    507    506
f    508    619    620
f    508    620    512
f    508    512    509
f    618    621    622
f    618    622    623
f    618    623    620
f    618    620    619
f    513    512    620
f    513    620    623
f    513    623    624
f    513    624    515
f    623    622    625
f    623    625    626
f    623    626    627
f    623    627    624
f    515    624    627
f    515    627    518
f    515    518    517
f    515    517    516
f    518    627    626
f    518    626    628
f    518    628    519
f    520    519    628
f    520    628    629
f    520    629    630
f    520    630    521
f    521    630    631
f    521    631    632
f    521    632    523
f    521    523    522
f    523    632    633
f    523    633    634
f    523    634    525
f    523    525    524
f    635    634    633
f    635    633    636
f    635    636    637
f    525    634    635
f    525    635    527
f    525    527    526
f    528    527    635
f    528    635    637
f    528    637    638
f    528    638    639
f    531    530    529
f    531    529    528
f    531    528    639
f    531    639    640
f    533    532    531
f    533    531    640
f    533    640    641
f    533    641    642
f    535    534    533
f    535    533    642
f    535    642    643
f    535    643    644
f    537    536    535
f    537    535    644
f    537    644    645
f    537    645    538
f    538    645    646
f    538    646    647
f    538    647    539
f    538    539    424
f    538    424    423
f    647    648    543
f    647    543    541
f    647    541    540
f    647    540    539
f    543    648    649
f    543    649    650
f    543    650    544
f    545    544    650
f    545    650    651
f    545    651    652
f    545    652    547
f    652    651    653
f    652    653    654
f    548    547    652
f    548    652    654
f    548    654    655
f    655    654    653
f    655    653    656
f    655    656    657
f    655    657    658
f    550    549    546
f    550    546    548
f    550    548    655
f    550    655    658
f    550    658    659
f    553    551    550
f    553    550    659
f    553    659    660
f    553    660    661
f    553    661    662
f    555    554    552
f    555    552    553
f    555    553    662
f    555    662    663
f    555    663    664
f    555    664    556
f    664    663    665
f    664    665    666
f    664    666    667
f    557    556    664
f    557    664    667
f    557    667    668
f    557    668    669
f    557    669    559
f    557    559    558
f    669    668    670
f    669    670    671
f    669    671    672
f    446    559    669
f    446    669    672
f    446    672    560
f    446    560    447
f    562    561    673
f    562    673    674
f    562    674    563
f    563    674    675
f    563    675    676
f    563    676    565
f    563    565    564
f    565    676    677
f    565    677    678
f    565    678    567
f    565    567    566
f    678    679    680
f    678    680    681
f    678    681    568
f    678    568    567
f    568    681    682
f    568    682    572
f    568    572    570
f    568    570    569
f    682    683    684
f    682    684    685
f    682    685    573
f    682    573    572
f    573    685    686
f    573    686    577
f    573    577    574
f    684    687    688
f    684    688    686
f    684    686    685
f    686    688    689
f    686    689    584
f    686    584    581
f    686    581    578
f    686    578    577
f    690    691    692
f    690    692    689
f    690    689    688
f    690    688    687
f    689    692    693
f    689    693    588
f    689    588    585
f    689    585    584
f    694    695    696
f    694    696    697
f    694    697    693
f    694    693    692
f    694    692    691
f    693    697    592
f    693    592    591
f    693    591    589
f    693    589    588
f    696    698    595
f    696    595    594
f    696    594    593
f    696    593    592
f    696    592    697
f    699    700    701
f    699    701    702
f    699    702    703
f    699    703    596
f    699    596    595
f    699    595    698
f    703    704    598
f    703    598    597
f    703    597    596
f    702    705    706
f    702    706    704
f    702    704    703
f    706    707    600
f    706    600    599
f    706    599    598
f    706    598    704
f    708    709    601
f    708    601    600
f    708    600    707
f    601    709    710
f    601    710    604
f    601    604    603
f    601    603    602
f    711    605    604
f    711    604    710
f    711    710    712
f    713    609    607
f    713    607    606
f    713    606    605
f    713    605    711
f    714    612    610
f    714    610    608
f    714    608    609
f    714    609    713
f    714    713    715
f    716    613    611
f    716    611    612
f    716    612    714
f    716    714    717
f    718    719    720
f    718    720    615
f    718    615    614
f    718    614    613
f    718    613    716
f    720    721    722
f    720    722    617
f    720    617    616
f    720    616    615
f    722    723    621
f    722    621    618
f    722    618    617
f    724    725    723
f    724    723    722
f    724    722    721
f    724    721    726
f    625    622    621
f    625    621    723
f    625    723    725
f    625    725    727
f    728    729    730
f    728    730    727
f    728    727    725
f    728    725    724
f    628    626    625
f    628    625    727
f    628    727    730
f    628    730    731
f    628    731    629
f    732    731    730
f    732    730    729
f    732    729    733
f    732    733    734
f    629    731    732
f    629    732    735
f    629    735    631
f    629    631    630
f    736    735    732
f    736    732    734
f    736    734    737
f    736    737    738
f    636    633    632
f    636    632    631
f    636    631    735
f    636    735    736
f    636    736    739
f    740    739    736
f    740    736    738
f    740    738    741
f    638    637    636
f    638    636    739
f    638    739    740
f    640    639    638
f    640    638    740
f    640    740    741
f    640    741    742
f    640    742    743
f    640    743    744
f    640    744    641
f    642    641    744
f    642    744    745
f    642    745    746
f    642    746    643
f    644    643    746
f    644    746    747
f    644    747    646
f    644    646    645
f    646    747    748
f    646    748    749
f    646    749    750
f    646    750    649
f    646    649    648
f    646    648    647
f    653    651    650
f    653    650    649
f    653    649    750
f    653    750    751
f    653    751    656
f    751    750    749
f    751    749    752
f    751    752    753
f    751    753    754
f    657    656    751
f    657    751    754
f    657    754    755
f    755    754    753
f    755    753    756
f    755    756    757
f    755    757    758
f    659    658    657
f    659    657    755
f    659    755    758
f    659    758    660
f    660    758    757
f    660    757    759
f    660    759    760
f    660    760    761
f    660    761    661
f    662    661    761
f    662    761    762
f    662    762    665
f    662    665    663
f    665    762    763
f    665    763    764
f    665    764    765
f    665    765    766
f    665    766    666
f    667    666    766
f    667    766    767
f    667    767    768
f    667    768    670
f    667    670    668
f    670    768    769
f    670    769    671
f    672    671    769
f    672    769    770
f    672    770    673
f    672    673    561
f    672    561    560
f    673    770    771
f    673    771    772
f    673    772    675
f    673    675    674
f    675    772    773
f    675    773    774
f    675    774    677
f    675    677    676
f    677    774    775
f    677    775    776
f    677    776    679
f    677    679    678
f    776    777    680
f    776    680    679
f    680    777    778
f    680    778    779
f    680    779    683
f    680    683    682
f    680    682    681
f    780    781    782
f    780    782    783
f    780    783    779
f    780    779    778
f    779    783    784
f    779    784    690
f    779    690    687
f    779    687    684
f    779    684    683
f    782    785    786
f    782    786    787
f    782    787    784
f    782    784    783
f    784    787    788
f    784    788    694
f    784    694    691
f    784    691    690
f    788    789    790
f    788    790    791
f    788    791    695
f    788    695    694
f    791    792    699
f    791    699    698
f    791    698    696
f    791    696    695
f    793    794    700
f    793    700    699
f    793    699    792
f    795    796    797
f    795    797    798
f    795    798    701
f    795    701    700
f    795    700    794
f    701    798    799
f    701    799    705
f    701    705    702
f    797    800    801
f    797    801    802
f    797    802    803
f    797    803    799
f    797    799    798
f    799    803    804
f    799    804    708
f    799    708    707
f    799    707    706
f    799    706    705
f    805    804    803
f    805    803    802
f    805    802    806
f    805    806    807
f    712    710    709
f    712    709    708
f    712    708    804
f    712    804    805
f    808    715    713
f    808    713    711
f    808    711    712
f    808    712    805
f    808    805    807
f    808    807    809
f    810    811    717
f    810    717    714
f    810    714    715
f    810    715    808
f    812    813    718
f    812    718    716
f    812    716    717
f    812    717    811
f    812    811    814
f    815    816    719
f    815    719    718
f    815    718    813
f    817    726    721
f    817    721    720
f    817    720    719
f    817    719    816
f    818    819    820
f    818    820    817
f    818    817    816
f    818    816    815
f    820    821    728
f    820    728    724
f    820    724    726
f    820    726    817
f    822    823    824
f    822    824    821
f    822    821    820
f    822    820    819
f    733    729    728
f    733    728    821
f    733    821    824
f    733    824    825
f    826    827    825
f    826    825    824
f    826    824    823
f    826    823    828
f    737    734    733
f    737    733    825
f    737    825    827
f    737    827    829
f    829    827    826
f    829    826    830
f    829    830    831
f    741    738    737
f    741    737    829
f    741    829    831
f    741    831    742
f    742    831    830
f    742    830    832
f    742    832    833
f    742    833    834
f    742    834    743
f    744    743    834
f    744    834    835
f    744    835    836
f    744    836    745
f    746    745    836
f    746    836    837
f    746    837    748
f    746    748    747
f    749    748    837
f    749    837    838
f    749    838    839
f    749    839    840
f    749    840    752
f    753    752    840
f    753    840    841
f    753    841    756
f    841    840    839
f    841    839    842
f    841    842    843
f    841    843    844
f    757    756    841
f    757    841    844
f    757    844    759
f    759    844    843
f    759    843    845
f    759    845    846
f    759    846    847
f    759    847    760
f    761    760    847
f    761    847    848
f    761    848    763
f    761    763    762
f    763    848    849
f    763    849    850
f    763    850    851
f    763    851    852
f    763    852    764
f    764    852    853
f    764    853    854
f    764    854    765
f    766    765    854
f    766    854    855
f    766    855    856
f    766    856    767
f    769    768    767
f    769    767    856
f    769    856    771
f    769    771    770
f    771    856    855
f    771    855    857
f    771    857    858
f    771    858    773
f    771    773    772
f    773    858    859
f    773    859    860
f    773    860    775
f    773    775    774
f    775    860    861
f    775    861    780
f    775    780    778
f    775    778    777
f    775    777    776
f    861    862    863
f    861    863    781
f    861    781    780
f    863    864    785
f    863    785    782
f    863    782    781
f    865    866    867
f    865    867    786
f    865    786    785
f    865    785    864
f    786    867    868
f    786    868    869
f    786    869    789
f    786    789    788
f    786    788    787
f    869    870    871
f    869    871    790
f    869    790    789
f    790    871    872
f    790    872    793
f    790    793    792
f    790    792    791
f    872    873    874
f    872    874    795
f    872    795    794
f    872    794    793
f    875    876    796
f    875    796    795
f    875    795    874
f    877    878    800
f    877    800    797
f    877    797    796
f    877    796    876
f    879    801    800
f    879    800    878
f    806    802    801
f    806    801    879
f    806    879    880
f    806    880    881
f    809    807    806
f    809    806    881
f    809    881    882
f    809    882    883
f    884    885    886
f    884    886    810
f    884    810    808
f    884    808    809
f    884    809    883
f    884    883    887
f    814    811    810
f    814    810    886
f    814    886    888
f    814    888    889
f    890    891    892
f    890    892    812
f    890    812    814
f    890    814    889
f    890    889    893
f    892    894    895
f    892    895    818
f    892    818    815
f    892    815    813
f    892    813    812
f    896    897    895
f    896    895    894
f    896    894    898
f    896    898    899
f    895    897    900
f    895    900    822
f    895    822    819
f    895    819    818
f    901    902    900
f    901    900    897
f    901    897    896
f    828    823    822
f    828    822    900
f    828    900    902
f    828    902    903
f    904    903    902
f    904    902    901
f    904    901    905
f    904    905    906
f    904    906    907
f    832    830    826
f    832    826    828
f    832    828    903
f    832    903    904
f    908    833    832
f    908    832    904
f    908    904    907
f    908    907    909
f    908    909    910
f    835    834    833
f    835    833    908
f    835    908    911
f    835    911    912
f    837    836    835
f    837    835    912
f    837    912    913
f    837    913    838
f    839    838    913
f    839    913    914
f    839    914    915
f    839    915    916
f    839    916    917
f    839    917    842
f    843    842    917
f    843    917    845
f    845    917    916
f    845    916    918
f    845    918    919
f    845    919    846
f    847    846    919
f    847    919    920
f    847    920    849
f    847    849    848
f    849    920    921
f    849    921    922
f    849    922    850
f    850    922    923
f    850    923    924
f    850    924    925
f    850    925    851
f    853    852    851
f    853    851    925
f    853    925    926
f    853    926    927
f    855    854    853
f    855    853    927
f    855    927    928
f    855    928    857
f    857    928    929
f    857    929    930
f    857    930    931
f    857    931    932
f    857    932    859
f    857    859    858
f    859    932    933
f    859    933    934
f    859    934    862
f    859    862    861
f    859    861    860
f    934    935    936
f    934    936    865
f    934    865    864
f    934    864    863
f    934    863    862
f    936    937    866
f    936    866    865
f    938    939    868
f    938    868    867
f    938    867    866
f    938    866    937
f    938    937    940
f    868    939    941
f    868    941    942
f    868    942    870
f    868    870    869
f    942    943    873
f    942    873    872
f    942    872    871
f    942    871    870
f    944    945    875
f    944    875    874
f    944    874    873
f    944    873    943
f    944    943    946
f    947    948    877
f    947    877    876
f    947    876    875
f    947    875    945
f    949    880    879
f    949    879    878
f    949    878    877
f    949    877    948
f    949    948    950
f    882    881    880
f    882    880    949
f    882    949    951
f    887    883    882
f    887    882    951
f    887    951    952
f    953    888    886
f    953    886    885
f    953    885    954
f    893    889    888
f    893    888    953
f    893    953    955
f    956    898    894
f    956    894    892
f    956    892    891
f    957    899    898
f    957    898    956
f    957    956    958
f    959    905    901
f    959    901    896
f    959    896    899
f    959    899    957
f    960    906    905
f    960    905    959
f    960    959    961
f    909    907    906
f    909    906    960
f    909    960    962
f    909    962    963
f    964    910    909
f    964    909    963
f    964    963    965
f    966    911    908
f    966    908    910
f    966    910    964
f    966    964    967
f    913    912    911
f    913    911    966
f    913    966    968
f    913    968    914
f    969    915    914
f    969    914    968
f    969    968    970
f    916    915    969
f    916    969    971
f    916    971    972
f    916    972    918
f    919    918    972
f    919    972    973
f    919    973    974
f    919    974    921
f    919    921    920
f    921    974    923
f    921    923    922
f    925    924    975
f    925    975    976
f    925    976    926
f    927    926    976
f    927    976    929
f    927    929    928
f    931    977    978
f    931    978    933
f    931    933    932
f    933    978    979
f    933    979    980
f    933    980    935
f    933    935    934
f    980    940    937
f    980    937    936
f    980    936    935
f    981    982    941
f    981    941    939
f    981    939    938
f    946    943    942
f    946    942    941
f    946    941    982
f    983    984    947
f    983    947    945
f    983    945    944
f    985    950    948
f    985    948    947
f    985    947    984
f    952    951    949
f    952    949    950
f    952    950    985
f    952    985    986
f    954    885    884
f    954    884    987
f    954    987    988
f    989    955    953
f    989    953    954
f    989    954    988
f    989    988    990
f    991    958    956
f    991    956    891
f    991    891    890
f    992    961    959
f    992    959    957
f    992    957    958
f    992    958    991
f    992    991    993
f    994    962    960
f    994    960    961
f    994    961    992
f    965    963    962
f    965    962    994
f    965    994    995
f    965    995    996
f    997    967    964
f    997    964    965
f    997    965    996
f    997    996    998
f    970    968    966
f    970    966    967
f    970    967    997
f    970    997    999
f   1000    971    969
f   1000    969    970
f   1000    970    999
f   1000    999   1001
f    973    972    971
f    973    971   1000
f    973   1000   1002
f    975    924    923
f    975    923    974
f    975    974    973
f    975    973   1002
f    975   1002   1003
f    975   1003   1004
f    929    976    975
f    929    975   1004
f    929   1004    930
f   1005   1006   1007
f   1005   1007    979
f   1005    979    978
f   1005    978    977
f    979   1007   1008
f    979   1008    981
f    979    981    938
f    979    938    940
f    979    940    980
f   1008   1009    983
f   1008    983    944
f   1008    944    946
f   1008    946    982
f   1008    982    981
f   1010    986    985
f   1010    985    984
f   1010    984    983
f   1010    983   1009
f   1011    987    884
f   1011    884    887
f   1011    887    952
f   1011    952    986
f   1011    986   1010
f   1011   1010   1012
f    990    988    987
f    990    987   1011
f    990   1011   1013
f   1014    993    991
f   1014    991    890
f   1014    890    893
f   1014    893    955
f   1014    955    989
f   1015    995    994
f   1015    994    992
f   1015    992    993
f   1015    993   1014
f    998    996    995
f    998    995   1015
f    998   1015   1016
f   1001    999    997
f   1001    997    998
f   1001    998   1016
f   1001   1016   1017
f   1001   1017   1018
f   1003   1002   1000
f   1003   1000   1001
f   1003   1001   1018
f   1003   1018   1019
f    930   1004   1003
f    930   1003   1019
f    930   1019   1005
f    930   1005    977
f    930    977    931
f   1020   1012   1010
f   1020   1010   1009
f   1020   1009   1008
f   1020   1008   1007
f   1020   1007   1006
f   1021   1013   1011
f   1021   1011   1012
f   1021   1012   1020
f   1017   1016   1015
f   1017   1015   1014
f   1017   1014    989
f   1017    989    990
f   1017    990   1013
f   1017   1013   1021
f   1019   1018   1017
f   1019   1017   1021
f   1019   1021   1020
f   1019   1020   1006
f   1019   1006   1005
f    146    145    144
f    146    144    230
f    146    230    318
f    146    318    422
f    146    422    319
f    146    319    323
f    146    323    231
f    146    231    149
