v   -17.493254     4.644994    88.816358
v   -17.493254    -6.245298    89.888959
v    -3.214413   -20.523968    89.888959
v    13.680539   -20.523968    88.224872
v   -10.570752     3.727153    88.224872
v   -20.862244     8.331327    88.121472
v   -28.517217     0.676354    88.121472
v   -20.943875    -6.245298    89.548999
v   -20.621942    -8.673998    89.341519
v    -4.433100   -24.862840    89.341519
v    -3.214413   -25.024402    89.445599
v    10.542837   -40.076868    86.608232
v    26.804637   -23.814898    86.608232
v    39.453062     5.644637    79.684880
v    31.232793   -23.814898    85.880183
v    42.992458   -29.447456    83.020538
v    71.393509   -29.447456    74.405207
v    60.368865    -2.831750    74.405207
v    30.038936    15.058934    79.684880
v    28.635898    18.520950    78.810915
v   -26.405688    41.319884    78.810915
v   -26.405688    19.905111    85.307064
v   -29.539138    48.700542    76.178307
v   -47.856686    41.113085    76.178307
v   -42.192496    27.091214    81.143529
v   -38.335248    23.233966    82.798263
v   -32.584325     2.624280    87.132373
v   -48.224196    12.529385    81.143529
v   -39.183703     4.756897    84.862513
v   -34.160659     2.624280    86.654320
v   -25.226796   -18.943722    86.654320
v   -23.664238   -19.577045    87.048701
v   -15.336147   -27.905135    87.048701
v   -12.016816   -36.095473    84.981219
v    13.747375   -46.767401    84.981219
v    50.796238   -57.413990    77.139345
v    14.055363   -47.161782    84.865745
v    17.640676   -55.607218    81.853381
v    30.913581   -71.045052    75.502638
v    54.611309   -61.229062    75.502638
v    58.600698   -62.840599    74.090077
v    61.435514   -61.691639    73.374442
v    74.283426   -30.674306    73.374442
v    90.629408    -6.054655    61.886371
v    82.558456   -28.826038    69.461583
v    89.243547   -28.826038    65.888345
v    93.382422   -24.961308    63.122575
v    94.895492   -21.883128    61.872936
v    94.600769   -17.671125    61.427195
v    91.649629    -6.657195    61.427195
v    86.425057    -1.942139    62.968666
v    76.698521   -30.674306    72.329052
v    85.781190     0.903051    62.034328
v    29.940638    56.743603    62.034328
v    29.501870    58.521124    61.343693
v    13.811659    74.561669    57.214171
v   -29.539138    59.196963    71.635526
v     3.820842    91.480431    49.601715
v   -33.724102   101.540635    49.601715
v   -33.724102    72.466296    65.142269
v   -35.208090   104.105727    48.018068
v   -35.639035   104.567454    47.709570
v   -58.157702    98.533543    47.709570
v   -59.926720    95.537675    49.057507
v   -59.524516    87.500396    53.411175
v   -56.847520    80.661906    57.449882
v   -55.767606    49.024006    71.336382
v   -82.777013    64.247898    53.411175
v   -73.682269    52.070043    62.439933
v   -66.868949    49.402911    66.463675
v   -54.501811    14.509283    78.071642
v   -80.076209    28.207351    62.439933
v   -72.672933    21.294543    67.387129
v   -60.943709    14.509283    74.628333
v   -53.433122   -13.520515    74.628333
v   -47.006700   -17.315518    77.519780
v   -44.663712   -19.607316    78.123002
v   -43.961854   -22.708455    77.104651
v   -12.629560   -54.040748    77.104651
v   -10.689457   -61.902179    74.050111
v    -7.968585   -64.683765    73.333967
v    -4.186336   -71.088759    70.452213
v    31.349288   -80.610537    70.452213
v    31.349288   -72.426491    74.826629
v    33.893973   -85.009442    67.736443
v    36.276245   -87.560759    66.031539
v    39.240141   -87.353450    65.717939
v    57.876050   -82.359997    65.717939
v    58.135740   -81.920378    65.915725
v    58.681649   -81.362054    66.059430
v    59.165824   -79.400183    66.821662
v    71.625137   -66.940870    66.821662
v    72.725969   -62.077176    68.418914
v    83.290586   -51.743168    65.699062
v    83.828842   -50.792333    65.636478
v    84.005200   -50.545909    65.577465
v    89.038108   -31.763233    65.577465
v    96.413494   -12.650801    59.119922
v    97.125556   -19.392864    59.636239
v    96.746481   -14.324583    59.119922
v    96.001936    -6.838825    58.282861
v    98.357338    -1.114772    53.690081
v    95.759423    10.315817    49.944737
v    87.614833    22.505067    49.944737
v    97.594596    -4.614543    55.994804
v    83.396367    39.927731    43.133117
v    62.040946    61.283152    43.133117
v    59.934859    66.042596    40.641833
v     8.619400   100.330621    40.641833
v     3.401801   101.516485    42.351498
v    -7.676073   111.704919    37.076247
v    -8.088991   111.915799    37.002949
v   -12.679049   112.240794    37.664162
v   -22.779219   114.249944    37.664162
v   -35.041086   115.166765    38.913290
v   -35.649919   114.929354    39.207503
v   -36.136476   114.493817    39.644401
v   -36.136476   106.549904    46.163848
v   -41.797094   114.070525    39.067710
v   -50.857145   112.268344    39.067710
v   -51.386898   112.056783    39.154953
v   -51.820054   111.895222    39.188286
v   -54.945341   110.297970    39.743208
v   -57.775225   107.695463    41.090805
v   -58.356338   107.563322    40.900332
v   -73.132279    97.690360    40.900332
v   -73.572237    96.695989    41.420901
v   -83.489416    86.778980    41.420901
v   -83.994340    86.011816    41.555933
v   -84.640247    83.344004    42.598942
v   -83.033982    64.420344    53.189750
v   -94.483788    68.612280    42.598942
v   -95.555369    63.897564    44.143814
v   -96.289880    63.098938    43.763549
v   -84.050801    29.204443    59.341006
v   -97.378297    62.234327    43.011521
v  -101.878391    39.610900    43.011521
v  -102.243521    34.726969    43.508961
v   -98.529128    30.578910    47.234578
v   -96.778137    29.204443    48.895775
v   -90.652390    -1.591295    48.895775
v   -83.102688    -7.589152    54.112693
v   -79.698324   -11.290620    55.875249
v   -76.909085   -12.540429    57.668415
v   -47.784578   -56.128468    57.668415
v   -46.834424   -56.548869    58.165856
v   -39.071800   -64.311322    58.165856
v   -35.361659   -72.696045    53.776985
v    -3.222577   -94.170681    53.776985
v    -1.603726   -97.783545    51.454235
v    -1.569543   -97.815007    51.437909
v    -1.179414   -98.306156    51.098629
v    20.907117  -102.699449    51.098629
v    27.548842  -103.196039    51.775318
v    28.562260  -102.800808    52.265106
v    29.189971  -102.503364    52.611698
v    36.250395   -96.181021    58.952918
v    36.276245   -96.148029    58.984040
v    53.260822   -92.769685    58.984040
v    53.479016   -92.494859    59.174002
v    57.533199   -88.766351    61.104412
v    57.616361   -88.580640    61.223798
v    66.181012   -82.857947    61.223798
v    66.547502   -82.029730    61.657294
v    71.143003   -77.434400    61.657294
v    72.159482   -73.236001    63.298592
v    81.625478   -59.069064    63.298592
v    90.910355   -43.038043    62.002526
v    91.270893   -37.946632    62.735677
v    93.098414   -28.758692    62.735677
v    98.075880   -10.242169    56.712309
v    97.577760   -19.392864    59.085228
v    97.944250   -18.978586    58.558707
v    99.161746   -17.170623    56.726255
v    99.149502   -17.021136    56.712309
v    99.551196    15.022030    42.758974
v    96.678965    20.659179    42.758974
v   101.917482     5.554673    45.611987
v    91.666805    39.387604    35.875077
v    87.331164    50.826186    29.206312
v    59.084193    79.073158    29.206312
v    91.962548    40.429763    34.619145
v    58.746954    79.785901    28.759040
v    40.140806    96.481196    24.847202
v    21.483808   101.474139    31.704739
v    10.148796   107.249552    31.704739
v   -10.220247   113.525126    35.670148
v   -21.929403   114.526640    37.162810
v   -23.557097   114.784458    37.162810
v   -33.486521   115.595839    38.090345
v   -35.023909   115.178329    38.895944
v   -40.757996   114.511844    38.730470
v   -42.369193   114.256746    38.730470
v   -47.162480   113.846719    38.119426
v   -56.042942   110.023655    39.412432
v   -60.498139   107.753795    39.412432
v   -60.908336   107.643933    39.261584
v   -65.958250   104.555890    38.999173
v   -66.019644   104.504530    39.008357
v   -72.986533    98.253275    40.473128
v   -73.113061    97.985933    40.640982
v   -82.822081    88.276743    40.640982
v   -91.118709    78.072154    39.886743
v   -94.267295    72.923262    40.154426
v   -94.717458    71.240977    40.772783
v   -98.834395    63.161182    40.772783
v   -99.109050    62.062221    41.103900
v  -103.780060    55.876441    37.235428
v  -105.713870    52.448438    35.827969
v  -105.785638    51.609506    35.934940
v  -108.102946    36.978461    35.934940
v  -108.286956    34.726969    36.145140
v  -110.199679    31.886541    33.266277
v  -109.643396    25.080193    32.630404
v  -106.592427     5.816913    32.630404
v  -106.524911     5.027471    32.529895
v  -102.408994    -0.423287    35.938511
v  -102.256446    -1.033991    35.754500
v   -84.052502   -36.761108    35.754500
v   -82.085529   -38.143738    37.220122
v   -67.078299   -54.868625    40.736559
v   -67.024049   -54.990221    40.673125
v   -34.806056   -87.208384    40.673125
v   -34.402491   -87.388143    40.883325
v   -21.187409   -99.245936    38.104801
v   -20.405789   -99.455116    38.392211
v    -5.929333  -106.831182    38.392211
v    -0.978057  -108.068746    39.884363
v    -0.248137  -107.679126    40.768191
v     4.394982  -108.076399    41.360188
v     9.058168  -108.814821    41.360188
v    15.007387  -109.301038    41.915961
v    19.279424  -108.140683    44.154188
v    21.056094  -107.568244    45.194647
v    45.621155   -99.900857    52.611698
v    46.157711   -99.407157    53.109819
v    53.123920   -94.146872    57.466208
v    53.877648   -93.958610    57.239001
v    63.097220   -89.260900    57.239001
v    63.787005   -89.076380    56.985434
v    65.898874   -87.181344    57.429474
v    66.429987   -86.944783    57.152948
v    76.125741   -77.249029    57.152948
v    76.190026   -77.104813    57.227947
v    81.130759   -71.598444    56.070313
v    82.338391   -67.086616    57.728619
v    93.444326   -42.786176    59.209546
v    92.216116   -47.700209    57.728619
v    94.571178   -41.293854    58.276398
v    95.114026   -34.948213    59.085228
v   104.516928     4.042964    41.482465
v   106.410944   -17.170623    43.163899
v   107.133890   -15.835271    41.482465
v   104.413528     5.117095    41.365800
v   107.327255    15.272876    28.303266
v   100.331284    32.163067    28.303266
v    98.280809    39.101725    26.046841
v    98.860901    45.209274    17.527258
v    96.108227    50.995231    14.798392
v    85.715205    64.539730    14.798392
v    82.307270    71.118530    11.021925
v    78.915150    74.510650    11.021925
v    71.671735    78.262797    15.179848
v    54.539202    91.409003    15.179848
v    39.725507    98.456843    22.166635
v    37.397315   100.187256    21.339948
v    13.050958   107.381692    29.257331
v     8.317875   109.342203    29.257331
v    -9.075029   114.047736    33.841097
v   -10.252560   113.709987    35.355868
v   -22.968671   114.934456    36.737477
v   -23.854200   115.050950    36.737477
v   -32.909830   115.845835    37.480832
v   -39.106494   114.820002    38.560745
v   -40.992686   114.571707    38.560745
v   -46.882382   114.004540    37.920960
v   -53.108808   111.546418    38.848496
v   -56.711638   110.054096    38.848496
v   -58.294945   109.586247    38.333708
v   -72.298279    99.686755    39.008357
v   -73.371900    98.207868    40.068203
v   -82.757796    88.821972    40.068203
v   -83.165442    88.526059    39.776201
v   -91.007146    78.306504    39.776201
v   -98.989494    66.569457    37.898342
v   -99.635062    65.883415    37.235428
v  -105.819141    52.326841    35.677291
v  -109.947472    44.997713    30.484692
v  -110.002063    44.431396    30.546255
v  -111.653566    31.886541    30.546255
v  -112.474130    30.370920    28.637614
v  -114.388044    25.953988    23.969155
v  -114.044512    22.040449    23.647732
v  -112.809159    12.656424    23.647732
v  -112.169884     6.017250    22.926486
v  -112.807288     3.795349    20.068541
v  -111.625165    -0.574135    18.917030
v  -103.164934   -20.999130    18.917030
v  -101.768019   -25.726091    17.379811
v   -96.738172   -32.493833    19.782832
v   -93.972232   -34.675939    22.296225
v   -70.630110   -65.096003    22.296225
v   -65.384450   -68.903762    26.055345
v   -52.676672   -81.611710    26.055345
v   -43.953350   -86.130341    31.062573
v   -28.975883   -97.623174    31.062573
v   -20.701022  -101.560012    34.965398
v   -15.856036  -105.160802    33.245019
v    -9.633012  -106.999716    35.268624
v    -6.135963  -108.448331    35.268624
v    -1.344717  -109.744568    36.531358
v    -0.715816  -109.564128    37.340358
v     4.243624  -110.041671    37.879124
v     7.601900  -110.483841    37.879124
v    11.490100  -110.825162    38.198337
v    37.784553  -105.150768    45.597191
v    37.354288  -105.422532    45.194647
v    45.491906  -100.638429    51.356958
v    44.927970  -101.127026    50.658160
v    60.852530   -94.275952    51.356958
v    62.980045   -92.915260    51.777189
v    61.345209   -94.130376    51.196586
v    63.496533   -92.669516    51.533655
v    71.778536   -86.314522    51.533655
v    73.818808   -85.257567    50.362417
v    75.364020   -83.712355    50.362417
v    77.618403   -82.075818    48.746968
v    86.528627   -70.463769    48.746968
v    88.681311   -68.765669    46.790878
v    92.915423   -63.068486    44.767953
v   102.919676   -39.829934    44.073747
v    93.591603   -62.349961    44.073747
v   103.180726   -39.528748    43.700454
v   103.509802   -39.206985    43.163899
v   110.060542   -15.490039    32.349626
v   117.247835   -15.490039     8.656659
v   118.581996   -10.063090     2.242652
v   119.073825    -7.604118    -0.291999
v   118.999336    -6.793077    -0.348120
v   116.727436    13.370867    -0.348120
v   114.344823    13.443485     7.479638
v   107.922483    15.544810    26.364523
v   108.862773   -15.835271    36.169799
v   116.795292    15.697699    -3.277152
v   111.280929    31.457126    -3.277152
v   106.886276    37.642566     4.128845
v   103.498918    43.189241     7.114168
v    95.655683    60.935369    -3.109468
v    92.929879    65.273391    -3.109468
v    91.638064    67.604984    -4.254517
v    91.472931    67.746138    -4.123397
v    79.517181    79.701718    -4.123397
v    76.029144    82.354395    -1.939250
v    75.766054    82.574289    -1.980746
v    63.367454    89.443901     4.107417
v    49.086743    98.417048     4.107417
v    40.334170   102.785001     7.605657
v    35.951761   103.506078    13.888714
v    18.995075   108.841532    18.513465
v     4.353316   113.964914    18.513465
v    -0.575172   115.362000    19.600692
v    -9.420601   115.104181    30.735027
v   -17.733896   115.957228    31.476682
v   -28.972141   117.223533    31.476682
v   -32.909830   116.255522    36.130344
v   -41.933827   115.238702    36.130344
v   -45.931548   114.828505    35.773718
v   -46.744119   114.427322    36.677954
v   -55.265914   111.445229    36.677954
v   -57.592405   110.713269    36.043441
v   -57.912978   110.463273    36.364524
v   -68.058725   104.088211    36.364524
v   -70.638103   102.659153    35.098049
v   -70.818032   102.508646    35.126450
v   -71.594720   101.599307    35.848376
v   -85.542443    87.651414    35.848376
v   -88.643921    85.002989    33.386683
v   -89.833357    83.579884    33.162197
v   -90.540318    82.796054    32.499113
v  -101.744550    64.964553    32.499113
v  -105.449249    60.214123    27.740860
v  -106.347193    59.226724    25.906368
v  -106.898544    58.325379    25.123048
v  -111.770741    44.401125    25.123048
v  -113.910160    40.068715    20.301871
v  -114.747221    38.477756    18.133370
v  -116.158252    25.953988    18.133370
v  -117.595302    20.108338    11.224813
v  -116.184612     7.587462    11.224813
v  -115.899242     4.806896    10.976688
v  -116.110293    -2.430906     1.865958
v  -116.055192    -2.625291     1.823101
v  -110.828580   -17.562113     1.823101
v  -109.290681   -22.449445     0.489961
v  -108.903612   -24.802127    -2.882771
v   -94.160154   -48.266015    -2.882771
v   -92.921570   -49.639292    -1.721226
v   -90.499332   -52.537372    -1.264091
v   -79.701385   -61.758304     7.306682
v   -63.986855   -77.472834     7.306682
v   -51.491148   -86.975565    15.131040
v   -50.572796   -87.329471    16.607205
v   -34.021205   -96.500064    24.734619
v   -24.104026  -102.731421    24.734619
v   -17.331522  -106.111126    27.441376
v   -15.296182  -106.446154    30.359354
v    -9.422812  -108.294252    31.961367
v    -0.957309  -110.928391    33.050294
v    -1.822600  -110.953561    31.961367
v     2.324779  -111.265120    33.343147
v    11.490100  -112.105582    33.976979
v    10.953884  -112.237383    33.343147
v    31.119530  -109.893885    33.976979
v    33.140074  -109.686575    33.796710
v    36.502432  -108.026229    37.538314
v    57.103784  -100.556118    38.406326
v    56.636615  -100.980940    37.538314
v    59.288441   -98.852405    40.594555
v    71.769182   -90.828051    41.157810
v    71.858637   -90.954069    40.594555
v    72.054552   -90.878560    40.279424
v    82.742806   -80.190476    40.279424
v    86.935082   -76.610264    36.951759
v    87.124875   -76.483055    36.612649
v    90.105777   -73.178179    33.817118
v    98.159893   -60.360199    33.817118
v   102.946716   -54.222037    27.668583
v   103.647895   -39.270079    42.714077
v   103.700105   -53.393820    26.129833
v   107.299534   -47.508715    21.015294
v   111.027192   -36.855664    21.015294
v   111.756601   -35.378478    19.371444
v   114.634274   -29.909183    11.916298
v   116.034080   -26.262476     8.656659
v   120.490807    -7.604118   -14.679681
v   120.490807    -3.080555   -19.203244
v   119.382153     8.175037   -19.203244
v   118.999336    11.817492   -18.958520
v   118.738116    14.137011   -18.958520
v   116.962126    15.809261    -4.869643
v   117.922654    17.866199   -22.466114
v   114.047379    30.641153   -22.466114
v   113.899252    31.100329   -22.563731
v   112.942126    33.835997   -22.563731
v   111.969863    36.083919   -23.999421
v   110.536044    39.204954   -26.641893
v   102.519343    54.203170   -26.641893
v    98.562947    61.154243   -23.924422
v    98.196287    61.699982   -23.079539
v    98.513288    60.910029   -21.894525
v    96.552777    63.903006   -21.366813
v    91.946562    67.887973    -7.469088
v    91.018687    70.646429   -21.366813
v    88.297814    73.730561   -19.392356
v    87.476060    74.552146   -19.392356
v    86.781344    75.165060   -18.947636
v    72.795185    86.643268   -18.947636
v    71.246232    87.798690   -17.743404
v    65.252116    91.565123   -17.743404
v    63.085316    92.798436   -16.896310
v    41.996046   104.070864   -16.896310
v    36.055841   106.799729   -11.867143
v    32.159648   108.163142   -11.867143
v    29.481292   109.026733   -11.298445
v     7.173676   115.793625   -11.298445
v    -1.036389   117.588833    -3.576127
v    -2.830917   117.957534    -1.626160
v    -2.690443   117.608390     1.778544
v   -28.767383   117.608390    27.855484
v   -28.972141   117.288158    30.903222
v   -18.476740   119.498494    -1.626160
v   -28.767383   119.498494     8.664482
v   -39.423495   118.449022     8.664482
v   -44.092974   117.489515    13.738206
v   -44.173925   117.288158    15.701438
v   -46.163517   115.175268    32.464080
v   -54.799936   114.241610    13.738206
v   -55.269656   114.044335    14.345849
v   -55.310811   113.377679    21.611712
v   -57.827435   111.015985    33.065940
v   -66.529159   108.026069    14.345849
v   -66.377121   107.584410    20.237756
v   -68.851059   106.465892    10.751352
v   -82.188078    95.520498    10.751352
v   -82.118691    95.451282    12.064425
v   -85.543463    92.165113     4.491594
v   -86.514875    91.063941     3.786674
v  -100.056823    74.563200     3.786674
v  -100.348655    74.171880     3.482427
v  -103.496391    69.487095    -3.769831
v  -103.784481    68.980981    -3.967617
v  -112.503892    52.667822    -3.967617
v  -112.189271    52.687209    -0.538763
v  -114.954531    38.616359    16.155002
v  -114.251481    48.504797    -9.350689
v  -118.069954    35.917085    -9.350689
v  -117.635608    36.091742    -5.116237
v  -117.635608    20.108338    10.866996
v  -118.583041    33.420018   -12.063909
v  -119.913290    19.914294   -12.063909
v  -117.939344    19.914294     7.977079
v  -119.913290    16.981180   -14.997022
v  -118.180496    -0.611549   -14.997022
v  -117.939344    -0.708486   -12.645872
v  -117.538330    -3.736837   -18.392883
v  -117.011128    -6.147680   -20.660532
v  -112.454233   -21.169535   -20.660532
v  -112.410356   -21.172256   -20.181288
v  -108.961775   -24.847194    -3.454700
v  -111.579758   -23.252833   -23.354194
v  -110.398825   -25.823538   -25.530688
v  -103.056432   -39.560380   -25.530688
v  -102.971740   -39.709187   -25.588850
v  -102.217671   -40.909337   -25.588850
v  -101.405270   -41.998094   -24.742266
v   -89.272482   -56.782028   -24.742266
v   -84.547902   -62.137550   -21.313922
v   -84.430557   -62.254895   -21.095048
v   -74.921024   -70.644208   -15.007396
v   -58.959899   -83.743137   -15.007396
v   -51.660703   -89.187942    -9.332492
v   -46.685107   -92.530913    -1.630242
v   -39.910221   -96.387311     1.018523
v   -20.217527  -106.913153     1.018523
v   -14.378000  -109.364472     8.569076
v   -14.409462  -108.853086    14.142111
v    -2.043005  -111.283487    28.813801
v    -0.184873  -113.670011     8.569076
v    -0.474834  -112.948765    15.601270
v    10.824805  -112.948765    26.900909
v    10.953884  -112.747068    28.820774
v     1.294524  -113.973918     6.961620
v    10.824805  -114.912678     6.961620
v    30.286891  -112.747068     9.487598
v    13.841591  -114.912678     3.945004
v    28.605797  -113.458450     3.945004
v    30.126519  -113.146041     5.597357
v    33.151978  -109.704432    33.626815
v    51.574796  -106.083915    11.770042
v    47.645271  -107.831675     5.597357
v    51.568504  -106.184934    10.670231
v    56.795116  -101.185189    35.530525
v    67.336604   -97.490523    13.670350
v    67.174192   -97.019273    19.957489
v    65.398542   -98.792542    10.670231
v    72.276997   -91.120903    37.753446
v    81.895372   -85.542426    13.670350
v    81.631771   -85.278825    18.662613
v    83.239737   -84.197891    11.162229
v    97.614494   -66.682201    11.162229
v    99.242357   -64.499925     9.465659
v   102.055235   -60.313261     2.984646
v   111.016988   -43.547218     2.984646
v   112.654886   -39.981802    -0.034010
v   114.879678   -34.681551    -6.887295
v   117.993231   -24.417609    -6.887295
v   118.581996   -21.725478    -9.419566
v   119.560041   -16.966035   -14.591077
v   119.698644   -15.647690   -14.679681
v   120.031461    -3.080555   -23.867451
v   119.382153     4.000958   -23.377323
v   118.842026     8.795775   -23.377323
v   117.909899    17.878104   -22.567132
v   116.604479    21.415629   -25.147361
v   114.689205    27.211450   -26.892569
v   114.605533    27.506513   -26.827434
v   110.746584    38.535238   -26.827434
v   110.535534    39.205464   -26.644614
v   104.988519    48.883872   -30.858319
v   104.768964    49.277233   -30.962058
v   103.376811    52.066982   -29.846941
v    97.450721    61.498115   -29.846941
v    96.793079    62.685339   -29.264128
v    93.618813    66.483064   -29.863267
v    93.459632    66.618946   -29.989456
v    82.283460    77.795118   -29.989456
v    82.160163    77.888824   -30.066665
v    75.806189    83.199788   -29.064301
v    75.660783    83.330909   -28.941344
v    57.788977    94.560651   -28.941344
v    57.539491    94.684968   -29.041002
v    55.589864    95.772705   -28.527066
v    44.616750   102.061884   -23.749595
v    43.238542   102.904897   -22.551826
v    28.130635   108.191373   -22.551826
v    23.867442   109.792706   -21.704902
v    22.035160   110.370077   -21.465450
v    11.007115   114.014233   -18.144928
v     7.700028   115.234791   -15.732724
v     0.418858   115.981887   -16.382203
v   -12.899794   117.482542   -16.382203
v   -13.496723   117.588833   -16.036460
v   -13.732263   117.624206   -15.912143
v   -18.476740   118.573170   -11.021579
v   -20.804932   118.359738   -10.860358
v   -39.459379   118.359738     7.794089
v   -30.298309   117.290198   -10.860358
v   -41.093875   116.182224    -9.897279
v   -41.266661   116.440553    -7.432184
v   -54.828507   113.775292     8.657850
v   -41.403904   116.029165   -10.242511
v   -57.268091   110.478069   -10.242511
v   -58.260251   110.165829    -9.971767
v   -58.435078   110.390995    -7.756839
v   -68.773849   106.241406     7.755654
v   -61.917332   107.313836   -13.635141
v   -74.907249    99.151730   -13.635141
v   -76.147194    98.033211   -14.683932
v   -76.543445    97.442745   -15.739527
v   -81.873797    91.200844   -20.694035
v   -94.006585    79.068056   -20.694035
v   -97.053133    75.062001   -23.202496
v   -97.055684    75.058940   -23.201986
v  -102.021076    66.097187   -27.602591
v  -110.106823    53.228697   -27.602591
v  -110.854600    51.730253   -28.201561
v  -113.858801    48.528946   -13.630549
v  -111.172282    49.800353   -30.968351
v  -112.868001    44.410989   -32.438224
v  -116.185462    34.930197   -32.438224
v  -116.491069    35.134445   -29.521607
v  -118.109579    33.610491   -16.681348
v  -116.082062    31.384338   -36.901584
v  -116.501783    27.294611   -37.266544
v  -117.693770    16.715539   -37.266544
v  -118.109579    16.981180   -33.310488
v  -117.538330    15.938171   -38.067891
v  -117.170650    14.442788   -39.835038
v  -115.345850    -1.752857   -39.835038
v  -114.668481    -8.353595   -39.246102
v  -114.608108    -8.517198   -39.365488
v  -114.176312   -10.040471   -39.029439
v  -109.735911   -22.730563   -39.029439
v  -107.937302   -28.446793   -37.470282
v  -106.735452   -30.543526   -38.383191
v  -106.301105   -31.413920   -38.035408
v   -99.118234   -42.845359   -38.035408
v   -98.325220   -44.276627   -37.332529
v   -93.409317   -50.157990   -38.260404
v   -91.505777   -51.783643   -39.771263
v   -75.503497   -67.785923   -39.771263
v   -72.898269   -69.767182   -41.402698
v   -66.226613   -75.343449   -40.350165
v   -59.443394   -79.101889   -43.681061
v   -30.720751   -97.149543   -43.681061
v   -29.550022   -98.062622   -42.508122
v   -28.667044   -98.568566   -42.123774
v   -28.274534   -98.808698   -41.782624
v   -20.253241  -106.335782    -5.273887
v    -1.640801  -109.993543   -27.355657
v    -7.036628  -106.240205   -41.782624
v    -2.505072  -108.477752   -36.740022
v    -1.116150  -109.208692   -34.846517
v     0.688582  -112.467481    -7.728438
v    13.799755  -112.467481   -20.839440
v     8.659876  -110.310204   -34.846517
v    13.799755  -111.573618   -28.771959
v    13.841591  -112.532956   -20.217172
v    28.978069  -112.532956    -5.080693
v    22.367127  -110.608329   -28.771959
v    26.642225  -110.169731   -28.390673
v    30.453725  -110.280783   -23.592625
v    30.721577  -110.681286   -19.770071
v    47.674862  -107.349710     0.343535
v    44.455699  -105.381376   -23.592625
v    51.060179  -103.303180   -21.791465
v    51.450819  -103.806403   -16.842059
v    65.221674   -98.279285     3.820006
v    51.922749  -102.630402   -22.655566
v    71.158649   -90.543702   -22.655566
v    71.547247   -90.967334   -18.240845
v    82.911851   -83.870005     4.951450
v    71.687381   -89.755790   -24.064386
v    76.774880   -83.798408   -28.793047
v    92.584307   -67.988811   -28.793047
v    92.740426   -68.132006   -27.166034
v   101.857109   -60.245065     0.339963
v    93.262186   -66.228977   -31.621401
v    94.999402   -63.093656   -33.161001
v   107.610753   -43.022907   -33.161001
v   109.963945   -40.005441   -30.138433
v   109.993876   -39.972448   -30.077380
v   110.402543   -39.304432   -29.496777
v   114.731891   -34.690735    -8.497642
v   116.174894   -22.807602   -29.496777
v   117.657012   -19.806123   -26.156698
v   118.249859   -18.199517   -24.984779
v   118.370605   -17.023347   -25.089709
v   119.698644    -5.237491   -25.089709
v   119.781976    -4.327303   -25.152803
v   119.242189    -4.327303   -26.932535
v   118.370095     5.608754   -26.116732
v   117.463648    12.493331   -26.116732
v   112.279552    31.489609   -29.923471
v   110.928554    34.651630   -30.735192
v   110.759509    34.951455   -30.858319
v   103.988025    50.107321   -31.764086
v    98.275367    57.793756   -34.493291
v    97.685071    58.259394   -35.029677
v    90.409513    67.741206   -35.029677
v    89.498134    68.402760   -35.682727
v    84.234448    73.666446   -35.682727
v    83.178683    75.120843   -34.640398
v    72.519510    83.299957   -34.640398
v    71.736870    84.105726   -34.167957
v    69.261572    85.837839   -33.621197
v    58.223833    94.041272   -29.702046
v    47.961932    98.932346   -28.527066
v    42.214240   102.174638   -26.167071
v     4.743955   114.617454   -18.825359
v    -2.423610   115.560976   -18.825359
v    -9.999673   116.225931   -19.447457
v   -25.549920   116.586979   -14.941921
v   -29.568049   116.058076   -14.941921
v   -41.779237   114.882076   -13.615243
v   -49.745089   110.830784   -17.812451
v   -46.543613   112.198448   -16.990696
v   -51.221255   109.997975   -18.418563
v   -62.845378   105.183260   -18.418563
v   -71.010376    98.674527   -22.679375
v   -65.073061   103.087037   -20.571248
v   -83.047077    88.011782   -25.963674
v   -73.861688    95.060132   -25.963674
v   -87.203809    82.285688   -30.067176
v   -92.898781    76.590546   -30.067176
v   -96.379164    69.872123   -33.923743
v  -103.142996    61.057306   -33.923743
v  -108.716201    50.870063   -36.482543
v  -106.697187    53.586684   -37.447153
v  -111.319558    42.060348   -39.347631
v  -113.189935    37.544608   -39.347631
v  -114.737527    31.824297   -40.855088
v  -114.801982    22.328879   -44.498734
v  -115.255886    18.880638   -44.498734
v  -114.101144    29.606137   -43.708101
v  -115.645505    14.442788   -44.863014
v  -114.658447    12.165105   -47.270456
v  -114.551476    11.770724   -47.477085
v  -114.101824     6.648702   -47.056514
v  -113.209492    -0.128904   -47.056514
v  -112.330085    -9.262423   -46.064184
v  -112.155258    -9.572622   -46.284078
v  -109.974853   -17.631840   -44.159964
v  -107.727612   -23.057428   -44.159964
v  -105.335135   -31.153380   -41.527186
v  -100.792865   -37.265181   -43.697217
v   -99.980124   -38.973486   -42.891619
v   -89.617374   -52.478359   -42.891619
v   -85.583769   -55.406371   -45.782216
v   -73.873423   -67.116717   -45.782216
v   -65.188025   -71.615961   -50.767846
v   -53.793150   -80.359690   -50.767846
v   -45.047890   -84.520334   -54.892266
v   -38.466538   -88.544926   -55.234437
v   -32.554904   -92.938389   -53.135493
v   -31.250164   -93.324097   -53.559806
v   -22.345893   -97.012300   -53.559806
v   -22.294193   -97.041381   -53.538547
v   -19.103430   -99.017028   -51.747081
v   -14.968296  -101.072435   -49.726707
v    -8.662451  -104.624246   -45.259266
v    -7.279481  -105.497701   -43.965750
v   -17.127784   -99.927727   -51.018692
v     1.789584  -107.841879   -40.431456
v    -4.245178  -105.897184   -43.965750
v     6.472498  -109.113796   -37.977926
v     8.659876  -110.061569   -35.665890
v    14.947354  -109.509708   -35.149743
v    17.282519  -109.202230   -35.149743
v    27.273506  -108.240171   -34.064387
v    27.881149  -107.897830   -34.494822
v    35.658229  -105.793784   -32.445197
v    46.846135  -101.159679   -32.445197
v    53.407928   -99.220596   -30.311389
v    63.772549   -91.517665   -33.991429
v    64.248051   -90.914784   -34.539209
v    78.054280   -80.320916   -34.539209
v    82.109314   -74.734786   -38.542202
v    82.659815   -74.085307   -38.800531
v    88.917532   -67.827589   -38.800531
v    89.956120   -65.822691   -39.951532
v    90.667842   -64.650432   -40.383838
v    96.281353   -57.334740   -40.383838
v    96.932022   -55.967076   -41.028895
v   100.346080   -50.384347   -41.319196
v   100.989437   -49.464975   -41.116138
v   104.227987   -45.107395   -39.568886
v   105.202291   -44.071869   -38.568222
v   107.710241   -38.017209   -38.568222
v   110.270062   -33.479531   -36.705159
v   112.157445   -29.061578   -35.570994
v   115.568272   -23.006239   -31.280931
v   115.722691   -21.401674   -31.455247
v   117.274025    -9.617689   -31.455247
v   117.356507    -8.679440   -31.532287
v   116.841720    -8.679440   -32.495196
v   115.682726     5.503823   -31.170218
v   113.115932    21.709332   -31.170218
v   103.722384    44.270855   -36.686281
v   103.223753    44.628502   -37.166885
v    96.109757    58.590511   -37.166885
v    94.940899    59.412266   -38.037789
v    89.994725    64.924587   -39.196783
v    89.876869    65.188869   -39.059200
v    82.709133    72.356775   -39.059200
v    81.962888    73.934129   -38.069251
v    74.217951    80.883671   -36.440877
v    58.506482    91.317848   -33.621197
v    55.719284    93.361521   -32.673764
v    55.104328    93.899267   -32.332784
v    52.942120    95.171695   -31.641469
v    21.981589   110.374669   -21.472423
v     1.083133   113.684647   -21.472423
v    -7.313154   114.370690   -22.256763
v    -9.999673   116.179843   -19.533850
v   -25.177988   114.939388   -18.116017
v   -37.716041   112.953537   -18.116017
v   -60.640653   102.885340   -24.309110
v   -73.864069    95.048398   -25.979490
v   -61.884340   101.152376   -25.979490
v   -77.464008    89.927226   -29.795241
v   -85.795330    82.451672   -31.546912
v   -96.578991    68.176573   -35.705005
v   -88.929460    75.826104   -35.705005
v  -105.781216    53.779198   -38.689989
v  -100.243045    59.951202   -39.987586
v  -108.406342    43.970180   -42.295200
v  -111.160377    38.564999   -42.295200
v  -113.367483    29.734876   -44.956210
v  -113.111534    29.255293   -45.536982
v  -113.819006    20.984344   -46.591386
v  -114.064410    19.434370   -46.591386
v  -113.190105     9.490151   -49.462256
v  -112.599638     2.264933   -48.787267
v  -113.430067    10.105616   -49.164812
v  -111.933663    -1.939758   -48.787267
v  -111.267518    -9.728402   -47.794427
v  -107.594791   -20.138940   -46.621147
v  -109.667205   -11.847754   -49.119745
v  -100.101210   -37.410587   -44.635637
v  -101.546764   -32.008807   -46.621147
v   -85.830193   -53.314910   -47.979628
v   -80.514127   -55.829663   -51.315966
v   -64.666435   -71.677354   -51.315966
v   -54.129709   -76.371152   -56.801757
v   -28.255997   -93.187705   -56.084763
v   -36.152972   -89.164133   -56.084763
v   -27.409923   -93.399266   -56.339861
v   -26.144298   -94.144151   -55.935105
v    -7.889845  -104.427481   -45.817930
v    -4.416264  -105.782050   -44.139217
v    14.394302  -108.466358   -37.237973
v    16.839159  -108.079120   -37.237973
v    28.017031  -107.123183   -35.812997
v    33.237181  -103.181243   -39.077397
v    42.175975  -100.947097   -36.383735
v    59.966321   -91.882455   -36.383735
v    64.287676   -90.726012   -34.795327
v    83.527317   -72.251494   -39.951532
v    91.185521   -63.488207   -40.988930
v    93.947549   -59.293210   -41.728203
v   102.986512   -45.545313   -41.116138
v   104.174077   -43.925783   -40.565467
v   106.111799   -40.134180   -39.892180
v   112.291116   -27.498510   -35.770310
v   114.201968   -15.433578   -35.770310
v   114.465569   -12.208122   -36.071666
v   110.634512   -12.208122   -40.739784
v   108.515670    -9.841835   -42.865088
v   107.455994     4.327993   -41.421405
v   100.536213    39.116010   -41.421405
v   100.124145    44.936490   -40.583154
v    94.508594    51.042169   -43.490588
v    94.284448    52.028717   -43.167294
v    85.470311    65.219990   -43.167294
v    85.150759    65.361315   -43.334638
v    84.660291    65.851783   -43.334638
v    82.869505    69.898823   -41.216307
v    71.636872    77.404138   -41.216307
v    70.236385    80.529766   -39.206817
v     4.739194   104.759798   -31.641469
v    -3.202849   105.353836   -32.450639
v    -7.313154   109.034386   -28.759034
v   -22.250316   107.917398   -27.237291
v   -61.997773   100.011239   -27.237291
v   -62.009508    99.996443   -27.247495
v   -73.354894    89.561926   -32.649955
v   -76.237328    83.128871   -36.785769
v   -89.009901    74.594662   -36.785769
v   -99.089323    60.026541   -41.000154
v   -92.572596    66.543267   -41.000154
v  -101.496935    50.082321   -44.888013
v  -108.074545    40.238270   -44.888013
v  -110.258522    30.629079   -48.036600
v  -111.362074    29.429099   -47.465181
v  -111.803223    23.199102   -48.362444
v  -112.841131    17.981504   -48.362444
v  -110.823308     1.470048   -50.798288
v  -111.262076     7.336956   -51.396067
v  -108.144101   -11.998942   -50.798288
v  -100.491680   -20.139620   -54.866926
v  -107.529316   -12.487369   -51.223110
v   -99.744073   -20.474479   -55.347530
v   -75.919987   -56.129658   -55.347530
v   -70.353074   -58.593052   -58.261597
v   -54.238380   -74.707745   -58.261597
v   -51.910018   -75.271511   -59.171785
v   -31.709510   -88.769072   -59.171785
v   -30.411402   -89.621098   -58.950531
v   -31.215981   -88.881145   -59.333517
v   -20.869217   -96.577443   -54.379009
v   -22.156610   -94.937335   -55.935105
v     7.132520  -104.918459   -42.962706
v    26.874704  -100.991484   -42.962706
v    33.501462  -100.522105   -42.008130
v    41.026505   -93.601303   -45.591573
v    51.787888   -91.155426   -42.065272
v    80.851342   -71.735857   -42.065272
v    83.604527   -71.069371   -40.988930
v    94.088533   -58.710907   -41.955920
v   100.264619   -49.467696   -41.955920
v   100.555260   -48.188976   -42.374961
v   106.112989   -40.117684   -39.894560
v   110.013944   -20.505601   -39.894560
v    96.552267    -9.841835   -52.683120
v    88.194925    -2.038056   -58.267889
v    87.786088     3.806063   -57.649362
v    77.166710    43.438046   -57.649362
v    82.372234    50.408506   -52.481592
v    83.972718    51.482128   -51.102024
v    70.487742    62.292999   -52.481592
v    72.163564    64.791086   -50.328398
v    67.644762    60.169906   -54.589380
v     8.033696    76.142595   -54.589380
v     2.563550    76.525241   -55.168282
v    -3.202849    82.700647   -51.041481
v   -12.340790    82.061372   -50.074490
v   -76.711980    64.813195   -50.074490
v   -76.985105    65.220161   -49.723646
v   -76.647525    63.526142   -50.771757
v   -76.919459    62.424119   -51.199981
v  -100.539638    38.803941   -51.199981
v  -102.314778    30.960706   -53.775448
v  -101.865636    30.359185   -54.221359
v  -107.200070    10.450849   -54.221359
v  -107.417923     7.336956   -54.550775
v  -102.147774     2.416121   -58.072484
v   -90.750008   -20.849983   -61.845040
v   -96.036993    -1.119024   -61.845040
v   -76.306034   -29.379430   -68.344079
v   -68.519772   -36.995628   -70.348467
v   -65.663187   -37.700718   -71.458482
v   -34.298412   -69.065494   -71.458482
v   -34.535142   -73.796706   -68.895771
v   -31.641144   -78.697474   -66.690706
v   -21.385024   -83.565078   -65.142093
v   -22.156610   -86.640367   -62.744344
v   -22.708472   -81.090971   -66.690706
v   -21.385024   -83.378857   -65.278315
v    35.245821   -68.204624   -65.278315
v    41.879892   -73.159132   -60.359691
v    57.082866   -69.718374   -55.367428
v    82.222407   -44.578833   -55.367428
v    87.799864   -44.857910   -52.346221
v    93.221371   -48.495093   -47.673170
v    96.329651   -13.024265   -52.346221
v    61.160688    -2.038056   -72.717985
v    59.052901    -1.373271   -73.749430
v    74.575768    42.423947   -59.179438
v    54.367946    -1.373271   -75.776947
v    45.061301    21.094716   -75.776947
v    66.101251    42.134667   -62.899103
v    66.628283    57.573351   -56.122857
v    42.091113    19.894907   -76.828800
v     4.385798    35.513010   -76.828800
v     3.120684    35.609097   -76.958559
v     2.563550    36.257215   -76.691897
v     0.691813    36.115040   -76.499894
v   -54.785820    13.135327   -76.499894
v   -65.127142    17.312807   -72.838051
v   -75.741928    27.927764   -66.341052
v   -97.556355    28.672309   -56.766214
v   -74.406577    -5.090045   -72.838051
v   -86.997520    -1.119024   -66.676931
v   -69.264147    -9.511229   -74.953491
v   -51.068026   -17.236268   -81.443858
v   -42.913232   -36.924030   -81.443858
v   -33.273599   -40.830597   -83.877150
v   -32.199808   -43.480042   -83.208454
v   -32.956257   -65.636980   -73.483278
v   -22.708472   -62.004899   -76.892404
v   -18.637622   -49.097634   -83.208454
v   -18.588643   -49.040662   -83.231923
v    35.207896   -68.107517   -65.335457
v   -17.225231   -45.828982   -84.377482
v    14.733752   -32.591111   -84.377482
v    19.420408   -32.331761   -83.649433
v    30.688755   -36.883725   -79.659364
v    34.264034   -40.459005   -77.470966
v    75.274225   -41.858981   -59.470930
v    43.483776    -5.994111   -79.659364
v    29.127046    -5.994111   -84.014393
v    34.129343    11.933137   -80.244388
v    14.879668   -12.817805   -87.478790
v     1.715435     0.346428   -87.478790
v     3.120684     3.280392   -86.765366
v    -1.909844    -3.620172   -88.226566
v    -4.748741    -3.996526   -87.984053
v   -50.389466     8.739143   -78.385916
v   -24.999759   -24.247544   -87.984053
v   -28.502761   -24.247544   -87.408043
v   -43.141289   -17.236268   -83.848409
v   -33.074623   -40.631621   -83.962523
v   -24.798402   -24.298053   -88.008883
v   -15.820493   -33.275963   -88.008883
v   -17.225231   -36.209077   -87.295630
v   -10.615819   -27.581501   -89.082334
v    -5.601788   -26.916717   -88.653940
v     5.722850   -15.591908   -88.653940
v    14.159102   -13.476638   -87.614672
v    -1.909844   -15.591908   -89.405628
v   -10.615819   -24.298053   -89.405628
f      1      2      3
f      1      3      4
f      1      4      5
f      6      7      8
f      6      8      2
f      6      2      1
f      8      9     10
f      8     10     11
f      8     11      3
f      8      3      2
f      4      3     11
f      4     11     12
f      4     12     13
f     14     15     16
f     14     16     17
f     14     17     18
f     19      5      4
f     19      4     13
f     19     13     15
f     19     15     14
f     20     21     22
f     20     22      6
f     20      6      1
f     20      1      5
f     20      5     19
f     23     24     25
f     23     25     26
f     23     26     22
f     23     22     21
f     22     26     27
f     22     27      7
f     22      7      6
f     25     28     29
f     25     29     30
f     25     30     27
f     25     27     26
f     27     30     31
f     27     31     32
f     27     32      9
f     27      9      8
f     27      8      7
f     32     33     10
f     32     10      9
f     11     10     33
f     11     33     34
f     11     34     35
f     11     35     12
f     36     37     38
f     36     38     39
f     36     39     40
f     13     12     35
f     13     35     37
f     13     37     36
f     13     36     16
f     13     16     15
f     17     16     36
f     17     36     40
f     17     40     41
f     17     41     42
f     17     42     43
f     44     45     46
f     44     46     47
f     44     47     48
f     44     48     49
f     44     49     50
f     51     18     17
f     51     17     43
f     51     43     52
f     51     52     45
f     51     45     44
f     53     54     20
f     53     20     19
f     53     19     14
f     53     14     18
f     53     18     51
f     55     56     57
f     55     57     23
f     55     23     21
f     55     21     20
f     55     20     54
f     58     59     60
f     58     60     57
f     58     57     56
f     61     62     63
f     61     63     64
f     61     64     65
f     61     65     66
f     61     66     60
f     61     60     59
f     57     60     66
f     57     66     67
f     57     67     24
f     57     24     23
f     66     65     68
f     66     68     69
f     66     69     70
f     66     70     67
f     67     70     71
f     67     71     28
f     67     28     25
f     67     25     24
f     69     72     73
f     69     73     74
f     69     74     71
f     69     71     70
f     71     74     75
f     71     75     76
f     71     76     29
f     71     29     28
f     29     76     77
f     29     77     31
f     29     31     30
f     31     77     78
f     31     78     79
f     31     79     34
f     31     34     33
f     31     33     32
f     35     34     79
f     35     79     80
f     35     80     81
f     35     81     38
f     35     38     37
f     38     81     82
f     38     82     83
f     38     83     84
f     38     84     39
f     84     83     85
f     84     85     86
f     84     86     87
f     84     87     88
f     84     88     89
f     40     39     84
f     40     84     89
f     40     89     90
f     40     90     91
f     40     91     41
f     41     91     92
f     41     92     93
f     41     93     42
f     43     42     93
f     43     93     94
f     43     94     95
f     43     95     52
f     52     95     96
f     52     96     97
f     52     97     46
f     52     46     45
f     98     49     48
f     98     48     99
f     98     99    100
f     50     49     98
f     50     98    101
f    102    103    104
f    102    104     53
f    102     53     51
f    102     51     44
f    102     44     50
f    102     50    101
f    102    101    105
f    104    106    107
f    104    107     55
f    104     55     54
f    104     54     53
f    108    109    110
f    108    110     58
f    108     58     56
f    108     56     55
f    108     55    107
f    110    111    112
f    110    112    113
f    110    113     61
f    110     61     59
f    110     59     58
f    113    114    115
f    113    115    116
f    113    116    117
f    113    117    118
f    113    118     62
f    113     62     61
f    117    119    120
f    117    120    121
f    117    121    118
f    118    121    122
f    118    122    123
f    118    123    124
f    118    124     63
f    118     63     62
f     63    124    125
f     63    125    126
f     63    126    127
f     63    127     64
f     64    127    128
f     64    128    129
f     64    129    130
f     64    130    131
f     64    131     68
f     64     68     65
f    130    132    133
f    130    133    131
f     68    131    133
f     68    133    134
f     68    134    135
f     68    135     72
f     68     72     69
f    134    136    137
f    134    137    138
f    134    138    139
f    134    139    140
f    134    140    135
f    135    140    141
f    135    141    142
f    135    142     73
f    135     73     72
f     73    142    143
f     73    143    144
f     73    144     75
f     73     75     74
f     75    144    145
f     75    145    146
f     75    146     78
f     75     78     77
f     75     77     76
f     79     78    146
f     79    146    147
f     79    147     80
f     80    147    148
f     80    148    149
f     80    149     82
f     80     82     81
f     82    149    150
f     82    150    151
f     82    151     85
f     82     85     83
f     85    151    152
f     85    152    153
f     85    153    154
f     85    154    155
f     85    155    156
f     85    156    157
f     85    157    158
f     85    158     86
f     86    158    159
f     86    159    160
f     86    160     87
f     87    160    161
f     87    161    162
f     87    162     88
f     89     88    162
f     89    162    163
f     89    163    164
f     89    164     90
f     90    164    165
f     90    165    166
f     90    166     92
f     90     92     91
f     93     92    166
f     93    166    167
f     93    167     94
f     96    168    169
f     96    169     97
f     46     97    169
f     46    169    170
f     46    170     47
f    171    100     99
f    171     99    172
f    171    172    173
f    171    173    174
f    171    174    175
f    105    101     98
f    105     98    100
f    105    100    171
f    176    177    103
f    176    103    102
f    176    102    178
f    179    106    104
f    179    104    103
f    179    103    177
f    180    181    108
f    180    108    107
f    180    107    106
f    180    106    179
f    180    179    182
f    183    184    185
f    183    185    109
f    183    109    108
f    183    108    181
f    185    186    111
f    185    111    110
f    185    110    109
f    112    187    188
f    112    188    114
f    112    114    113
f    188    189    190
f    188    190    191
f    188    191    115
f    188    115    114
f    116    192    193
f    116    193    119
f    116    119    117
f    193    194    120
f    193    120    119
f    123    195    196
f    123    196    125
f    123    125    124
f    125    196    197
f    125    197    198
f    125    198    199
f    125    199    200
f    125    200    201
f    125    201    126
f    126    201    202
f    126    202    128
f    126    128    127
f    129    203    204
f    129    204    205
f    129    205    132
f    129    132    130
f    133    132    205
f    133    205    206
f    133    206    207
f    133    207    136
f    133    136    134
f    207    208    209
f    207    209    210
f    207    210    137
f    207    137    136
f    137    210    211
f    137    211    212
f    137    212    138
f    138    212    213
f    138    213    214
f    138    214    215
f    138    215    139
f    139    215    216
f    139    216    217
f    139    217    141
f    139    141    140
f    141    217    218
f    141    218    219
f    141    219    220
f    141    220    143
f    141    143    142
f    143    220    221
f    143    221    145
f    143    145    144
f    146    145    221
f    146    221    222
f    146    222    223
f    146    223    224
f    146    224    148
f    146    148    147
f    148    224    225
f    148    225    226
f    148    226    150
f    148    150    149
f    150    226    227
f    150    227    228
f    150    228    229
f    150    229    152
f    150    152    151
f    152    229    230
f    152    230    153
f    153    230    231
f    153    231    232
f    153    232    233
f    153    233    234
f    153    234    154
f    156    235    236
f    156    236    157
f    157    236    237
f    157    237    159
f    157    159    158
f    159    237    238
f    159    238    239
f    159    239    161
f    159    161    160
f    162    161    239
f    162    239    240
f    162    240    241
f    162    241    163
f    165    164    163
f    165    163    241
f    165    241    242
f    165    242    243
f    165    243    244
f    167    166    165
f    167    165    244
f    167    244    245
f    167    245    246
f    247    168     96
f    247     96     95
f    247     95     94
f    247     94    167
f    247    167    246
f    247    246    248
f    170    169    168
f    170    168    247
f    170    247    249
f    170    249    250
f     99     48     47
f     99     47    170
f     99    170    250
f     99    250    172
f    251    175    174
f    251    174    252
f    251    252    253
f    254    178    102
f    254    102    105
f    254    105    171
f    254    171    175
f    254    175    251
f    255    256    176
f    255    176    178
f    255    178    254
f    257    182    179
f    257    179    177
f    257    177    176
f    257    176    256
f    258    259    260
f    258    260    180
f    258    180    182
f    258    182    257
f    260    261    262
f    260    262    263
f    260    263    183
f    260    183    181
f    260    181    180
f    263    264    265
f    263    265    184
f    263    184    183
f    265    266    267
f    265    267    186
f    265    186    185
f    265    185    184
f    267    268    269
f    267    269    270
f    267    270    187
f    267    187    112
f    267    112    111
f    267    111    186
f    270    271    189
f    270    189    188
f    270    188    187
f    272    273    190
f    272    190    189
f    272    189    271
f    115    191    274
f    115    274    275
f    115    275    192
f    115    192    116
f    275    276    194
f    275    194    193
f    275    193    192
f    122    277    278
f    122    278    195
f    122    195    123
f    278    279    197
f    278    197    196
f    278    196    195
f    199    280    281
f    199    281    200
f    200    281    282
f    200    282    202
f    200    202    201
f    128    202    282
f    128    282    283
f    128    283    284
f    128    284    203
f    128    203    129
f    204    285    206
f    204    206    205
f    206    285    286
f    206    286    208
f    206    208    207
f    209    287    288
f    209    288    289
f    209    289    211
f    209    211    210
f    211    289    290
f    211    290    213
f    211    213    212
f    213    290    291
f    213    291    292
f    213    292    293
f    213    293    294
f    213    294    214
f    214    294    295
f    214    295    216
f    214    216    215
f    216    295    296
f    216    296    297
f    216    297    298
f    216    298    218
f    216    218    217
f    218    298    299
f    218    299    300
f    218    300    301
f    218    301    219
f    221    220    219
f    221    219    301
f    221    301    302
f    221    302    303
f    221    303    222
f    222    303    304
f    222    304    305
f    222    305    223
f    223    305    306
f    223    306    307
f    223    307    225
f    223    225    224
f    225    307    308
f    225    308    309
f    225    309    227
f    225    227    226
f    227    309    310
f    227    310    311
f    227    311    312
f    227    312    228
f    228    312    313
f    228    313    231
f    228    231    230
f    228    230    229
f    231    313    314
f    231    314    315
f    231    315    232
f    316    155    154
f    316    154    234
f    316    234    317
f    318    235    156
f    318    156    155
f    318    155    316
f    318    316    319
f    320    238    237
f    320    237    236
f    320    236    235
f    320    235    318
f    321    240    239
f    321    239    238
f    321    238    320
f    321    320    322
f    241    240    321
f    241    321    323
f    241    323    324
f    241    324    242
f    243    242    324
f    243    324    325
f    243    325    326
f    245    244    243
f    245    243    326
f    245    326    327
f    245    327    328
f    248    246    245
f    248    245    328
f    248    328    329
f    248    329    330
f    331    249    247
f    331    247    248
f    331    248    330
f    331    330    332
f    172    250    249
f    172    249    331
f    172    331    333
f    172    333    173
f    174    173    333
f    174    333    334
f    174    334    252
f    335    336    337
f    335    337    338
f    335    338    339
f    335    339    340
f    335    340    341
f    341    342    255
f    341    255    254
f    341    254    251
f    341    251    253
f    341    253    343
f    341    343    335
f    340    344    345
f    340    345    346
f    340    346    342
f    340    342    341
f    342    346    347
f    342    347    258
f    342    258    257
f    342    257    256
f    342    256    255
f    347    348    349
f    347    349    259
f    347    259    258
f    349    350    351
f    349    351    261
f    349    261    260
f    349    260    259
f    351    352    353
f    351    353    262
f    351    262    261
f    262    353    354
f    262    354    355
f    262    355    264
f    262    264    263
f    355    356    357
f    355    357    358
f    355    358    266
f    355    266    265
f    355    265    264
f    358    359    268
f    358    268    267
f    358    267    266
f    360    361    362
f    360    362    269
f    360    269    268
f    360    268    359
f    269    362    363
f    269    363    272
f    269    272    271
f    269    271    270
f    363    364    365
f    363    365    273
f    363    273    272
f    190    273    365
f    190    365    366
f    190    366    274
f    190    274    191
f    274    366    367
f    274    367    368
f    274    368    276
f    274    276    275
f    120    194    276
f    120    276    368
f    120    368    369
f    120    369    277
f    120    277    122
f    120    122    121
f    369    370    371
f    369    371    279
f    369    279    278
f    369    278    277
f    197    279    371
f    197    371    372
f    197    372    198
f    198    372    373
f    198    373    374
f    198    374    375
f    198    375    280
f    198    280    199
f    282    281    280
f    282    280    375
f    282    375    376
f    282    376    283
f    283    376    377
f    283    377    378
f    283    378    284
f    284    378    379
f    284    379    380
f    284    380    286
f    284    286    285
f    284    285    204
f    284    204    203
f    380    381    287
f    380    287    209
f    380    209    208
f    380    208    286
f    382    383    384
f    382    384    288
f    382    288    287
f    382    287    381
f    288    384    385
f    288    385    291
f    288    291    290
f    288    290    289
f    291    385    386
f    291    386    387
f    291    387    292
f    292    387    388
f    292    388    389
f    292    389    293
f    293    389    390
f    293    390    296
f    293    296    295
f    293    295    294
f    296    390    391
f    296    391    392
f    296    392    393
f    296    393    297
f    297    393    394
f    297    394    299
f    297    299    298
f    299    394    395
f    299    395    396
f    299    396    397
f    299    397    300
f    301    300    397
f    301    397    398
f    301    398    399
f    301    399    302
f    302    399    400
f    302    400    401
f    302    401    402
f    302    402    304
f    302    304    303
f    304    402    403
f    304    403    306
f    304    306    305
f    306    403    404
f    306    404    405
f    306    405    406
f    306    406    308
f    306    308    307
f    308    406    407
f    308    407    310
f    308    310    309
f    408    311    310
f    408    310    407
f    408    407    409
f    314    313    312
f    314    312    311
f    314    311    408
f    314    408    410
f    411    315    314
f    411    314    410
f    411    410    412
f    233    232    315
f    233    315    411
f    233    411    413
f    317    234    233
f    317    233    413
f    317    413    414
f    317    414    415
f    416    319    316
f    416    316    317
f    416    317    415
f    416    415    417
f    418    322    320
f    418    320    318
f    418    318    319
f    418    319    416
f    419    323    321
f    419    321    322
f    419    322    418
f    419    418    420
f    325    324    323
f    325    323    419
f    327    326    325
f    327    325    419
f    327    419    420
f    327    420    421
f    327    421    422
f    329    328    327
f    329    327    422
f    329    422    423
f    332    330    329
f    332    329    423
f    332    423    424
f    332    424    425
f    332    425    426
f    334    333    331
f    334    331    332
f    334    332    426
f    334    426    427
f    334    427    428
f    428    427    429
f    428    429    430
f    428    430    431
f    253    252    334
f    253    334    428
f    253    428    431
f    253    431    432
f    253    432    343
f    335    343    432
f    335    432    433
f    335    433    434
f    335    434    336
f    338    435    436
f    338    436    437
f    338    437    438
f    338    438    339
f    339    438    439
f    339    439    440
f    339    440    344
f    339    344    340
f    439    441    442
f    439    442    440
f    440    442    443
f    440    443    444
f    440    444    345
f    440    345    344
f    445    446    447
f    445    447    448
f    445    448    449
f    445    449    450
f    450    449    451
f    450    451    452
f    450    452    350
f    450    350    349
f    450    349    348
f    451    453    454
f    451    454    452
f    452    454    455
f    452    455    456
f    452    456    352
f    452    352    351
f    452    351    350
f    456    457    458
f    456    458    354
f    456    354    353
f    456    353    352
f    354    458    459
f    354    459    460
f    354    460    356
f    354    356    355
f    460    461    462
f    460    462    357
f    460    357    356
f    357    462    463
f    357    463    464
f    357    464    360
f    357    360    359
f    357    359    358
f    464    465    466
f    464    466    467
f    464    467    468
f    464    468    361
f    464    361    360
f    468    469    470
f    468    470    364
f    468    364    363
f    468    363    362
f    468    362    361
f    467    471    472
f    467    472    469
f    467    469    468
f    472    473    474
f    472    474    475
f    472    475    470
f    472    470    469
f    470    475    476
f    470    476    367
f    470    367    366
f    470    366    365
f    470    365    364
f    474    477    478
f    474    478    479
f    474    479    476
f    474    476    475
f    367    476    479
f    367    479    480
f    367    480    370
f    367    370    369
f    367    369    368
f    479    478    481
f    479    481    482
f    479    482    480
f    480    482    373
f    480    373    372
f    480    372    371
f    480    371    370
f    373    482    481
f    373    481    483
f    373    483    484
f    373    484    485
f    373    485    374
f    374    485    377
f    374    377    376
f    374    376    375
f    377    485    484
f    377    484    486
f    377    486    487
f    377    487    488
f    377    488    379
f    377    379    378
f    379    488    489
f    379    489    382
f    379    382    381
f    379    381    380
f    489    490    491
f    489    491    492
f    489    492    493
f    489    493    383
f    489    383    382
f    493    494    386
f    493    386    385
f    493    385    384
f    493    384    383
f    492    495    496
f    492    496    497
f    492    497    494
f    492    494    493
f    386    494    497
f    386    497    498
f    386    498    388
f    386    388    387
f    496    499    500
f    496    500    501
f    496    501    498
f    496    498    497
f    501    500    502
f    501    502    503
f    501    503    504
f    388    498    501
f    388    501    504
f    388    504    391
f    388    391    390
f    388    390    389
f    391    504    503
f    391    503    505
f    391    505    506
f    391    506    507
f    391    507    508
f    391    508    392
f    392    508    509
f    392    509    395
f    392    395    394
f    392    394    393
f    507    510    511
f    507    511    512
f    507    512    509
f    507    509    508
f    395    509    512
f    395    512    513
f    395    513    514
f    395    514    515
f    395    515    396
f    397    396    515
f    397    515    516
f    397    516    517
f    397    517    518
f    397    518    398
f    398    518    519
f    398    519    400
f    398    400    399
f    400    519    520
f    400    520    521
f    400    521    522
f    400    522    401
f    401    522    523
f    401    523    404
f    401    404    403
f    401    403    402
f    405    404    523
f    405    523    524
f    405    524    525
f    405    525    526
f    409    407    406
f    409    406    405
f    409    405    526
f    409    526    527
f    527    526    525
f    527    525    528
f    527    528    529
f    412    410    408
f    412    408    409
f    412    409    527
f    412    527    529
f    412    529    530
f    412    530    531
f    530    529    528
f    530    528    532
f    530    532    533
f    534    531    530
f    534    530    533
f    534    533    535
f    534    535    536
f    534    536    537
f    414    413    411
f    414    411    412
f    414    412    531
f    414    531    534
f    414    534    538
f    539    538    534
f    539    534    537
f    539    537    540
f    539    540    541
f    417    415    414
f    417    414    538
f    417    538    539
f    417    539    542
f    543    544    542
f    543    542    539
f    543    539    541
f    543    541    545
f    421    420    418
f    421    418    416
f    421    416    417
f    421    417    542
f    421    542    544
f    421    544    546
f    546    544    543
f    546    543    547
f    546    547    548
f    423    422    421
f    423    421    546
f    423    546    548
f    423    548    424
f    424    548    547
f    424    547    549
f    424    549    550
f    424    550    425
f    426    425    550
f    426    550    551
f    426    551    429
f    426    429    427
f    430    429    551
f    430    551    552
f    430    552    553
f    432    431    430
f    432    430    553
f    432    553    554
f    432    554    433
f    433    554    555
f    433    555    556
f    433    556    434
f    336    434    556
f    336    556    557
f    336    557    337
f    337    557    558
f    337    558    559
f    337    559    435
f    337    435    338
f    436    560    561
f    436    561    437
f    437    561    562
f    437    562    563
f    437    563    441
f    437    441    439
f    437    439    438
f    563    564    565
f    563    565    566
f    563    566    443
f    563    443    442
f    563    442    441
f    443    566    567
f    443    567    568
f    443    568    446
f    443    446    445
f    443    445    444
f    568    569    570
f    568    570    571
f    568    571    447
f    568    447    446
f    447    571    572
f    447    572    573
f    447    573    448
f    448    573    574
f    448    574    453
f    448    453    451
f    448    451    449
f    574    575    576
f    574    576    455
f    574    455    454
f    574    454    453
f    455    576    577
f    455    577    578
f    455    578    579
f    455    579    457
f    455    457    456
f    579    580    459
f    579    459    458
f    579    458    457
f    459    580    581
f    459    581    582
f    459    582    583
f    459    583    584
f    459    584    461
f    459    461    460
f    584    585    586
f    584    586    463
f    584    463    462
f    584    462    461
f    463    586    587
f    463    587    588
f    463    588    589
f    463    589    465
f    463    465    464
f    589    590    591
f    589    591    592
f    589    592    466
f    589    466    465
f    466    592    593
f    466    593    594
f    466    594    471
f    466    471    467
f    594    595    596
f    594    596    473
f    594    473    472
f    594    472    471
f    597    598    599
f    597    599    596
f    597    596    595
f    596    599    600
f    596    600    477
f    596    477    474
f    596    474    473
f    601    602    603
f    601    603    604
f    601    604    600
f    601    600    599
f    601    599    598
f    600    604    605
f    600    605    483
f    600    483    481
f    600    481    478
f    600    478    477
f    606    607    605
f    606    605    604
f    606    604    603
f    483    605    607
f    483    607    608
f    483    608    486
f    483    486    484
f    486    608    609
f    486    609    610
f    486    610    611
f    486    611    487
f    487    611    612
f    487    612    613
f    487    613    490
f    487    490    489
f    487    489    488
f    613    614    615
f    613    615    491
f    613    491    490
f    491    615    616
f    491    616    617
f    491    617    495
f    491    495    492
f    616    618    619
f    616    619    620
f    616    620    621
f    616    621    617
f    617    621    622
f    617    622    499
f    617    499    496
f    617    496    495
f    620    623    624
f    620    624    625
f    620    625    626
f    620    626    622
f    620    622    621
f    622    626    502
f    622    502    500
f    622    500    499
f    503    502    626
f    503    626    625
f    503    625    627
f    503    627    505
f    505    627    628
f    505    628    629
f    505    629    630
f    505    630    506
f    506    630    631
f    506    631    632
f    506    632    510
f    506    510    507
f    632    633    634
f    632    634    511
f    632    511    510
f    512    511    634
f    512    634    635
f    512    635    636
f    512    636    513
f    513    636    637
f    513    637    638
f    513    638    514
f    515    514    638
f    515    638    639
f    515    639    516
f    516    639    640
f    516    640    641
f    516    641    517
f    517    641    642
f    517    642    643
f    517    643    520
f    517    520    519
f    517    519    518
f    521    520    643
f    521    643    644
f    521    644    645
f    521    645    646
f    524    523    522
f    524    522    521
f    524    521    646
f    524    646    647
f    524    647    648
f    524    648    649
f    650    649    648
f    650    648    651
f    650    651    652
f    650    652    653
f    528    525    524
f    528    524    649
f    528    649    650
f    528    650    654
f    528    654    532
f    655    654    650
f    655    650    653
f    655    653    656
f    655    656    657
f    533    532    654
f    533    654    655
f    533    655    658
f    533    658    535
f    536    535    658
f    536    658    659
f    659    658    655
f    659    655    657
f    659    657    660
f    659    660    661
f    659    661    662
f    659    662    663
f    540    537    536
f    540    536    659
f    540    659    663
f    540    663    664
f    664    663    662
f    664    662    665
f    664    665    666
f    664    666    667
f    545    541    540
f    545    540    664
f    545    664    667
f    545    667    668
f    668    667    666
f    668    666    669
f    668    669    670
f    668    670    671
f    549    547    543
f    549    543    545
f    549    545    668
f    549    668    671
f    549    671    672
f    672    671    670
f    672    670    673
f    672    673    674
f    672    674    675
f    672    675    676
f    551    550    549
f    551    549    672
f    551    672    676
f    551    676    677
f    551    677    552
f    677    676    675
f    677    675    678
f    677    678    679
f    677    679    680
f    677    680    681
f    677    681    682
f    553    552    677
f    553    677    682
f    553    682    683
f    553    683    684
f    553    684    555
f    553    555    554
f    684    683    685
f    684    685    686
f    556    555    684
f    556    684    686
f    556    686    687
f    556    687    558
f    556    558    557
f    558    687    688
f    558    688    689
f    558    689    559
f    559    689    690
f    559    690    560
f    559    560    436
f    559    436    435
f    690    691    692
f    690    692    562
f    690    562    561
f    690    561    560
f    562    692    693
f    562    693    564
f    562    564    563
f    565    694    695
f    565    695    567
f    565    567    566
f    567    695    696
f    567    696    569
f    567    569    568
f    570    697    698
f    570    698    572
f    570    572    571
f    572    698    699
f    572    699    700
f    572    700    575
f    572    575    574
f    572    574    573
f    700    701    702
f    700    702    703
f    700    703    577
f    700    577    576
f    700    576    575
f    577    703    704
f    577    704    705
f    577    705    578
f    578    705    706
f    578    706    707
f    578    707    581
f    578    581    580
f    578    580    579
f    582    708    709
f    582    709    583
f    583    709    585
f    583    585    584
f    588    710    711
f    588    711    590
f    588    590    589
f    711    712    591
f    711    591    590
f    593    713    597
f    593    597    595
f    593    595    594
f    714    715    601
f    714    601    598
f    714    598    597
f    714    597    713
f    716    602    601
f    716    601    715
f    716    715    717
f    718    719    606
f    718    606    603
f    718    603    602
f    718    602    716
f    720    609    608
f    720    608    607
f    720    607    606
f    720    606    719
f    720    719    721
f    722    610    609
f    722    609    720
f    722    720    723
f    724    725    612
f    724    612    611
f    724    611    610
f    724    610    722
f    612    725    726
f    612    726    727
f    612    727    614
f    612    614    613
f    728    618    616
f    728    616    615
f    728    615    614
f    728    614    727
f    728    727    729
f    730    731    619
f    730    619    618
f    730    618    728
f    732    623    620
f    732    620    619
f    732    619    731
f    733    734    624
f    733    624    623
f    733    623    732
f    733    732    735
f    625    624    734
f    625    734    736
f    625    736    628
f    625    628    627
f    628    736    737
f    628    737    738
f    628    738    739
f    628    739    629
f    629    739    740
f    629    740    741
f    629    741    631
f    629    631    630
f    631    741    742
f    631    742    743
f    631    743    633
f    631    633    632
f    634    633    743
f    634    743    744
f    634    744    745
f    634    745    635
f    635    745    746
f    635    746    747
f    635    747    637
f    635    637    636
f    638    637    747
f    638    747    748
f    638    748    640
f    638    640    639
f    640    748    749
f    640    749    750
f    640    750    642
f    640    642    641
f    643    642    750
f    643    750    751
f    643    751    752
f    643    752    644
f    645    644    752
f    645    752    753
f    645    753    754
f    645    754    755
f    647    646    645
f    647    645    755
f    647    755    756
f    647    756    757
f    647    757    758
f    647    758    759
f    760    761    762
f    760    762    651
f    760    651    648
f    760    648    647
f    760    647    759
f    760    759    763
f    764    652    651
f    764    651    762
f    764    762    765
f    653    652    764
f    653    764    766
f    653    766    767
f    653    767    656
f    657    656    767
f    657    767    768
f    657    768    660
f    660    768    769
f    660    769    770
f    660    770    661
f    662    661    770
f    662    770    771
f    662    771    772
f    662    772    665
f    666    665    772
f    666    772    773
f    666    773    774
f    666    774    669
f    670    669    774
f    670    774    775
f    670    775    673
f    673    775    776
f    673    776    777
f    673    777    674
f    675    674    777
f    675    777    778
f    675    778    779
f    675    779    780
f    675    780    678
f    678    780    781
f    678    781    782
f    678    782    783
f    678    783    679
f    679    783    784
f    679    784    785
f    679    785    786
f    679    786    787
f    679    787    788
f    679    788    680
f    680    788    789
f    680    789    790
f    680    790    681
f    682    681    790
f    682    790    791
f    682    791    792
f    682    792    685
f    682    685    683
f    686    685    792
f    686    792    793
f    686    793    794
f    686    794    688
f    686    688    687
f    688    794    795
f    688    795    691
f    688    691    690
f    688    690    689
f    795    796    797
f    795    797    693
f    795    693    692
f    795    692    691
f    693    797    798
f    693    798    694
f    693    694    565
f    693    565    564
f    696    799    697
f    696    697    570
f    696    570    569
f    800    801    699
f    800    699    698
f    800    698    697
f    800    697    799
f    699    801    802
f    699    802    803
f    699    803    804
f    699    804    701
f    699    701    700
f    804    805    806
f    804    806    702
f    804    702    701
f    702    806    807
f    702    807    704
f    702    704    703
f    706    808    809
f    706    809    810
f    706    810    707
f    707    810    811
f    707    811    708
f    707    708    582
f    707    582    581
f    587    812    813
f    587    813    710
f    587    710    588
f    813    814    815
f    813    815    712
f    813    712    711
f    813    711    710
f    591    712    815
f    591    815    816
f    591    816    714
f    591    714    713
f    591    713    593
f    591    593    592
f    816    817    717
f    816    717    715
f    816    715    714
f    818    721    719
f    818    719    718
f    819    723    720
f    819    720    721
f    819    721    818
f    819    818    820
f    821    822    724
f    821    724    722
f    821    722    723
f    821    723    819
f    823    726    725
f    823    725    724
f    823    724    822
f    823    822    824
f    825    729    727
f    825    727    726
f    825    726    823
f    825    823    826
f    827    828    730
f    827    730    728
f    827    728    729
f    827    729    825
f    829    735    732
f    829    732    731
f    829    731    730
f    829    730    828
f    830    831    832
f    830    832    733
f    830    733    735
f    830    735    829
f    832    737    736
f    832    736    734
f    832    734    733
f    833    834    740
f    833    740    739
f    833    739    738
f    833    738    835
f    742    741    740
f    742    740    834
f    742    834    836
f    742    836    837
f    838    744    743
f    838    743    742
f    838    742    837
f    838    837    839
f    840    746    745
f    840    745    744
f    840    744    838
f    840    838    841
f    749    748    747
f    749    747    746
f    749    746    840
f    749    840    842
f    751    750    749
f    751    749    842
f    751    842    843
f    751    843    844
f    753    752    751
f    753    751    844
f    753    844    845
f    846    756    755
f    846    755    754
f    846    754    847
f    757    756    846
f    757    846    848
f    757    848    849
f    850    761    760
f    765    762    761
f    765    761    850
f    765    850    851
f    767    766    852
f    767    852    769
f    767    769    768
f    770    769    852
f    770    852    853
f    770    853    854
f    770    854    771
f    772    771    854
f    772    854    855
f    772    855    856
f    772    856    773
f    774    773    856
f    774    856    857
f    774    857    858
f    774    858    776
f    774    776    775
f    777    776    858
f    777    858    778
f    779    859    781
f    779    781    780
f    782    860    861
f    782    861    784
f    782    784    783
f    786    862    863
f    786    863    787
f    787    863    864
f    787    864    789
f    787    789    788
f    792    791    865
f    792    865    866
f    792    866    793
f    793    866    867
f    793    867    796
f    793    796    795
f    793    795    794
f    867    868    869
f    867    869    870
f    867    870    798
f    867    798    797
f    867    797    796
f    798    870    871
f    798    871    872
f    798    872    800
f    798    800    799
f    798    799    696
f    798    696    695
f    798    695    694
f    872    873    874
f    872    874    802
f    872    802    801
f    872    801    800
f    874    875    803
f    874    803    802
f    803    875    876
f    803    876    877
f    803    877    878
f    803    878    805
f    803    805    804
f    878    879    880
f    878    880    807
f    878    807    806
f    878    806    805
f    704    807    880
f    704    880    808
f    704    808    706
f    704    706    705
f    811    881    812
f    811    812    587
f    811    587    586
f    811    586    585
f    811    585    709
f    811    709    708
f    882    883    814
f    882    814    813
f    882    813    812
f    882    812    881
f    884    817    816
f    884    816    815
f    884    815    814
f    884    814    883
f    885    820    818
f    885    818    718
f    885    718    716
f    885    716    717
f    885    717    817
f    885    817    884
f    886    887    821
f    886    821    819
f    886    819    820
f    886    820    885
f    888    889    824
f    888    824    822
f    888    822    821
f    888    821    887
f    890    826    823
f    890    823    824
f    890    824    889
f    890    889    891
f    892    893    827
f    892    827    825
f    892    825    826
f    892    826    890
f    894    895    830
f    894    830    829
f    894    829    828
f    894    828    827
f    894    827    893
f    896    897    831
f    896    831    830
f    896    830    895
f    835    738    737
f    835    737    832
f    835    832    831
f    835    831    897
f    898    836    834
f    898    834    833
f    898    833    899
f    839    837    836
f    839    836    898
f    839    898    900
f    901    841    838
f    901    838    839
f    901    839    900
f    901    900    902
f    843    842    840
f    843    840    841
f    843    841    901
f    843    901    903
f    843    903    904
f    845    844    843
f    845    843    904
f    845    904    905
f    845    905    906
f    847    754    753
f    847    753    845
f    847    845    906
f    847    906    907
f    847    907    908
f    909    848    846
f    909    846    847
f    909    847    908
f    909    908    910
f    911    758    757
f    911    757    849
f    911    849    912
f    763    759    758
f    763    758    911
f    853    852    766
f    853    766    764
f    853    764    765
f    853    765    851
f    853    851    913
f    855    854    853
f    855    853    913
f    855    913    914
f    855    914    915
f    857    856    855
f    857    855    915
f    857    915    916
f    857    916    917
f    778    858    857
f    778    857    917
f    778    917    918
f    778    918    919
f    778    919    859
f    778    859    779
f    781    859    919
f    781    919    860
f    781    860    782
f    784    861    920
f    784    920    921
f    784    921    785
f    785    921    922
f    785    922    862
f    785    862    786
f    790    789    864
f    790    864    923
f    790    923    924
f    790    924    865
f    790    865    791
f    865    924    868
f    865    868    867
f    865    867    866
f    869    925    926
f    869    926    927
f    869    927    871
f    869    871    870
f    871    927    928
f    871    928    929
f    871    929    930
f    871    930    873
f    871    873    872
f    930    876    875
f    930    875    874
f    930    874    873
f    929    931    932
f    929    932    877
f    929    877    876
f    929    876    930
f    932    879    878
f    932    878    877
f    933    934    809
f    933    809    808
f    933    808    880
f    933    880    879
f    933    879    932
f    933    932    931
f    809    934    935
f    809    935    936
f    809    936    882
f    809    882    881
f    809    881    811
f    809    811    810
f    936    937    886
f    936    886    885
f    936    885    884
f    936    884    883
f    936    883    882
f    938    939    888
f    938    888    887
f    938    887    886
f    938    886    937
f    891    889    888
f    891    888    939
f    940    941    942
f    940    942    892
f    940    892    890
f    940    890    891
f    940    891    939
f    940    939    938
f    942    943    894
f    942    894    893
f    942    893    892
f    944    945    896
f    944    896    895
f    944    895    894
f    944    894    943
f    946    899    833
f    946    833    835
f    946    835    897
f    946    897    896
f    946    896    945
f    902    900    898
f    902    898    899
f    902    899    946
f    902    946    947
f    948    903    901
f    948    901    902
f    948    902    947
f    948    947    949
f    905    904    903
f    905    903    948
f    905    948    950
f    905    950    951
f    907    906    905
f    907    905    951
f    907    951    952
f    907    952    953
f    907    953    954
f    910    908    907
f    910    907    954
f    910    954    955
f    956    957    909
f    956    909    910
f    956    910    955
f    956    955    958
f    956    958    959
f    912    849    848
f    912    848    909
f    912    909    957
f    913    851    850
f    913    850    760
f    913    760    763
f    913    763    911
f    913    911    912
f    913    912    957
f    913    957    956
f    913    956    914
f    915    914    956
f    915    956    959
f    915    959    960
f    915    960    961
f    915    961    916
f    917    916    961
f    917    961    962
f    917    962    918
f    918    962    963
f    918    963    964
f    918    964    965
f    918    965    920
f    918    920    861
f    918    861    860
f    918    860    919
f    920    965    922
f    920    922    921
f    864    863    862
f    864    862    922
f    864    922    965
f    864    965    964
f    864    964    966
f    864    966    923
f    923    966    925
f    923    925    869
f    923    869    868
f    923    868    924
f    926    967    968
f    926    968    969
f    926    969    928
f    926    928    927
f    968    970    971
f    968    971    972
f    968    972    969
f    928    969    972
f    928    972    973
f    928    973    933
f    928    933    931
f    928    931    929
f    972    971    974
f    972    974    975
f    972    975    973
f    973    975    976
f    973    976    977
f    973    977    935
f    973    935    934
f    973    934    933
f    977    978    940
f    977    940    938
f    977    938    937
f    977    937    936
f    977    936    935
f    979    980    981
f    979    981    941
f    979    941    940
f    979    940    978
f    981    982    944
f    981    944    943
f    981    943    942
f    981    942    941
f    983    984    982
f    983    982    981
f    983    981    980
f    949    947    946
f    949    946    945
f    949    945    944
f    949    944    982
f    949    982    984
f    985    950    948
f    985    948    949
f    985    949    984
f    985    984    983
f    986    987    952
f    986    952    951
f    986    951    950
f    986    950    985
f    953    952    987
f    953    987    988
f    953    988    989
f    953    989    990
f    991    990    989
f    991    989    992
f    955    954    953
f    955    953    990
f    955    990    991
f    955    991    958
f    959    958    991
f    959    991    992
f    959    992    993
f    959    993    994
f    959    994    960
f    994    993    995
f    994    995    996
f    994    996    997
f    994    997    998
f    994    998    999
f    961    960    994
f    961    994    999
f    961    999   1000
f    961   1000    963
f    961    963    962
f   1000    999    998
f   1000    998   1001
f   1000   1001    970
f   1000    970    968
f   1000    968    967
f    964    963   1000
f    964   1000    967
f    964    967    926
f    964    926    925
f    964    925    966
f   1001   1002   1003
f   1001   1003    974
f   1001    974    971
f   1001    971    970
f   1004   1005   1006
f   1004   1006   1003
f   1004   1003   1002
f    974   1003   1006
f    974   1006    976
f    974    976    975
f    976   1006   1005
f    976   1005   1007
f    976   1007   1008
f    976   1008   1009
f    976   1009    979
f    976    979    978
f    976    978    977
f   1008   1010   1011
f   1008   1011   1012
f   1008   1012   1009
f   1009   1012    986
f   1009    986    985
f   1009    985    983
f   1009    983    980
f   1009    980    979
f    988    987    986
f    988    986   1012
f    988   1012   1011
f    988   1011   1013
f   1013   1011   1010
f   1013   1010   1014
f   1013   1014   1015
f   1013   1015   1016
f    992    989    988
f    992    988   1013
f    992   1013   1016
f    992   1016    995
f    992    995    993
f    995   1016   1015
f    995   1015   1017
f    995   1017   1018
f    995   1018    996
f    996   1018   1019
f    996   1019   1020
f    996   1020    997
f    998    997   1020
f    998   1020   1004
f    998   1004   1002
f    998   1002   1001
f   1020   1019   1021
f   1020   1021   1007
f   1020   1007   1005
f   1020   1005   1004
f   1007   1021   1022
f   1007   1022   1014
f   1007   1014   1010
f   1007   1010   1008
f   1015   1014   1022
f   1015   1022   1017
f   1017   1022   1021
f   1017   1021   1019
f   1017   1019   1018
f    345    444    445
f    345    445    450
f    345    450    348
f    345    348    347
f    345    347    346
