v    -7.225623    19.063178    42.108537
v     4.520226     7.317330    42.108537
v     4.682453     7.317330    42.092588
v    -7.038612    19.038395    42.092588
v    -9.675365    21.226933    41.760003
v   -11.170510    19.731787    41.760003
v   -10.647241    19.600520    41.824503
v    -8.188976    19.600520    42.066631
v     2.491022     6.462257    41.824503
v     4.520226     6.193234    41.997832
v     5.392967     7.139154    42.005103
v    10.022726     0.172781    40.862947
v    11.871721     2.021776    40.862947
v     8.159033     5.415015    41.562829
v    17.979112    -0.903389    39.377888
v    16.814988     1.907084    39.377888
v    -6.622373    19.154494    42.005103
v    -8.289049    23.266925    40.967007
v   -10.946676    24.367722    40.967007
v   -10.946676    23.881120    41.114614
v   -12.329162    27.624143    39.805463
v   -14.473214    26.736000    39.805463
v   -14.138440    25.907275    40.098957
v   -12.563394    24.332228    40.774602
v   -11.279652    19.731787    41.742100
v   -17.067045    18.836999    40.098957
v   -13.147801    18.836999    41.287786
v   -22.291922    16.618830    38.235264
v   -22.986488    16.021679    37.949510
v   -22.787359    13.402830    37.680878
v   -17.933767     1.685283    37.680878
v   -17.883496     0.776891    37.539760
v   -21.794609    -8.904885    34.111418
v   -20.394611   -12.359418    33.239459
v    11.766176   -25.680782    33.239459
v    11.766176    -3.467354    39.977775
v    26.542813    -7.590731    36.870291
v    12.543848   -27.512499    32.586095
v    37.325151   -17.247723    32.586095
v    29.637945    -9.560438    35.883873
v    37.748896   -17.418941    32.436064
v    38.102120   -16.566136    32.436064
v    30.261599    -9.825239    35.661447
v    32.685542    -2.986225    33.386284
v    39.743074   -17.083698    31.633061
v    40.521372   -17.083698    31.217057
v    37.506767    -5.833208    31.217057
v    27.316498     2.265625    34.768535
v    26.809256     4.506935    34.032533
v    -7.266121    38.582312    34.032533
v    -7.813939    37.182861    34.859069
v   -12.329162    35.582483    36.361094
v    -7.073950    42.423609    31.951808
v    -7.671336    43.435279    31.496634
v   -12.466449    44.720115    31.496634
v   -12.466449    36.017877    36.148049
v   -12.724292    45.165751    31.221435
v   -18.362437    43.655047    31.221435
v   -18.328818    42.984093    31.584901
v   -16.106975    37.308186    34.936938
v   -15.791043    28.053907    38.998863
v   -31.088135    30.224776    31.584901
v   -26.474013    28.418546    34.309843
v   -31.971353    30.268948    31.106508
v   -35.788883    16.021679    31.106508
v   -35.825863    16.000257    31.083679
v   -29.816121    -6.428405    31.083679
v   -29.664057    -9.173517    30.657355
v   -30.248699    -9.956272    30.077013
v   -28.787485   -16.412274    27.957040
v   -20.805377   -24.394304    27.957040
v   -19.240025   -30.737647    25.492287
v   -10.708770   -39.459353    23.246989
v    12.158413   -31.354578    30.854138
v    12.543848   -30.132678    31.452071
v    -9.082514   -42.213300    22.007889
v    -8.864387   -42.480838    21.896089
v    -4.534221   -45.579800    20.859870
v     8.012677   -48.941766    20.859870
v     9.967530   -49.078506    21.066738
v    11.975077   -46.928511    22.503482
v    12.158413   -46.611563    22.699170
v    24.131536   -43.403381    22.699170
v    25.262354   -42.866977    22.823870
v    25.542401   -42.687550    22.879692
v    28.689524   -40.435294    23.632815
v    30.468233   -38.253558    24.544256
v    31.331593   -36.791562    25.201998
v    34.523357   -33.528496    26.042060
v    37.966475   -28.360613    27.661514
v    39.150536   -23.562452    29.525832
v    38.982992   -18.652959    31.680674
v    40.304653   -22.408335    29.525832
v    41.073569   -19.011031    30.641406
v    41.056916   -18.988749    30.657902
v    40.315363   -18.698461    31.095875
v    41.427028   -17.607593    30.657902
v    49.273881    -6.439897    22.738652
v    45.586446   -16.651588    27.431816
v    47.478050   -15.798862    25.740279
v    51.399014   -12.721242    22.020007
v    52.188101   -11.839979    21.228496
v    51.459292    -8.176076    21.228496
v    42.278347   -17.607593    30.035889
v    45.159965   -16.884648    27.789028
v    49.163489    -6.319889    22.795803
v    29.810022    24.603753    21.822989
v    28.562009    25.156027    22.476275
v    48.488703    -3.350786    21.822989
v    20.050299    33.667738    22.476275
v    10.130773    40.198638    24.224337
v     5.877303    42.554563    25.203171
v     2.915939    43.271566    26.360962
v    -4.651415    48.327884    26.360962
v    -4.793002    48.378546    26.393642
v    -7.907210    49.086324    27.414069
v    -8.225018    49.378567    27.262787
v   -12.724292    47.753875    29.330535
v    -8.459563    49.673780    27.058733
v   -10.026401    50.595932    26.557746
v   -13.047103    51.196758    26.557746
v   -13.047103    49.040744    28.327152
v   -17.400334    53.884876    23.641102
v   -17.867078    53.849929    23.593490
v   -20.269442    53.372083    23.593490
v   -19.831938    51.490721    25.208956
v   -13.237163    51.438887    26.328048
v   -14.530756    52.597303    25.166191
v   -16.537209    53.548226    24.058201
v   -20.053817    46.176248    29.048299
v   -22.396920    54.895295    21.405108
v   -22.709490    54.824228    21.302690
v   -31.408680    49.011582    21.302690
v   -32.206914    47.207776    22.246890
v   -34.258009    45.156681    22.246890
v   -34.468630    44.286676    22.587058
v   -33.357747    31.199153    29.911502
v   -41.557122    33.678057    22.587058
v   -42.204466    30.829745    23.520312
v   -43.293535    29.645606    22.956466
v   -38.583015    16.600379    28.951823
v   -36.191127    16.000257    30.816845
v   -44.731843    28.502904    21.962543
v   -45.613575    27.004710    21.483525
v   -47.551619    17.261405    21.483525
v   -47.601108    16.600379    21.550839
v   -48.953806    15.089754    20.194153
v   -48.516692     9.245132    19.598722
v   -45.273719    -7.058627    19.598722
v   -44.686106    -7.525449    20.004719
v   -43.522608    -8.790584    20.607187
v   -42.017612    -9.464900    21.574684
v   -31.488112   -25.223420    21.574684
v   -29.606125   -26.056211    22.559773
v   -24.479913   -31.182422    22.559773
v   -24.013325   -32.236858    22.007889
v     1.250749   -50.900293    18.105219
v     2.369372   -50.979491    18.266273
v     4.280287   -51.359610    18.266273
v     5.660114   -51.462732    18.406844
v     7.049792   -50.920777    19.078502
v     9.122699   -49.938347    20.223159
v     9.879497   -49.260669    20.902870
v     9.967530   -49.148478    21.009275
v    11.872503   -48.769610    21.009275
v    14.341791   -47.783114    21.415741
v    18.589476   -46.198608    21.741837
v    19.434854   -45.803478    21.865051
v    33.009683   -36.555453    24.544256
v    33.565085   -35.694127    24.908505
v    39.373510   -26.953579    27.661514
v    40.348669   -22.926132    29.236091
v    42.398200   -19.858676    29.236091
v    42.605381   -18.947079    29.534745
v    42.717884   -18.824724    29.476500
v    53.899653    -8.939520    18.655461
v    53.016044   -11.652969    20.255839
v    53.763851   -11.652969    19.344632
v    54.724234   -10.567652    17.964961
v    54.584133    -9.683261    17.964961
v    53.474345    -8.376221    19.007748
v    52.804797    -5.697407    18.200444
v    48.952242     1.863537    18.200444
v    47.763256     5.776526    16.892310
v    47.041484     6.643013    17.023420
v    31.375218    24.102374    20.694203
v    30.396228    24.565444    21.308554
v    48.015392     5.364118    16.913809
v    23.187024    31.774648    21.308554
v    20.120115    33.636621    22.439920
v    -2.717045    47.810243    25.649979
v    -6.252574    49.122209    26.393642
v   -12.236047    51.764904    25.737542
v   -10.587510    51.019599    26.206867
v   -10.887415    51.188784    26.083730
v   -13.785841    52.479327    25.166191
v   -21.136945    55.350938    21.133505
v   -21.263052    55.340618    21.121700
v   -22.058159    55.214746    21.121700
v   -18.179648    54.409631    22.851234
v   -20.907013    55.288471    21.253983
v   -22.367759    55.188242    21.082218
v   -23.888235    55.999845    19.240729
v   -25.735040    56.180445    17.938614
v   -26.745538    55.927840    17.634097
v   -27.990111    55.293709    17.634097
v   -29.348829    54.930086    17.134751
v   -30.257065    54.115121    17.325670
v   -31.206502    52.107965    18.585410
v   -34.956718    48.357749    18.585410
v   -36.446390    45.013765    20.326359
v   -40.614174    40.368918    19.349792
v   -41.768525    36.055795    20.935159
v   -43.879741    31.912248    20.935159
v   -47.326847    24.735801    20.064685
v   -48.835595    21.204260    19.158091
v   -48.896186    21.072837    19.109696
v   -49.662288    16.235506    19.109696
v   -49.755949    15.089754    19.216727
v   -50.673176    13.727596    17.836196
v   -50.762694    13.449895    17.673500
v   -51.776709     9.716489    15.717396
v   -51.309574     4.000084    15.183416
v   -50.954551     1.758773    15.183416
v   -50.430578    -4.366990    14.402460
v   -50.176566    -5.173277    14.507849
v   -49.831238    -5.981519    14.715264
v   -49.321572    -6.656460    15.137445
v   -47.949563   -12.145669    13.483279
v   -44.434205   -19.045040    13.483279
v   -43.838930   -21.269385    12.665655
v   -41.184743   -24.227308    13.287590
v   -40.294489   -24.648472    13.846276
v   -26.689951   -38.253011    13.846276
v   -23.528599   -39.661296    15.492233
v   -20.804517   -42.105644    14.919475
v   -16.774724   -43.184081    16.400704
v    -0.731389   -51.358594    16.400704
v     1.248482   -51.853405    16.997307
v     1.340580   -51.804307    17.108794
v     2.587186   -51.910947    17.267738
v     3.617619   -52.074112    17.267738
v     3.747557   -52.084745    17.279856
v     5.643852   -51.473677    18.390426
v     9.280313   -49.913329    20.223159
v    10.358125   -49.416563    20.620556
v    28.738543   -41.059027    22.879692
v    29.148371   -40.476027    23.314069
v    32.634958   -37.347511    24.047100
v    40.855989   -28.403222    24.908505
v    41.565487   -26.810429    25.737777
v    42.885427   -25.339442    25.428490
v    43.959877   -24.584129    24.627911
v    48.487296   -15.698633    24.627911
v    51.633402   -13.440904    21.595559
v    52.635612   -12.921935    20.474513
v    53.755642   -11.704882    19.344632
v    55.851222    -9.849945    15.767120
v    55.625590    -9.865894    16.193210
v    55.446789   -10.567652    16.700608
v    55.541623   -10.589543    16.528530
v    56.402011   -10.589543    14.918849
v    56.373084   -10.370165    14.918849
v    56.356588   -10.344052    14.943320
v    52.936064    -2.812114    15.767120
v    52.173090    -0.230010    14.927449
v    35.728370    21.386501    17.023420
v    31.317989    24.587960    20.183990
v    25.146177    30.759773    20.183990
v    13.914294    38.398507    22.439920
v    -3.482678    48.379171    25.378141
v    -6.031086    49.132294    26.206867
v   -15.949517    53.698022    23.633284
v   -16.785748    54.226139    22.851234
v   -22.908072    56.118369    19.261525
v   -23.125182    56.099292    19.243700
v   -23.860480    56.002503    19.243700
v   -26.934503    56.355102    16.706706
v   -27.831480    56.112427    16.470285
v   -28.125521    55.990698    16.470285
v   -26.406777    56.373084    17.074707
v   -29.192075    55.675470    16.123472
v   -29.851459    55.738093    15.203665
v   -30.283021    55.532788    15.000158
v   -32.470464    53.854307    15.000158
v   -32.874194    53.645172    14.768428
v   -33.124923    53.394443    14.768428
v   -34.727880    50.300093    16.544636
v   -39.160387    44.523489    16.544636
v   -41.195141    40.246798    18.561721
v   -42.443545    38.566988    17.965274
v   -43.950496    33.467436    19.623584
v   -46.874097    26.409201    19.623584
v   -50.004410    19.105396    17.715718
v   -50.111128    17.996859    17.836196
v   -52.065278     9.050460    15.013449
v   -51.620971     3.988044    14.597836
v   -51.515895     3.190122    14.597836
v   -50.935241    -2.839947    13.942674
v   -48.630212   -10.420749    13.545355
v   -48.401218   -11.114923    13.438011
v   -47.952065   -12.199302    13.438011
v   -46.662537   -16.563009    12.019015
v   -44.371894   -20.817574    12.205635
v   -44.072537   -21.220209    12.348629
v   -42.807402   -23.879478    11.094440
v   -41.604109   -25.942378    10.480401
v   -40.869906   -26.899243    10.480401
v   -38.648844   -31.186722     8.019244
v   -36.128816   -34.865245     6.639573
v   -35.136848   -36.109036     6.339590
v   -33.834890   -37.411073     6.339590
v   -31.777775   -40.245000     4.308745
v   -31.395076   -40.665383     4.103675
v   -20.426431   -49.081946     4.103675
v   -19.217118   -49.657284     4.674009
v   -17.772322   -50.731108     4.160982
v   -13.658249   -51.946832     5.498904
v    -8.993700   -53.878935     5.498904
v    -5.572629   -54.804527     6.400494
v    -4.721857   -54.833532     6.993736
v    -4.568308   -54.801008     7.169957
v    -1.584819   -54.008403    10.891089
v     1.347147   -53.167169    14.662257
v     1.349884   -53.165136    14.668043
v     1.386864   -52.642492    15.654851
v     3.364076   -52.292317    16.797006
v     6.853634   -51.314421    18.390426
v     7.354075   -50.998333    18.858499
v    26.399271   -42.918655    21.865051
v    27.535250   -42.583021    21.495643
v    28.581711   -41.805270    21.867240
v    32.482817   -39.949239    20.027314
v    36.461010   -36.896638    20.027314
v    40.075737   -35.024188    17.952374
v    41.066454   -34.884947    16.522511
v    43.092218   -33.414507    15.070834
v    51.004119   -23.103448    15.070834
v    51.468752   -22.736932    14.648654
v    52.989150   -20.691232    13.922268
v    53.706231   -19.929040    13.185876
v    56.802301   -12.454565    13.185876
v    56.928643   -11.987430    13.309012
v    56.768918   -11.430464    14.025390
v    55.737233   -11.357442    15.973363
v    56.786196   -11.299041    14.025390
v    57.319785   -10.679842    12.135193
v    57.228078   -11.299041    12.667454
v    57.315173   -11.324137    12.389674
v    57.871748   -11.324137    10.555065
v    57.974713   -10.905005    10.059706
v    57.951571   -10.699153    10.059706
v    55.960129    -1.888946     6.435441
v    58.035538    -7.819959     6.435441
v    55.956689    -1.878079     6.432470
v    55.521296     0.768134     2.638786
v    47.348268    13.775443     2.638786
v    45.742887    14.852708     5.508754
v    39.880908    19.858598    10.161733
v    32.710873    27.028712    10.161733
v    25.327323    32.643793    14.784924
v    24.308617    33.036186    16.422360
v    15.111254    38.132064    20.938599
v     2.230834    46.225346    20.938599
v    -3.870771    49.270363    23.377318
v    -6.891005    51.001382    22.062381
v    -7.156275    51.163609    21.831902
v   -16.899111    54.572796    21.831902
v   -18.938713    55.579932    19.562133
v   -19.321021    55.781093    19.041053
v   -19.868605    55.991245    18.551558
v   -22.908072    56.333759    18.551558
v   -24.054370    56.615525    17.196827
v   -24.066723    56.618027    17.184083
v   -24.556531    56.573073    17.150152
v   -25.560774    56.459944    17.150152
v   -28.510644    56.302252    15.050976
v   -29.242033    56.046285    15.050976
v   -28.194478    56.391848    15.120714
v   -29.792744    55.873035    14.900789
v   -31.650574    55.388778    12.789260
v   -32.045782    55.140395    12.789260
v   -31.116672    55.655143    13.002696
v   -32.395254    54.946739    12.617652
v   -33.432489    54.547231    10.950585
v   -34.476135    53.753531    10.297065
v   -35.830944    52.398800    10.297065
v   -36.470861    51.852311     9.789119
v   -37.226877    50.947750     9.646438
v   -38.068502    49.428837    10.392290
v   -42.962045    41.640854    10.392290
v   -44.809086    37.939581    11.871643
v   -44.880544    37.505595    12.493812
v   -46.611798    32.003407    13.994430
v   -50.054916    22.163548    13.994430
v   -51.015611    18.774454    14.742081
v   -51.043835    18.698148    14.686337
v   -51.246872    16.719763    14.862871
v   -52.111014     9.050460    14.862871
v   -52.261201     8.439314    14.140630
v   -52.284108     8.324856    14.022575
v   -52.202486     7.434837    13.960968
v   -51.730660     3.247195    13.960968
v   -51.171740    -2.198936    13.475148
v   -48.939733    -9.536280    13.545355
v   -46.716717   -16.468565    11.977814
v   -42.984405   -23.597790    11.094440
v   -38.947420   -30.737256     8.125884
v   -32.824627   -39.149519     4.435790
v   -32.534182   -39.488593     4.308745
v   -28.849796   -43.645900     1.737899
v   -27.093055   -45.281068     1.076795
v   -23.489665   -48.292937     0.508337
v   -23.166462   -48.472051     0.667045
v   -19.580975   -50.724932     0.667045
v   -17.273445   -51.876469     1.589354
v   -16.997855   -52.034396     1.469345
v   -16.303602   -52.289033     1.559723
v   -12.913100   -53.355821     2.484377
v   -11.372141   -53.767369     3.105686
v   -10.290654   -54.073998     3.344218
v    -9.297904   -54.317221     3.690016
v    -8.801138   -54.432304     3.885001
v    -6.714549   -54.802181     5.081257
v    -6.526757   -54.832359     5.199390
v    -0.073882   -53.784648    12.189842
v     1.262398   -53.461210    13.724469
v    -2.636049   -54.414557     9.161790
v     1.856813   -53.394209    13.724469
v     4.347914   -52.438047    15.951316
v     6.395959   -51.682266    17.445132
v     6.798282   -51.483606    17.892878
v    22.414589   -46.019259    17.892878
v    26.614036   -44.697834    16.747517
v    27.761899   -44.508947    15.101794
v    29.531774   -43.625729    14.394485
v    36.973960   -38.949531    14.394485
v    40.235931   -37.142128    12.792700
v    42.654166   -36.210673     8.905902
v    46.823044   -32.041716     8.905902
v    48.138528   -30.918481     7.861786
v    49.432043   -29.370798     7.617703
v    50.368111   -27.681372     8.447210
v    53.678946   -22.412244     8.447210
v    55.254775   -19.254645     9.709296
v    55.902822   -18.123904     9.216986
v    56.647424   -15.757425     9.862376
v    57.815457   -11.823248    10.555065
v    57.391009   -11.836227    11.949512
v    57.339096   -13.780838     9.862376
v    57.822806   -12.074446    10.238820
v    58.127167   -10.837847     8.639459
v    58.230054   -10.837847     7.594874
v    58.230054    -7.947630     4.704657
v    58.127167    -7.906193     5.707883
v    58.022013   -10.905005     9.640105
v    58.116769    -6.930722     2.537306
v    57.248327    -2.704771    -2.054456
v    56.629442     0.125560    -4.716775
v    56.472219     0.135254    -3.003034
v    55.727851     0.928485     0.607158
v    56.509980     0.468308    -5.434482
v    54.906710     4.287558   -10.372823
v    53.551275     7.238132   -12.871038
v    52.473073     9.255217   -12.871038
v    52.256119     9.578185   -12.371067
v    52.159408     9.707810   -12.270291
v    47.401354    13.824150     2.085416
v    49.958518    12.389596   -12.270291
v    46.110419    16.751504    -9.477878
v    44.679539    18.182384    -6.808602
v    39.356857    22.878128    -3.401135
v    32.753716    28.297130    -3.401135
v    22.417013    36.007791     4.635153
v    16.716792    39.589525     4.635153
v    11.821216    42.376074     6.549039
v    -7.847323    52.889155     6.549039
v   -10.095826    53.922013     8.452683
v   -10.396356    54.027245     8.452683
v   -11.168947    54.276332     8.288658
v   -19.615844    56.838656     8.288658
v   -19.855862    56.887988     8.549472
v   -20.578103    56.918088    10.648335
v   -20.456453    56.615525    13.598831
v   -24.066723    56.836701    14.963569
v   -27.396478    56.573073    14.310284
v   -28.076345    56.517329    14.125697
v   -28.936890    56.395522    12.579186
v   -30.594106    55.892815    12.579186
v   -31.004481    55.760453    12.492014
v   -31.372247    55.606044    12.016513
v   -32.530117    55.074175    11.036194
v   -32.818920    54.919766    11.036194
v   -33.392773    54.593202    10.811891
v   -34.834129    53.554403     9.312837
v   -34.958438    53.452376     9.312837
v   -33.883910    54.263197    10.051575
v   -36.101218    52.444146     8.581213
v   -36.144140    52.401302     8.501234
v   -37.371044    51.010608     7.610980
v   -37.901584    50.364124     7.610980
v   -40.445614    46.662459     6.168920
v   -41.832243    44.455627     6.168920
v   -38.679726    49.320947     6.799924
v   -46.124882    36.537394     5.489678
v   -42.821240    42.718119     5.489678
v   -46.332611    36.085269     5.106901
v   -48.582756    29.654675     5.106901
v   -49.669793    26.283641     4.391148
v   -52.326561    17.525502     4.391148
v   -52.261201    17.551771     5.028094
v   -53.044893     8.324856     6.298545
v   -52.364322    17.341776     4.191551
v   -53.044893    10.431929     4.191551
v   -52.202486     1.424625     7.950757
v   -52.514978     2.945179     6.298545
v   -51.472036    -1.916231    11.093189
v   -48.533502   -11.603245    11.093189
v   -47.468199   -14.906888    10.391743
v   -47.183852   -15.719507    10.391743
v   -46.957829   -16.211582    10.808373
v   -42.907866   -23.788475    10.808373
v   -39.002303   -30.649927     8.125884
v   -34.014317   -37.699876     4.435790
v   -28.991305   -43.504469     1.737899
v   -25.769831   -46.448476     0.229698
v   -23.409763   -48.385269     0.229698
v   -23.125260   -48.597532     0.008522
v   -20.982459   -49.943976     0.008522
v   -19.680735   -50.684903     0.517406
v   -18.680010   -51.219743     0.517406
v   -17.414563   -51.843007     1.116512
v   -15.374961   -52.613956     1.559723
v   -13.650822   -53.169984     1.925691
v   -13.202685   -53.298983     2.140847
v    -6.076900   -54.879581     5.229646
v    -4.751331   -54.879581     6.555137
v    -4.849058   -55.000528     5.229646
v    -4.751331   -55.000528     5.327373
v     0.883609   -54.445595     5.327373
v     0.896039   -54.414557     5.629701
v     1.944455   -54.227546     4.174585
v     5.771914   -53.390612     0.574557
v    20.615865   -48.887821     0.574557
v    24.393913   -47.669517    -0.227587
v    39.944079   -39.446609    -1.228389
v    24.609929   -47.578826    -0.506930
v    28.094171   -45.978214    -3.456878
v    38.968763   -40.165646    -3.456878
v    39.961904   -39.498366    -1.919515
v    42.700137   -36.260709     8.383727
v    45.960857   -34.224391     1.729377
v    44.004988   -36.180338    -1.919515
v    46.347778   -33.785870     2.010127
v    50.576152   -28.381019     4.165829
v    48.710661   -30.906676     2.010127
v    50.408531   -28.630496     3.779690
v    52.974295   -24.167968     5.812959
v    55.112562   -20.167415     5.812959
v    56.193814   -17.813836     7.805652
v    56.352210   -17.361008     7.805652
v    57.077501   -15.111880     8.283185
v    58.060478   -11.871408     8.283185
v    58.022013   -11.886810     8.658301
v    58.190650   -11.237903     7.594874
v    58.000122    -6.930722     1.352698
v    57.949304    -6.898276     0.869614
v    57.248327    -3.393473    -2.743080
v    56.266914     0.598558    -7.461027
v    56.254483     0.708794    -7.461027
v    54.933839     4.149411   -10.536692
v    54.835956     4.335483   -10.790235
v    53.492248     7.056672   -13.818443
v    53.355900     7.446329   -13.818443
v    52.759452     8.421567   -14.666010
v    52.430698     9.240597   -13.437073
v    52.753276     8.428290   -14.678519
v    52.417251     8.859227   -15.110160
v    51.933072     9.629707   -15.110160
v    51.889056     9.709218   -15.071147
v    51.715649     9.916634   -15.103905
v    50.525960    11.481048   -14.124368
v    48.533814    13.473193   -14.124368
v    45.304445    17.254838   -11.122663
v    36.218803    24.849008    -9.689360
v    34.024558    26.828176    -7.833328
v     8.788082    42.685283    -7.833328
v     8.559479    42.863615    -7.604334
v    -5.353408    50.837670    -1.546980
v    -6.237329    51.378374    -0.778689
v   -17.403148    55.285422    -0.778689
v   -18.058623    55.630359     0.114692
v   -18.976631    55.982645     0.935287
v   -19.491457    56.529369     5.272646
v   -19.260196    56.014622     0.935287
v   -21.195269    56.490357     3.222255
v   -21.170251    56.529369     3.593774
v   -21.170251    56.647814     4.795973
v   -21.855904    56.429766     3.267991
v   -25.216931    56.429766     6.629019
v   -23.546737    56.239237     3.267991
v   -27.013623    56.340326     7.631932
v   -28.101207    56.307568     8.786753
v   -28.775289    56.116414     8.935454
v   -32.919383    54.708832     9.264286
v   -31.713901    55.088170     8.935454
v   -33.260255    54.513535     9.115819
v   -33.390115    54.412211     8.985725
v   -34.927947    53.445965     8.985725
v   -36.078233    52.442426     8.366683
v   -35.563798    52.872425     8.447836
v   -37.447818    50.887550     7.359939
v   -37.161361    51.174007     7.359939
v   -38.230807    49.857976     6.715175
v   -41.039247    45.591058     5.642836
v   -41.732014    44.403402     5.289299
v   -42.874795    42.584585     5.289299
v   -45.636795    37.260730     4.346741
v   -46.275929    36.145625     4.832249
v   -44.198097    39.932899     4.229469
v   -49.645009    25.438419     1.911931
v   -50.080481    24.193925     1.911931
v   -52.359553    17.343652     4.145189
v   -51.899611    17.776778     0.496297
v   -51.967863    13.231925    -3.442962
v   -52.074894    12.188669    -3.535998
v   -52.278713    10.380172    -3.535998
v   -52.359553    10.431929    -2.766613
v   -51.859660    16.405160    -1.230266
v   -52.201548     9.994502    -3.933630
v   -52.201548     2.819151     3.241800
v   -50.750810     1.453083    -8.267783
v   -51.655762     7.774379    -6.557404
v   -51.130304     4.821382    -8.267783
v   -50.612429     1.092510    -8.590048
v   -43.966679   -16.868386   -11.381757
v   -43.511819   -19.632653    -7.418731
v   -50.388986     0.667905    -9.168905
v   -49.407025    -1.320644   -11.381757
v   -43.064776   -20.528380    -7.060738
v   -32.372112   -37.545624    -7.060738
v   -32.081589   -38.069988    -6.803286
v   -31.329482   -40.022651    -3.664841
v   -30.413975   -41.226492    -2.911014
v   -25.252425   -46.387964    -2.911014
v   -24.826648   -46.886606    -2.515259
v   -24.652303   -47.146325    -2.050860
v   -23.415861   -48.261664    -1.004946
v   -21.253671   -49.620226    -1.004946
v   -20.685994   -50.062968    -0.436332
v   -18.865301   -51.106458     0.356352
v   -15.001409   -52.687369     1.116512
v   -14.816197   -52.739907     1.075701
v    -5.518214   -54.802181     3.885001
v    -4.849058   -54.863554     3.838717
v    -1.669177   -54.227546     0.560875
v    -0.772043   -54.006918    -0.499424
v     0.887361   -53.711704    -1.460511
v     6.013417   -53.134098    -1.460511
v     9.453408   -51.813767    -4.535550
v    16.066086   -49.373563    -9.358964
v    16.882771   -49.097347    -9.674427
v    16.897470   -49.091171    -9.682323
v    23.067249   -46.586779   -12.354727
v    30.049180   -44.143682   -12.354727
v    31.448787   -43.287672   -13.571077
v    33.317797   -42.216427   -14.384791
v    38.903013   -39.974726    -6.004582
v    34.054658   -41.641793   -15.122903
v    38.238938   -39.012623   -15.122903
v    38.668077   -38.774873   -14.912204
v    40.129682   -38.211809   -12.563003
v    40.283309   -38.379274   -10.818302
v    43.927823   -36.103173    -3.380651
v    42.178275   -36.163216   -12.563003
v    42.465123   -35.918273   -12.335338
v    45.181856   -34.095156    -7.478462
v    45.738978   -33.477522    -6.955974
v    52.080288   -24.465449    -2.469601
v    49.138549   -28.067120    -6.955974
v    51.147035   -25.491739    -4.376294
v    53.953754   -21.402372     0.192405
v    57.133557   -12.315011     0.192405
v    57.394996   -11.818167     0.869614
v    57.436120   -11.845608     1.262086
v    58.000122   -11.314599     5.736576
v    54.755429     0.598558   -12.443776
v    54.431131     0.692064   -13.478040
v    54.330824     0.923716   -13.722905
v    54.085803     1.376075   -14.292615
v    53.331038     7.109445   -14.292615
v    52.773838     7.991724   -15.117822
v    52.464786     8.293818   -15.621546
v    52.189508     8.958440   -15.621546
v    52.049407     9.107376   -15.765400
v    51.620659     9.306582   -16.400391
v    50.931019    10.205358   -16.400391
v    49.703255    11.096629   -17.280325
v    49.236511    11.563295   -17.280325
v    48.109914    12.146920   -17.927043
v    29.650845    26.311004   -17.927043
v    25.894844    28.098001   -19.698482
v    11.605591    38.717879   -14.624808
v     9.759645    40.454761   -12.841251
v   -12.463478    49.659942   -12.841251
v   -14.011864    51.243745   -10.259538
v   -15.505759    52.187241    -8.862276
v   -16.851655    53.494437    -6.085187
v   -17.399630    55.169557    -1.159511
v   -19.074436    54.698043    -3.285895
v   -19.074436    54.921565    -2.599148
v   -19.260196    55.566016    -0.543675
v   -23.547988    56.200850     3.141884
v   -19.274894    54.671618    -3.285895
v   -23.638601    55.923696     2.326763
v   -25.681252    55.371031     2.865121
v   -31.215728    53.078589     2.865121
v   -33.861550    53.329865     6.555763
v   -34.171931    53.182258     6.702118
v   -37.307873    50.775985     6.702118
v   -37.880710    49.986741     6.136631
v   -38.137927    49.372077     5.642836
v   -37.903461    49.824749     5.902633
v   -43.255383    41.201317     3.779143
v   -48.786810    26.601136     0.880247
v   -49.693091    24.413146     0.880247
v   -51.468283     9.529635    -6.475783
v   -51.568512     8.768537    -6.475783
v   -51.326930    10.997885    -6.316292
v   -50.159523     2.217387   -10.500728
v   -50.424246     3.191842    -9.990124
v   -48.973820    -1.462387   -12.655726
v   -48.079501    -2.849954   -14.013272
v   -44.551478    -8.436108   -19.237758
v   -44.163775    -9.124419   -19.725455
v   -43.802889   -16.820226   -11.981723
v   -38.711155   -19.037926   -23.413359
v   -43.091436   -10.361878   -21.258909
v   -41.384888   -13.117936   -22.806436
v   -40.551003   -14.596194   -23.413359
v   -37.946148   -19.851093   -24.199085
v   -36.375714   -21.964107   -24.949315
v   -35.370064   -24.077669   -23.952500
v   -30.802069   -30.030885   -23.952500
v   -28.999748   -33.510123   -21.955272
v   -28.156012   -39.514393   -13.289857
v   -27.396556   -40.560619   -12.540096
v   -25.940893   -41.677678   -12.540096
v   -24.950019   -42.933666   -11.398801
v   -22.914952   -47.312148    -4.912932
v   -21.803444   -48.357984    -3.838952
v   -16.948131   -51.196367    -1.572858
v   -18.776721   -49.611626    -3.838952
v   -14.953640   -52.319759    -0.159803
v   -14.879055   -52.326951    -0.167934
v    -4.809498   -53.652599    -0.167934
v     6.333727   -51.351870    -7.217023
v     8.034568   -50.430891    -9.358964
v    23.831240   -46.156390   -12.895978
v    30.435006   -43.335206   -14.591190
v    32.525661   -42.155837   -15.449624
v    34.118064   -41.496218   -15.449624
v    34.523826   -41.114379   -15.841705
v    35.899744   -40.091842   -16.330262
v    36.607835   -39.596327   -16.486703
v    37.175121   -39.249435   -16.457151
v    37.238370   -39.196663   -16.466767
v    39.014265   -37.834036   -16.466767
v    39.273359   -37.477136   -16.722577
v    39.660983   -37.089434   -16.722577
v    40.270644   -35.912488   -17.398145
v    40.453354   -35.611645   -17.509162
v    43.383366   -31.793177   -17.509162
v    43.474917   -31.600772   -17.599853
v    44.647250   -30.023380   -17.039760
v    45.057156   -28.636125   -17.490946
v    49.684491   -17.464677   -17.490946
v    51.628633   -15.221256   -14.710808
v    52.145648   -14.303404   -14.060572
v    52.538980   -13.680531   -13.478040
v    56.669627   -12.329162    -1.331746
v    50.512591     1.376075   -20.977768
v    52.271755     8.280136   -15.986028
v    49.659942     1.178979   -22.524356
v    48.709645     7.178479   -22.524356
v    48.914168     7.561647   -22.060270
v    50.960493     8.510068   -18.216784
v    50.983635     9.019656   -17.787098
v    48.591669     8.194605   -22.060270
v    49.921694     9.242864   -19.227829
v    43.219654     8.464019   -28.137327
v    42.170926     8.960160   -28.795460
v    37.765158    13.366006   -28.795460
v    29.481347    17.056178   -33.108348
v    27.921702    18.455629   -32.780454
v    23.729917    19.577457   -34.321179
v    -4.157151    33.786652   -34.321179
v    -4.853749    34.757276   -33.385580
v    -6.478441    37.895017   -29.875851
v    -9.562315    40.733010   -27.012919
v   -11.537729    43.788816   -22.908150
v   -12.493343    49.238465   -13.637062
v   -13.803589    45.793783   -20.027861
v   -14.906575    47.420586   -17.486881
v   -14.906575    48.623567   -15.381841
v   -15.505759    51.215131   -10.680859
v   -19.094764    52.129621    -8.086011
v   -17.830098    48.981169   -13.945879
v   -19.148240    51.825104    -8.604199
v   -30.891821    52.359475     1.299769
v   -22.835128    46.430963   -13.945879
v   -29.446400    48.306462    -5.977531
v   -31.260057    50.607581    -1.077108
v   -37.127899    40.625041    -5.977531
v   -38.995267    42.096810    -2.000746
v   -37.033534    40.292534    -6.378290
v   -48.395120    17.994201    -6.378290
v   -50.089550    11.214917    -8.421254
v   -49.468006    10.050402    -9.831650
v   -50.285630     4.888149    -9.831650
v   -44.487369    -8.184364   -19.419765
v   -43.207145    -9.631193   -21.258909
v   -37.876019   -18.311540   -25.497368
v   -38.337056   -17.528161   -25.246953
v   -36.676088   -19.683940   -26.258154
v   -35.411031   -22.166910   -26.258154
v   -31.821244   -25.627854   -27.769091
v   -31.140986   -27.154897   -26.974063
v   -34.099613   -23.088671   -27.235189
v   -28.701251   -33.545305   -22.268859
v   -29.409263   -28.886619   -26.974063
v   -28.878645   -30.008291   -26.270115
v   -27.201962   -35.678256   -20.679583
v   -20.801703   -42.744935   -14.897193
v   -24.892399   -36.855045   -20.679583
v   -21.154380   -42.063817   -15.659073
v   -19.822947   -43.645665   -13.988566
v     4.236114   -47.456237   -13.988566
v     7.267684   -47.703995   -14.271740
v     8.034568   -48.220384   -13.494459
v    12.157553   -47.883421   -13.109336
v    22.157919   -46.299540   -13.109336
v    34.079520   -41.094209   -16.216508
v    33.622158   -41.327893   -16.135277
v    34.414137   -40.848797   -16.330262
v    39.136854   -37.493242   -16.865962
v    39.244979   -37.264717   -17.009347
v    39.837830   -36.345379   -17.398145
v    40.912593   -34.580742   -18.045879
v    42.579894   -32.048362   -18.492140
v    42.866742   -31.728599   -18.424904
v    44.608394   -25.220918   -20.816870
v    44.877729   -24.692332   -20.816870
v    46.546672   -18.014919   -22.829108
v    46.527283   -17.978565   -22.873124
v    47.071818   -11.611767   -23.684806
v    48.753817    -0.992281   -23.684806
v    48.830592    -0.052616   -23.772526
v    45.667286    -0.052616   -27.627114
v    44.979287     0.715674   -28.317145
v    47.003487     6.931894   -24.650974
v    42.865491     2.374845   -30.322659
v    42.000255     6.724791   -30.322659
v    43.117783     7.317955   -28.933528
v    39.303537     7.305915   -32.440990
v    35.652690     8.941787   -34.788080
v    35.342544     9.406029   -34.788080
v    29.821359    11.849127   -37.678063
v    28.764109    11.522562   -38.625937
v    28.132792    11.586671   -38.954143
v    16.379125    14.432482   -43.549424
v    16.057017    14.555696   -43.633782
v    10.324976    18.385735   -43.633782
v     2.813209    20.092986   -46.095173
v    -0.291696    22.948570   -44.616681
v    -3.479003    26.960694   -41.844361
v    -4.461121    27.156069   -41.844361
v    -7.854281    31.478965   -37.742719
v    -8.255743    32.237405   -36.979745
v    -8.255743    33.649521   -35.392033
v    -9.562315    39.431833   -28.598442
v   -13.048198    40.566952   -26.542500
v    -9.086110    32.831898   -36.125533
v   -13.070792    40.339209   -26.793541
v   -19.295612    40.892578   -22.469082
v   -12.163417    30.775722   -36.125533
v   -19.478557    38.090784   -24.927894
v   -32.280405    37.254866   -13.693040
v   -12.138477    30.694725   -36.198164
v   -21.455848    16.750254   -36.198164
v   -25.409492    14.978658   -33.656479
v   -30.208123    13.944628   -29.887109
v   -33.694945    11.174576   -27.477709
v   -47.652004     9.787947   -12.095008
v   -37.511615    -8.012833   -27.477709
v   -39.862692    -9.858310   -25.246953
v   -40.323494    -9.858310   -24.728843
v   -41.328519    -9.631193   -23.548066
v   -33.986875   -21.820331   -28.116374
v   -32.917507   -22.270188   -28.821807
v   -30.621626   -25.706191   -28.821807
v   -33.860846   -21.847538   -28.215352
v   -29.593850   -26.160974   -29.359853
v   -29.586110   -26.178487   -29.350705
v   -25.603070   -29.717064   -28.545748
v   -25.823855   -28.692338   -29.350705
v   -25.601272   -29.719254   -28.544262
v    -2.553724   -36.006775   -26.629360
v    -4.137840   -33.988595   -28.544262
v     7.267684   -44.801424   -17.808520
v    15.635697   -44.175659   -16.956028
v    27.923891   -41.731389   -16.956028
v    35.846424   -39.531515   -17.012318
v    35.855494   -39.529482   -17.009347
v    40.385336   -35.107999   -18.045879
v    44.325376   -24.839079   -21.310743
v    44.545145   -24.510091   -21.310743
v    46.018165   -18.029148   -23.434312
v    44.888284   -16.451053   -25.057597
v    44.311069   -14.438814   -26.156674
v    44.738879    -8.397096   -27.026835
v    45.226576    -5.945164   -27.026835
v    42.178588     2.374845   -30.886427
v    38.696926     5.625949   -33.213111
v    32.974814     8.936002   -36.745669
v    32.942994     9.054916   -36.745669
v    26.299903    11.494964   -39.946972
v    17.684289    13.621113   -43.294630
v    16.945864    13.865743   -43.549424
v     9.854401    15.959603   -45.670569
v     5.317444    17.379225   -46.868468
v     4.406706    17.901869   -46.932264
v     2.837680    19.505843   -46.519309
v     1.862755    19.559866   -46.670746
v    -2.563028    20.745725   -46.670746
v    -3.224600    21.889522   -45.964610
v    -3.585409    22.275895   -45.706455
v    -4.461121    25.766626   -42.984562
v    -6.715253    26.580653   -41.948655
v    -4.252610    22.097094   -45.706455
v    -6.747229    25.815489   -42.501399
v    -7.306697    25.862946   -42.188282
v    -4.185922    20.764723   -46.428149
v    -6.663653    18.286991   -46.428149
v    -6.684606    18.194659   -46.458483
v    -7.091385    17.796793   -46.353720
v    -7.905646    17.315976   -45.987361
v   -11.596522     3.541314   -45.987361
v   -13.098312     1.544947   -45.280990
v   -13.858550     0.941307   -44.843720
v   -19.220558    -2.160549   -41.533433
v   -24.247166    -6.854260   -38.174360
v   -28.865198    -8.012833   -34.573628
v   -21.806649   -15.962496   -38.174360
v   -25.064086   -20.324169   -34.940534
v   -28.254912   -22.464860   -32.190261
v   -28.473586   -25.040710   -30.748671
v   -25.936124   -24.825319   -32.168762
v   -23.778780   -21.609553   -34.940534
v   -25.782184   -28.513146   -29.504567
v   -13.161170   -23.955783   -35.304939
v   -21.576013   -19.964534   -36.573670
v   -14.349922   -21.900780   -36.573670
v    -4.137840   -33.619109   -28.847450
v     3.900481   -33.056670   -27.996834
v    33.525994   -30.982746   -23.712404
v    36.046491   -34.739686   -20.474122
v    27.747201   -26.666965   -27.996834
v    43.961128   -20.547612   -23.712404
v    39.875357    -8.499514   -30.560097
v    41.962806    -0.709185   -30.560097
v    32.282985     8.936002   -37.115468
v    26.085685    10.890620   -40.148055
v    24.115978    10.890620   -41.000547
v    12.732344    14.793211   -44.944106
v     1.589119    18.057763   -47.369846
v    -0.238923    18.815030   -47.369846
v    -2.285639    18.970611   -47.579842
v    -2.315270    19.005011   -47.565691
v    -2.563028    19.790424   -47.181351
v    -4.004540    20.301340   -46.701785
v    -3.937382    18.333118   -47.565691
v    -4.030184    18.104046   -47.623468
v    -3.989608    18.003427   -47.659118
v    -4.057156    16.781683   -47.848865
v    -5.498356    13.302288   -47.848865
v    -5.581698    12.206026   -47.961369
v    -6.066267    10.936982   -47.884125
v    -8.144335     7.188408   -47.310272
v   -10.122720     4.808404   -46.593659
v   -19.219385   -14.184177   -39.811952
v   -20.135908   -15.308428   -39.161090
v   -12.142542    -2.589922   -44.953331
v   -15.204212   -10.168926   -42.269591
v   -11.878288    -1.400389   -45.280990
v   -20.172419   -16.378891   -38.691219
v   -14.349922   -14.315287   -40.628168
v   -13.494693   -10.877016   -42.269591
v   -13.494693   -11.603480   -41.955145
v    27.544397   -26.148856   -28.302837
v   -12.142542    -7.692132   -43.405648
v    12.763539     2.624322   -43.405648
v    19.555488    -0.119305   -41.000547
v    26.906826    -7.470644   -36.501039
v    38.235029    -7.857330   -31.528845
v     8.451197    14.793211   -46.242780
v     5.050376    16.422125   -47.069785
v     1.142155    16.422125   -47.712282
v    -0.039091    17.603449   -47.712282
v    -2.285639    17.901243   -47.904218
v    -2.557477    17.603840   -47.960352
v    -2.631046    17.310503   -47.996394
v    -3.861468    16.080081   -47.996394
v    -3.998755    15.043862   -48.084974
v   -11.807534    -1.229640   -45.323912
v    -7.895092     6.939165   -47.310272
v    -6.171656     8.824749   -47.665686
v    11.491993     3.895946   -43.951121
v    -6.066267     9.244975   -47.717442
v     1.100250    16.411571   -47.717442
v    -2.631046    16.411571   -48.084974
f      1      2      3
f      1      3      4
f      5      6      7
f      5      7      8
f      8      7      9
f      8      9     10
f      8     10      2
f      8      2      1
f     11      3      2
f     11      2     10
f     11     10     12
f     11     12     13
f     11     13     14
f     14     13     15
f     14     15     16
f     17      4      3
f     17      3     11
f     18     19     20
f     18     20      5
f     18      5      8
f     18      8      1
f     18      1      4
f     18      4     17
f     21     22     23
f     21     23     24
f     21     24     20
f     21     20     19
f     20     24     25
f     20     25      6
f     20      6      5
f     23     26     27
f     23     27     25
f     23     25     24
f     28     29     30
f     28     30     31
f     28     31     27
f     28     27     26
f     25     27     31
f     25     31     32
f     25     32      9
f     25      9      7
f     25      7      6
f     10      9     32
f     10     32     33
f     10     33     34
f     10     34     35
f     10     35     36
f     10     36     12
f     37     36     35
f     37     35     38
f     37     38     39
f     37     39     40
f     15     13     12
f     15     12     36
f     15     36     37
f     40     39     41
f     40     41     42
f     40     42     43
f     44     43     42
f     44     42     45
f     44     45     46
f     44     46     47
f     48     16     15
f     48     15     37
f     48     37     40
f     48     40     43
f     48     43     44
f     49     50     51
f     49     51     18
f     49     18     17
f     49     17     11
f     49     11     14
f     49     14     16
f     49     16     48
f     51     52     21
f     51     21     19
f     51     19     18
f     53     54     55
f     53     55     56
f     53     56     52
f     53     52     51
f     53     51     50
f     55     57     58
f     55     58     59
f     55     59     60
f     55     60     56
f     56     60     61
f     56     61     22
f     56     22     21
f     56     21     52
f     59     62     63
f     59     63     61
f     59     61     60
f     61     63     28
f     61     28     26
f     61     26     23
f     61     23     22
f     64     65     29
f     64     29     28
f     64     28     63
f     64     63     62
f     30     29     65
f     30     65     66
f     30     66     67
f     32     31     30
f     32     30     67
f     32     67     68
f     32     68     33
f     33     68     69
f     33     69     70
f     33     70     71
f     33     71     34
f     35     34     71
f     35     71     72
f     35     72     73
f     35     73     74
f     35     74     75
f     35     75     38
f     73     76     77
f     73     77     78
f     73     78     79
f     73     79     80
f     73     80     81
f     73     81     82
f     73     82     74
f     74     82     83
f     74     83     84
f     74     84     85
f     74     85     86
f     74     86     87
f     74     87     88
f     74     88     75
f     38     75     88
f     38     88     89
f     38     89     90
f     38     90     91
f     38     91     92
f     38     92     41
f     38     41     39
f     92     91     93
f     92     93     94
f     92     94     95
f     92     95     96
f     42     41     92
f     42     92     96
f     42     96     45
f     45     96     95
f     45     95     97
f     45     97     46
f     98     99    100
f     98    100    101
f     98    101    102
f     98    102    103
f     47     46     97
f     47     97    104
f     47    104    105
f     47    105     99
f     47     99     98
f     47     98    106
f    107    108     49
f    107     49     48
f    107     48     44
f    107     44     47
f    107     47    106
f    107    106    109
f    110    111    112
f    110    112    113
f    110    113     53
f    110     53     50
f    110     50     49
f    110     49    108
f    113    114    115
f    113    115    116
f    113    116     54
f    113     54     53
f    116    117    118
f    116    118     57
f    116     57     55
f    116     55     54
f    119    120    121
f    119    121    122
f    119    122    118
f    119    118    117
f    123    124    125
f    123    125    126
f    123    126    122
f    123    122    121
f    123    121    127
f    123    127    128
f    123    128    129
f    118    122    126
f    118    126    130
f    118    130     58
f    118     58     57
f    126    125    131
f    126    131    132
f    126    132    133
f    126    133    134
f    126    134    130
f     58    130    134
f     58    134    135
f     58    135    136
f     58    136    137
f     58    137     64
f     58     64     62
f     58     62     59
f    136    138    139
f    136    139    137
f    137    139    140
f    137    140    141
f    137    141    142
f    137    142     66
f    137     66     65
f    137     65     64
f    140    143    144
f    140    144    145
f    140    145    146
f    140    146    141
f    141    146    147
f    141    147    148
f    141    148    149
f    141    149    150
f    141    150    142
f     67     66    142
f     67    142    150
f     67    150    151
f     67    151    152
f     67    152     69
f     67     69     68
f     69    152    153
f     69    153    154
f     69    154     70
f     71     70    154
f     71    154    155
f     71    155     72
f     72    155    156
f     72    156     76
f     72     76     73
f     78    157    158
f     78    158     79
f     79    158    159
f     79    159    160
f     79    160    161
f     79    161    162
f     79    162    163
f     79    163    164
f     79    164     80
f     80    164    165
f     80    165    166
f     80    166     81
f     81    166    167
f     81    167    168
f     81    168     83
f     81     83     82
f     88     87    169
f     88    169    170
f     88    170     89
f     90    171    172
f     90    172     93
f     90     93     91
f     94     93    172
f     94    172    173
f     94    173    174
f     97     95     94
f     97     94    174
f     97    174    175
f     97    175    104
f    104    175    105
f    176    177    178
f    176    178    179
f    176    179    180
f    181    103    102
f    181    102    177
f    181    177    176
f    109    106     98
f    109     98    103
f    109    103    181
f    109    181    182
f    109    182    183
f    184    185    186
f    184    186    187
f    184    187    107
f    184    107    109
f    184    109    183
f    184    183    188
f    187    189    190
f    187    190    110
f    187    110    108
f    187    108    107
f    112    191    114
f    112    114    113
f    115    192    119
f    115    119    117
f    115    117    116
f    193    127    121
f    193    121    120
f    193    120    194
f    193    194    195
f    196    128    127
f    196    127    193
f    197    198    199
f    197    199    124
f    197    124    123
f    197    123    200
f    197    200    201
f    199    202    131
f    199    131    125
f    199    125    124
f    131    202    203
f    131    203    204
f    131    204    205
f    131    205    206
f    131    206    132
f    132    206    207
f    132    207    208
f    132    208    209
f    132    209    133
f    134    133    209
f    134    209    210
f    134    210    211
f    134    211    135
f    135    211    212
f    135    212    213
f    135    213    138
f    135    138    136
f    213    214    143
f    213    143    140
f    213    140    139
f    213    139    138
f    144    215    216
f    144    216    145
f    145    216    217
f    145    217    218
f    145    218    219
f    145    219    147
f    145    147    146
f    147    219    220
f    147    220    221
f    147    221    222
f    147    222    223
f    147    223    224
f    147    224    148
f    148    224    225
f    148    225    226
f    148    226    227
f    148    227    228
f    148    228    149
f    150    149    228
f    150    228    229
f    150    229    230
f    150    230    151
f    151    230    231
f    151    231    232
f    151    232    233
f    151    233    153
f    151    153    152
f    154    153    233
f    154    233    234
f    154    234    235
f    154    235    156
f    154    156    155
f    156    235    236
f    156    236    237
f    156    237     77
f    156     77     76
f     77    237    238
f     77    238    239
f     77    239    240
f     77    240    157
f     77    157     78
f    240    241    159
f    240    159    158
f    240    158    157
f    159    241    242
f    159    242    243
f    159    243    244
f    159    244    160
f    162    245    246
f    162    246    163
f    163    246    165
f    163    165    164
f     85    247    248
f     85    248     86
f     86    248    249
f     86    249    169
f     86    169     87
f     89    170    250
f     89    250    251
f     89    251    171
f     89    171     90
f    173    172    171
f    173    171    251
f    173    251    252
f    105    175    174
f    105    174    173
f    105    173    252
f    105    252    253
f    105    253    254
f    105    254    100
f    105    100     99
f    100    254    255
f    100    255    101
f    102    101    255
f    102    255    256
f    102    256    257
f    102    257    178
f    102    178    177
f    258    259    260
f    258    260    261
f    258    261    262
f    258    262    263
f    258    263    264
f    180    179    260
f    180    260    259
f    265    182    181
f    265    181    176
f    265    176    180
f    265    180    259
f    265    259    258
f    188    183    182
f    188    182    265
f    188    265    266
f    267    268    186
f    267    186    185
f    186    268    269
f    186    269    189
f    186    189    187
f    190    270    111
f    190    111    110
f    271    272    192
f    271    192    115
f    271    115    114
f    271    114    191
f    194    120    119
f    194    119    192
f    194    192    272
f    273    129    128
f    273    128    196
f    274    200    123
f    274    123    129
f    274    129    273
f    275    276    277
f    275    277    198
f    275    198    197
f    277    203    202
f    277    202    199
f    277    199    198
f    278    279    280
f    278    280    205
f    278    205    204
f    278    204    281
f    205    280    282
f    205    282    207
f    205    207    206
f    207    282    283
f    207    283    284
f    207    284    285
f    207    285    208
f    209    208    285
f    209    285    286
f    209    286    287
f    209    287    288
f    209    288    210
f    210    288    289
f    210    289    290
f    210    290    212
f    210    212    211
f    212    290    291
f    212    291    292
f    212    292    214
f    212    214    213
f    292    293    215
f    292    215    144
f    292    144    143
f    292    143    214
f    217    294    295
f    217    295    218
f    218    295    220
f    218    220    219
f    222    296    297
f    222    297    298
f    222    298    223
f    223    298    299
f    223    299    225
f    223    225    224
f    228    227    300
f    228    300    301
f    228    301    302
f    228    302    229
f    229    302    303
f    229    303    304
f    229    304    305
f    229    305    231
f    229    231    230
f    231    305    306
f    231    306    307
f    231    307    308
f    231    308    232
f    233    232    308
f    233    308    309
f    233    309    310
f    233    310    311
f    233    311    312
f    233    312    234
f    234    312    313
f    234    313    314
f    234    314    315
f    234    315    316
f    234    316    236
f    234    236    235
f    236    316    317
f    236    317    318
f    236    318    238
f    236    238    237
f    238    318    319
f    238    319    320
f    238    320    321
f    238    321    322
f    238    322    323
f    238    323    324
f    238    324    325
f    238    325    326
f    238    326    239
f    239    326    242
f    239    242    241
f    239    241    240
f    325    327    243
f    325    243    242
f    325    242    326
f    160    244    328
f    160    328    329
f    160    329    161
f    161    329    245
f    161    245    162
f     83    168    330
f     83    330     84
f     84    330    331
f     84    331    332
f     84    332    247
f     84    247     85
f    249    248    247
f    249    247    332
f    249    332    333
f    249    333    334
f    250    170    169
f    250    169    249
f    250    249    334
f    250    334    335
f    252    251    250
f    252    250    335
f    252    335    336
f    252    336    337
f    252    337    338
f    252    338    253
f    255    254    253
f    255    253    338
f    255    338    339
f    255    339    340
f    255    340    256
f    257    256    340
f    257    340    341
f    257    341    342
f    257    342    343
f    257    343    344
f    257    344    345
f    260    179    178
f    260    178    257
f    260    257    345
f    260    345    261
f    261    345    344
f    261    344    346
f    261    346    262
f    347    348    349
f    347    349    350
f    347    350    351
f    347    351    352
f    263    262    346
f    263    346    348
f    263    348    347
f    353    264    263
f    353    263    347
f    353    347    352
f    353    352    354
f    355    266    265
f    355    265    258
f    355    258    264
f    355    264    353
f    356    357    358
f    356    358    184
f    356    184    188
f    356    188    266
f    356    266    355
f    358    359    267
f    358    267    185
f    358    185    184
f    360    361    362
f    360    362    269
f    360    269    268
f    360    268    267
f    360    267    359
f    362    363    270
f    362    270    190
f    362    190    189
f    362    189    269
f    364    365    271
f    364    271    191
f    364    191    112
f    364    112    111
f    364    111    270
f    364    270    363
f    366    195    194
f    366    194    272
f    366    272    271
f    366    271    365
f    367    368    274
f    367    274    273
f    367    273    196
f    367    196    193
f    367    193    195
f    367    195    366
f    369    201    200
f    369    200    274
f    369    274    368
f    370    371    372
f    370    372    275
f    370    275    197
f    370    197    201
f    370    201    369
f    372    373    374
f    372    374    375
f    372    375    376
f    372    376    276
f    372    276    275
f    376    281    204
f    376    204    203
f    376    203    277
f    376    277    276
f    377    378    279
f    377    279    278
f    377    278    379
f    380    283    282
f    380    282    280
f    380    280    279
f    380    279    378
f    381    382    284
f    381    284    283
f    381    283    380
f    381    380    383
f    285    284    382
f    285    382    384
f    285    384    286
f    286    384    385
f    286    385    386
f    286    386    387
f    286    387    287
f    287    387    388
f    287    388    389
f    287    389    390
f    287    390    289
f    287    289    288
f    289    390    391
f    289    391    392
f    289    392    393
f    289    393    291
f    289    291    290
f    291    393    394
f    291    394    293
f    291    293    292
f    394    395    396
f    394    396    294
f    394    294    217
f    394    217    216
f    394    216    215
f    394    215    293
f    220    295    294
f    220    294    396
f    220    396    397
f    220    397    398
f    220    398    221
f    221    398    399
f    221    399    296
f    221    296    222
f    399    400    401
f    399    401    402
f    399    402    403
f    399    403    297
f    399    297    296
f    297    403    404
f    297    404    299
f    297    299    298
f    226    405    300
f    226    300    227
f    301    406    303
f    301    303    302
f    304    407    306
f    304    306    305
f    308    307    408
f    308    408    309
f    311    409    410
f    311    410    313
f    311    313    312
f    314    411    412
f    314    412    413
f    314    413    414
f    314    414    315
f    315    414    415
f    315    415    416
f    315    416    317
f    315    317    316
f    317    416    417
f    317    417    418
f    317    418    419
f    317    419    420
f    317    420    319
f    317    319    318
f    319    420    421
f    319    421    422
f    319    422    423
f    319    423    424
f    319    424    425
f    319    425    320
f    323    426    427
f    323    427    324
f    322    428    426
f    322    426    323
f    324    427    429
f    324    429    430
f    324    430    327
f    324    327    325
f    243    327    430
f    243    430    431
f    243    431    432
f    243    432    328
f    243    328    244
f    165    246    245
f    165    245    329
f    165    329    328
f    165    328    432
f    165    432    433
f    165    433    167
f    165    167    166
f    167    433    434
f    167    434    331
f    167    331    330
f    167    330    168
f    333    332    331
f    333    331    434
f    333    434    435
f    333    435    436
f    333    436    437
f    335    334    333
f    335    333    437
f    335    437    438
f    335    438    336
f    336    438    439
f    336    439    440
f    336    440    337
f    338    337    440
f    338    440    441
f    338    441    442
f    338    442    443
f    338    443    339
f    340    339    443
f    340    443    444
f    340    444    445
f    340    445    341
f    342    341    445
f    342    445    446
f    342    446    447
f    448    449    343
f    448    343    342
f    448    342    447
f    448    447    450
f    448    450    451
f    346    344    343
f    346    343    449
f    346    449    349
f    346    349    348
f    349    449    448
f    349    448    350
f    452    453    454
f    452    454    455
f    354    352    351
f    354    351    456
f    354    456    452
f    354    452    455
f    354    455    454
f    354    454    457
f    354    457    458
f    354    458    459
f    354    459    460
f    356    355    353
f    356    353    354
f    356    354    460
f    356    460    461
f    460    459    462
f    460    462    463
f    460    463    464
f    460    464    465
f    460    465    466
f    460    466    461
f    461    466    467
f    461    467    468
f    461    468    357
f    461    357    356
f    467    469    470
f    467    470    471
f    467    471    468
f    468    471    472
f    468    472    360
f    468    360    359
f    468    359    358
f    468    358    357
f    472    473    474
f    472    474    361
f    472    361    360
f    474    475    476
f    474    476    364
f    474    364    363
f    474    363    362
f    474    362    361
f    476    477    478
f    476    478    367
f    476    367    366
f    476    366    365
f    476    365    364
f    478    479    370
f    478    370    369
f    478    369    368
f    478    368    367
f    480    481    482
f    480    482    483
f    480    483    484
f    480    484    371
f    480    371    370
f    480    370    479
f    484    373    372
f    484    372    371
f    483    485    374
f    483    374    373
f    483    373    484
f    486    375    374
f    486    374    485
f    487    379    278
f    487    278    281
f    487    281    376
f    487    376    375
f    487    375    486
f    488    489    377
f    488    377    379
f    488    379    487
f    490    383    380
f    490    380    378
f    490    378    377
f    490    377    489
f    491    492    493
f    491    493    381
f    491    381    383
f    491    383    490
f    494    385    384
f    494    384    382
f    494    382    381
f    494    381    493
f    495    496    386
f    495    386    385
f    495    385    494
f    495    494    497
f    386    496    498
f    386    498    388
f    386    388    387
f    388    498    499
f    388    499    500
f    388    500    501
f    388    501    389
f    502    503    391
f    502    391    390
f    502    390    389
f    502    389    501
f    502    501    504
f    505    392    391
f    505    391    503
f    505    503    506
f    507    508    395
f    507    395    394
f    507    394    393
f    507    393    392
f    507    392    505
f    509    510    511
f    509    511    397
f    509    397    396
f    509    396    395
f    509    395    508
f    397    511    400
f    397    400    399
f    397    399    398
f    512    401    400
f    512    400    511
f    512    511    510
f    512    510    513
f    512    513    514
f    515    402    401
f    515    401    512
f    515    512    516
f    404    403    402
f    404    402    515
f    404    515    517
f    225    299    404
f    225    404    517
f    225    517    518
f    225    518    405
f    225    405    226
f    300    405    518
f    300    518    519
f    300    519    520
f    300    520    521
f    300    521    406
f    300    406    301
f    303    406    521
f    303    521    522
f    303    522    407
f    303    407    304
f    306    407    522
f    306    522    523
f    306    523    408
f    306    408    307
f    310    524    409
f    310    409    311
f    313    410    525
f    313    525    411
f    313    411    314
f    412    526    527
f    412    527    413
f    413    527    528
f    413    528    529
f    413    529    530
f    413    530    415
f    413    415    414
f    415    530    531
f    415    531    532
f    415    532    417
f    415    417    416
f    418    533    534
f    418    534    535
f    418    535    419
f    419    535    421
f    419    421    420
f    320    425    536
f    320    536    537
f    320    537    321
f    536    538    539
f    536    539    537
f    321    537    539
f    321    539    540
f    321    540    541
f    321    541    428
f    321    428    322
f    541    429    427
f    541    427    426
f    541    426    428
f    431    430    429
f    431    429    541
f    431    541    540
f    431    540    542
f    431    542    543
f    431    543    544
f    434    433    432
f    434    432    431
f    434    431    544
f    434    544    545
f    434    545    435
f    546    436    435
f    546    435    545
f    546    545    547
f    546    547    548
f    546    548    549
f    546    549    550
f    437    436    546
f    437    546    551
f    437    551    439
f    437    439    438
f    552    551    546
f    552    546    550
f    552    550    553
f    440    439    551
f    440    551    552
f    440    552    554
f    440    554    441
f    555    442    441
f    555    441    554
f    555    554    556
f    555    556    557
f    443    442    555
f    443    555    558
f    443    558    444
f    445    444    558
f    445    558    559
f    445    559    560
f    445    560    446
f    447    446    560
f    447    560    561
f    447    561    562
f    447    562    450
f    451    450    562
f    451    562    563
f    451    563    564
f    351    350    448
f    351    448    451
f    351    451    564
f    351    564    456
f    456    564    563
f    456    563    565
f    456    565    453
f    456    453    452
f    457    566    567
f    457    567    568
f    457    568    458
f    458    568    569
f    458    569    570
f    458    570    462
f    458    462    459
f    462    570    571
f    462    571    463
f    463    571    572
f    463    572    573
f    463    573    574
f    463    574    464
f    464    574    575
f    464    575    576
f    464    576    465
f    576    575    577
f    576    577    578
f    576    578    579
f    576    579    580
f    466    465    576
f    466    576    580
f    466    580    581
f    466    581    582
f    466    582    469
f    466    469    467
f    582    583    584
f    582    584    470
f    582    470    469
f    470    584    585
f    470    585    586
f    470    586    473
f    470    473    472
f    470    472    471
f    586    587    588
f    586    588    475
f    586    475    474
f    586    474    473
f    588    589    590
f    588    590    477
f    588    477    476
f    588    476    475
f    590    591    592
f    590    592    480
f    590    480    479
f    590    479    478
f    590    478    477
f    592    593    594
f    592    594    481
f    592    481    480
f    595    596    597
f    595    597    594
f    595    594    593
f    594    597    598
f    594    598    482
f    594    482    481
f    599    600    598
f    599    598    597
f    599    597    596
f    601    602    600
f    601    600    599
f    603    604    491
f    603    491    490
f    603    490    489
f    603    489    488
f    605    492    491
f    605    491    604
f    605    604    606
f    607    497    494
f    607    494    493
f    607    493    492
f    607    492    605
f    608    609    495
f    608    495    497
f    608    497    607
f    610    499    498
f    610    498    496
f    610    496    495
f    610    495    609
f    610    609    611
f    612    500    499
f    612    499    610
f    612    610    613
f    504    501    500
f    504    500    612
f    504    612    614
f    506    503    502
f    506    502    615
f    506    615    616
f    506    616    617
f    618    619    507
f    618    507    505
f    618    505    506
f    618    506    617
f    618    617    620
f    621    622    509
f    621    509    508
f    621    508    507
f    621    507    619
f    623    513    510
f    623    510    509
f    623    509    622
f    623    622    624
f    625    626    627
f    625    627    628
f    625    628    623
f    625    623    624
f    625    624    629
f    628    514    513
f    628    513    623
f    627    630    631
f    627    631    516
f    627    516    512
f    627    512    514
f    627    514    628
f    632    631    630
f    632    630    633
f    632    633    634
f    635    519    518
f    635    518    517
f    635    517    515
f    635    515    516
f    635    516    631
f    635    631    632
f    636    637    520
f    636    520    519
f    636    519    635
f    636    635    638
f    636    638    639
f    523    522    521
f    523    521    520
f    523    520    637
f    523    637    640
f    309    408    523
f    309    523    640
f    309    640    641
f    309    641    642
f    309    642    643
f    309    643    524
f    309    524    310
f    643    644    525
f    643    525    410
f    643    410    409
f    643    409    524
f    525    644    645
f    525    645    646
f    525    646    647
f    525    647    526
f    525    526    412
f    525    412    411
f    647    648    528
f    647    528    527
f    647    527    526
f    528    648    649
f    528    649    650
f    528    650    529
f    529    650    651
f    529    651    531
f    529    531    530
f    417    532    652
f    417    652    533
f    417    533    418
f    652    653    534
f    652    534    533
f    423    654    424
f    424    654    655
f    424    655    538
f    424    538    536
f    424    536    425
f    539    538    655
f    539    655    656
f    539    656    542
f    539    542    540
f    543    542    656
f    543    656    657
f    543    657    658
f    543    658    659
f    545    544    543
f    545    543    659
f    545    659    660
f    545    660    661
f    545    661    662
f    545    662    547
f    547    662    663
f    547    663    664
f    547    664    665
f    547    665    548
f    549    548    665
f    549    665    666
f    549    666    667
f    549    667    668
f    668    667    669
f    668    669    670
f    668    670    671
f    668    671    672
f    668    672    673
f    553    550    549
f    553    549    668
f    553    668    673
f    553    673    674
f    674    673    672
f    674    672    675
f    674    675    676
f    674    676    677
f    556    554    552
f    556    552    553
f    556    553    674
f    556    674    677
f    556    677    678
f    679    557    556
f    679    556    678
f    679    678    680
f    679    680    681
f    559    558    555
f    559    555    557
f    559    557    679
f    559    679    682
f    561    560    559
f    561    559    682
f    561    682    683
f    561    683    684
f    561    684    685
f    563    562    561
f    563    561    685
f    563    685    686
f    563    686    565
f    686    685    684
f    686    684    567
f    686    567    566
f    454    453    565
f    454    565    686
f    454    686    566
f    454    566    457
f    569    687    688
f    569    688    689
f    569    689    572
f    569    572    571
f    569    571    570
f    572    689    690
f    572    690    691
f    572    691    573
f    573    691    692
f    573    692    577
f    573    577    575
f    573    575    574
f    577    692    693
f    577    693    694
f    577    694    578
f    578    694    695
f    578    695    579
f    580    579    695
f    580    695    696
f    580    696    697
f    580    697    581
f    581    697    698
f    581    698    699
f    581    699    583
f    581    583    582
f    699    700    701
f    699    701    585
f    699    585    584
f    699    584    583
f    585    701    702
f    585    702    703
f    585    703    704
f    585    704    587
f    585    587    586
f    704    705    706
f    704    706    589
f    704    589    588
f    704    588    587
f    706    707    708
f    706    708    709
f    706    709    591
f    706    591    590
f    706    590    589
f    708    710    711
f    708    711    709
f    709    711    712
f    709    712    595
f    709    595    593
f    709    593    592
f    709    592    591
f    712    713    601
f    712    601    599
f    712    599    596
f    712    596    595
f    714    715    713
f    714    713    712
f    714    712    711
f    714    711    710
f    716    606    604
f    716    604    603
f    716    603    602
f    716    602    601
f    716    601    713
f    716    713    715
f    717    718    608
f    717    608    607
f    717    607    605
f    717    605    606
f    717    606    716
f    719    611    609
f    719    609    608
f    719    608    718
f    720    613    610
f    720    610    611
f    720    611    719
f    721    614    612
f    721    612    613
f    721    613    720
f    722    615    502
f    722    502    504
f    722    504    614
f    722    614    721
f    722    721    723
f    620    617    616
f    620    616    724
f    725    726    621
f    725    621    619
f    725    619    618
f    629    624    622
f    629    622    621
f    629    621    726
f    727    728    626
f    727    626    625
f    727    625    729
f    633    630    627
f    633    627    626
f    633    626    728
f    730    638    635
f    730    635    632
f    730    632    634
f    730    634    731
f    732    639    638
f    732    638    730
f    733    734    735
f    733    735    736
f    733    736    636
f    733    636    639
f    733    639    732
f    737    736    735
f    737    735    738
f    737    738    739
f    737    739    740
f    640    637    636
f    640    636    736
f    640    736    737
f    640    737    741
f    640    741    742
f    640    742    743
f    640    743    641
f    641    743    744
f    641    744    745
f    641    745    746
f    641    746    642
f    642    746    747
f    642    747    645
f    642    645    644
f    642    644    643
f    747    748    749
f    747    749    750
f    747    750    646
f    747    646    645
f    646    750    751
f    646    751    649
f    646    649    648
f    646    648    647
f    752    651    650
f    752    650    649
f    752    649    751
f    752    751    753
f    531    651    752
f    531    752    754
f    531    754    653
f    531    653    652
f    531    652    532
f    421    535    534
f    421    534    653
f    421    653    754
f    421    754    755
f    421    755    756
f    421    756    422
f    422    756    657
f    422    657    656
f    422    656    655
f    422    655    654
f    422    654    423
f    659    658    757
f    659    757    660
f    660    757    758
f    660    758    661
f    665    664    759
f    665    759    760
f    665    760    666
f    666    760    761
f    666    761    762
f    666    762    669
f    666    669    667
f    669    762    763
f    669    763    764
f    669    764    765
f    669    765    766
f    669    766    670
f    670    766    767
f    670    767    768
f    670    768    671
f    672    671    768
f    672    768    769
f    672    769    770
f    672    770    675
f    676    675    770
f    676    770    771
f    676    771    772
f    676    772    773
f    678    677    676
f    678    676    773
f    678    773    774
f    678    774    775
f    678    775    680
f    681    680    775
f    681    775    776
f    681    776    777
f    681    777    778
f    683    682    679
f    683    679    681
f    683    681    778
f    683    778    779
f    683    779    780
f    683    780    781
f    781    780    688
f    781    688    687
f    567    684    683
f    567    683    781
f    567    781    687
f    567    687    569
f    567    569    568
f    690    782    783
f    690    783    693
f    690    693    692
f    690    692    691
f    783    782    784
f    783    784    785
f    783    785    786
f    783    786    787
f    695    694    693
f    695    693    783
f    695    783    787
f    695    787    788
f    695    788    696
f    787    786    789
f    787    789    790
f    787    790    788
f    696    788    790
f    696    790    698
f    696    698    697
f    698    790    789
f    698    789    791
f    698    791    792
f    698    792    793
f    698    793    700
f    698    700    699
f    793    794    795
f    793    795    702
f    793    702    701
f    793    701    700
f    702    795    796
f    702    796    797
f    702    797    798
f    702    798    799
f    702    799    703
f    703    799    800
f    703    800    801
f    703    801    802
f    703    802    705
f    703    705    704
f    801    803    804
f    801    804    805
f    801    805    802
f    802    805    806
f    802    806    707
f    802    707    706
f    802    706    705
f    806    807    714
f    806    714    710
f    806    710    708
f    806    708    707
f    804    808    809
f    804    809    807
f    804    807    806
f    804    806    805
f    809    810    717
f    809    717    716
f    809    716    715
f    809    715    714
f    809    714    807
f    811    812    813
f    811    813    810
f    811    810    809
f    811    809    808
f    813    723    721
f    813    721    720
f    813    720    719
f    813    719    718
f    813    718    717
f    813    717    810
f    814    815    722
f    814    722    723
f    814    723    813
f    814    813    812
f    724    616    615
f    724    615    722
f    724    722    815
f    816    817    725
f    816    725    618
f    816    618    620
f    816    620    724
f    816    724    815
f    816    815    814
f    818    729    625
f    818    625    629
f    818    629    726
f    818    726    725
f    818    725    817
f    819    820    727
f    819    727    729
f    819    729    818
f    731    634    633
f    731    633    728
f    731    728    727
f    731    727    820
f    821    734    733
f    822    738    735
f    822    735    734
f    822    734    821
f    823    741    737
f    823    737    740
f    823    740    824
f    825    826    742
f    825    742    741
f    825    741    823
f    827    828    744
f    827    744    743
f    827    743    742
f    827    742    826
f    827    826    829
f    830    745    744
f    830    744    828
f    830    828    831
f    830    831    832
f    833    748    747
f    833    747    746
f    833    746    745
f    833    745    830
f    834    749    748
f    834    748    833
f    834    833    835
f    834    835    836
f    837    753    751
f    837    751    750
f    837    750    749
f    837    749    834
f    838    755    754
f    838    754    752
f    838    752    753
f    838    753    837
f    657    756    755
f    657    755    838
f    657    838    839
f    657    839    840
f    657    840    758
f    657    758    757
f    657    757    658
f    661    758    840
f    661    840    841
f    661    841    663
f    661    663    662
f    663    841    842
f    663    842    759
f    663    759    664
f    843    763    762
f    843    762    761
f    843    761    844
f    845    764    763
f    845    763    843
f    768    767    846
f    768    846    769
f    770    769    846
f    770    846    847
f    770    847    848
f    770    848    771
f    773    772    849
f    773    849    850
f    773    850    851
f    773    851    774
f    775    774    851
f    775    851    852
f    775    852    853
f    775    853    776
f    776    853    854
f    776    854    777
f    778    777    854
f    778    854    855
f    778    855    856
f    778    856    857
f    778    857    779
f    688    780    779
f    688    779    857
f    688    857    858
f    688    858    784
f    688    784    782
f    688    782    690
f    688    690    689
f    858    859    860
f    858    860    861
f    858    861    785
f    858    785    784
f    861    860    862
f    861    862    863
f    861    863    864
f    789    786    785
f    789    785    861
f    789    861    864
f    789    864    791
f    791    864    863
f    791    863    865
f    791    865    866
f    791    866    867
f    791    867    792
f    792    867    868
f    792    868    794
f    792    794    793
f    868    869    870
f    868    870    871
f    868    871    872
f    868    872    873
f    868    873    796
f    868    796    795
f    868    795    794
f    796    873    874
f    796    874    875
f    796    875    876
f    796    876    797
f    797    876    877
f    797    877    878
f    797    878    879
f    797    879    880
f    797    880    798
f    798    880    881
f    798    881    800
f    798    800    799
f    800    881    882
f    800    882    803
f    800    803    801
f    879    883    884
f    879    884    882
f    879    882    881
f    879    881    880
f    882    884    885
f    882    885    811
f    882    811    808
f    882    808    804
f    882    804    803
f    886    887    885
f    886    885    884
f    886    884    883
f    885    887    888
f    885    888    816
f    885    816    814
f    885    814    812
f    885    812    811
f    889    890    891
f    889    891    892
f    889    892    888
f    889    888    887
f    889    887    886
f    892    893    894
f    892    894    819
f    892    819    818
f    892    818    817
f    892    817    816
f    892    816    888
f    895    896    897
f    895    897    898
f    895    898    894
f    895    894    893
f    894    898    822
f    894    822    821
f    894    821    733
f    894    733    732
f    894    732    730
f    894    730    731
f    894    731    820
f    894    820    819
f    897    739    738
f    897    738    822
f    897    822    898
f    824    740    739
f    824    739    897
f    824    897    896
f    899    829    826
f    899    826    825
f    900    901    827
f    900    827    829
f    900    829    899
f    900    899    902
f    831    828    827
f    831    827    901
f    831    901    903
f    831    903    904
f    905    832    831
f    905    831    904
f    905    904    906
f    907    835    833
f    907    833    830
f    907    830    832
f    907    832    905
f    908    836    835
f    908    835    907
f    908    907    909
f    910    839    838
f    910    838    837
f    910    837    834
f    910    834    836
f    910    836    908
f    842    841    840
f    842    840    839
f    842    839    910
f    842    910    911
f    844    761    760
f    844    760    759
f    844    759    842
f    844    842    911
f    844    911    912
f    913    914    765
f    913    765    764
f    913    764    845
f    846    767    766
f    846    766    765
f    846    765    914
f    846    914    847
f    771    848    915
f    771    915    849
f    771    849    772
f    851    850    916
f    851    916    917
f    851    917    852
f    854    853    852
f    854    852    917
f    854    917    918
f    854    918    855
f    855    918    919
f    855    919    920
f    855    920    921
f    855    921    922
f    855    922    856
f    857    856    922
f    857    922    859
f    857    859    858
f    863    862    923
f    863    923    924
f    863    924    865
f    865    924    925
f    865    925    926
f    865    926    866
f    866    926    869
f    866    869    868
f    866    868    867
f    870    927    928
f    870    928    929
f    870    929    871
f    872    930    931
f    872    931    932
f    872    932    933
f    872    933    874
f    872    874    873
f    874    933    934
f    874    934    935
f    874    935    936
f    874    936    875
f    875    936    937
f    875    937    938
f    875    938    877
f    875    877    876
f    877    938    939
f    877    939    878
f    937    940    941
f    937    941    939
f    937    939    938
f    878    939    941
f    878    941    942
f    878    942    889
f    878    889    886
f    878    886    883
f    878    883    879
f    941    940    943
f    941    943    944
f    941    944    942
f    942    944    945
f    942    945    946
f    942    946    947
f    942    947    890
f    942    890    889
f    947    948    949
f    947    949    950
f    947    950    951
f    947    951    891
f    947    891    890
f    891    951    952
f    891    952    953
f    891    953    895
f    891    895    893
f    891    893    892
f    953    902    899
f    953    899    825
f    953    825    823
f    953    823    824
f    953    824    896
f    953    896    895
f    952    954    955
f    952    955    956
f    952    956    900
f    952    900    902
f    952    902    953
f    956    957    903
f    956    903    901
f    956    901    900
f    958    957    956
f    958    956    955
f    958    955    959
f    906    904    903
f    906    903    957
f    906    957    958
f    906    958    960
f    961    960    958
f    961    958    959
f    961    959    962
f    961    962    963
f    964    909    907
f    964    907    905
f    964    905    906
f    964    906    960
f    964    960    961
f    912    911    910
f    912    910    908
f    912    908    909
f    912    909    964
f    912    964    965
f    966    967    913
f    966    913    845
f    966    845    843
f    966    843    844
f    966    844    912
f    966    912    965
f    966    965    968
f    847    914    913
f    847    913    967
f    847    967    915
f    847    915    848
f    849    915    967
f    849    967    966
f    849    966    969
f    849    969    916
f    849    916    850
f    917    916    969
f    917    969    919
f    917    919    918
f    920    970    971
f    920    971    921
f    922    921    971
f    922    971    923
f    922    923    862
f    922    862    860
f    922    860    859
f    925    972    973
f    925    973    927
f    925    927    870
f    925    870    869
f    925    869    926
f    973    974    928
f    973    928    927
f    871    929    975
f    871    975    930
f    871    930    872
f    932    976    977
f    932    977    934
f    932    934    933
f    934    977    978
f    934    978    979
f    934    979    980
f    934    980    935
f    935    980    981
f    935    981    943
f    935    943    940
f    935    940    937
f    935    937    936
f    979    982    981
f    979    981    980
f    981    982    983
f    981    983    945
f    981    945    944
f    981    944    943
f    945    983    984
f    945    984    985
f    945    985    986
f    945    986    946
f    946    986    987
f    946    987    988
f    946    988    989
f    946    989    990
f    946    990    948
f    946    948    947
f    950    991    992
f    950    992    954
f    950    954    952
f    950    952    951
f    993    994    991
f    993    991    950
f    993    950    949
f    993    949    995
f    959    955    954
f    959    954    992
f    959    992    996
f    959    996    962
f    997    996    992
f    997    992    991
f    997    991    994
f    997    994    998
f    997    998    999
f    963    962    996
f    963    996    997
f    968    965    964
f    968    964    961
f    968    961    963
f    968    963    997
f    968    997    999
f    968    999   1000
f   1000    999    998
f   1000    998   1001
f   1000   1001   1002
f   1000   1002   1003
f   1000   1003   1004
f    919    969    966
f    919    966    968
f    919    968   1000
f    919   1000   1004
f    919   1004   1005
f    919   1005    970
f    919    970    920
f   1005   1004   1003
f   1005   1003    974
f   1005    974    973
f   1005    973    972
f    923    971    970
f    923    970   1005
f    923   1005    972
f    923    972    925
f    923    925    924
f    975   1006   1007
f    975   1007    931
f    975    931    930
f    931   1007   1008
f    931   1008   1009
f    931   1009    976
f    931    976    932
f   1009   1010    978
f   1009    978    977
f   1009    977    976
f    978   1010   1011
f    978   1011    984
f    978    984    983
f    978    983    982
f    978    982    979
f   1012   1013    985
f   1012    985    984
f   1012    984   1011
f    985   1013   1014
f    985   1014    987
f    985    987    986
f    995    949    948
f    995    948    990
f    995    990   1015
f   1015    990    989
f   1015    989   1016
f    998    994    993
f    998    993   1001
f   1002   1001    993
f   1002    993    995
f   1002    995   1015
f   1002   1015   1016
f   1002   1016   1017
f   1002   1017   1018
f   1018   1017   1019
f   1018   1019   1020
f   1018   1020   1008
f   1018   1008   1007
f   1018   1007   1006
f    928    974   1003
f    928   1003   1002
f    928   1002   1018
f    928   1018   1006
f    928   1006    975
f    928    975    929
f   1008   1020   1021
f   1008   1021   1012
f   1008   1012   1011
f   1008   1011   1010
f   1008   1010   1009
f   1021   1014   1013
f   1021   1013   1012
f   1016    989    988
f   1016    988   1019
f   1016   1019   1017
f   1019    988    987
f   1019    987   1014
f   1019   1014   1021
f   1019   1021   1020
f    482    598    600
f    482    600    602
f    482    602    603
f    482    603    488
f    482    488    487
f    482    487    486
f    482    486    485
f    482    485    483
