v    44.019230    23.254787   101.506337
v    43.969468    23.630339   101.474449
v    24.595321    43.004487   101.474449
v    20.216045    43.584978   101.848579
v    20.216045    23.254787   103.850847
v    19.653833    22.692576   103.850847
v    18.150203    45.845400   101.422452
v     7.523436    44.436623   100.514546
v   -14.220407    22.692576   100.514546
v    18.182294   -22.999272    99.205699
v    19.653833   -17.130989    99.928571
v   -24.845549    20.028369    99.205699
v    48.842304    12.057685    99.928571
v    49.644999    18.113033   100.445895
v    61.271071    18.113033    96.919279
v    51.892625    40.754423    96.919279
v    49.067148    41.899563    97.632401
v    43.862835    47.103876    97.632401
v    40.043739    47.315111    98.225689
v    23.611451    54.121564    98.225689
v    18.150203    54.536723    98.785869
v    13.224965    60.265468    96.429375
v    -1.885274    59.116875    94.879029
v   -19.274012    51.914154    94.879029
v   -35.656132    51.007466    92.334658
v   -27.277397    20.980757    98.649175
v   -25.289144    20.028369    99.132782
v   -42.268410    53.678579    89.993194
v   -51.835750    49.801393    87.578204
v   -63.773598    20.980757    87.578204
v   -69.882973    18.387029    85.399027
v   -44.371421   -43.203331    85.399027
v   -43.079432   -43.727154    85.725223
v   -38.663596   -48.142990    85.725223
v    17.860973   -32.370406    97.612090
v    18.182294   -31.699531    97.775188
v   -35.390462   -56.219089    83.686598
v    16.163168   -77.573366    83.686598
v    17.860973   -73.574313    85.113046
v    60.941625   -55.729591    85.113046
v    63.346663   -49.794891    86.610990
v    60.845960   -43.604475    88.803167
v    61.430107   -33.053265    90.441866
v    75.146598     0.061544    90.441866
v    75.655595     6.758722    91.128991
v    63.598317    17.125101    96.089164
v    81.977627     6.758722    87.749833
v    74.986141    32.851375    87.749833
v    70.178504    35.690460    89.912965
v    65.983653    39.793709    90.992906
v    60.851444    41.060309    92.987050
v    47.261491    54.650262    92.987050
v    44.144550    55.355666    94.010526
v    40.399386    59.184308    93.024829
v    38.234223    59.304347    93.361180
v    13.224965    66.005588    93.361180
v    12.222206    67.738937    92.290989
v     4.928084    75.550382    87.071036
v    -0.720026    75.155128    86.473281
v   -27.153093    68.072445    86.473281
v   -42.730487    67.209629    84.054229
v   -48.756587    71.710163    79.586193
v   -58.731977    69.452584    76.310623
v   -77.506947    50.677614    76.310623
v   -86.261640    48.517122    72.908920
v   -76.158900    20.013136    82.391359
v   -71.003130    18.387029    84.914201
v   -93.379461    48.873379    69.053264
v   -96.222812    47.194260    67.773868
v  -103.506169    20.012933    67.773868
v  -104.386655    19.503530    67.230343
v  -104.212792    17.018671    66.967314
v   -90.965894   -32.419559    66.967314
v   -89.348724   -33.374384    67.694858
v   -78.122577   -44.355579    70.585127
v   -77.388127   -47.600684    69.519404
v   -36.492340   -88.496471    69.519404
v   -36.226061   -89.575803    69.099979
v   -29.007700   -96.955434    67.200282
v    15.610503   -81.141416    82.043227
v    16.163168   -79.389381    82.900558
v   -27.986051   -98.685331    66.421758
v     8.598299  -108.488076    66.421758
v    13.715274  -108.846161    66.963252
v    15.610503  -106.816473    68.319627
v    18.887902  -106.587161    67.972917
v    56.047666   -96.630051    67.972917
v    57.563687   -94.062728    69.128009
v    61.729087   -89.804506    70.224199
v    62.059142   -88.467020    70.743960
v    94.781744   -55.744418    70.743960
v    91.044502   -50.740373    74.453985
v    91.329466   -45.597603    75.252617
v   101.162882    -8.898291    75.252617
v   101.188474    -8.534113    75.291208
v    89.423879     2.451144    83.152822
v   111.369412    -8.534113    66.935832
v   105.117452    22.896702    66.935832
v    99.057027    27.711245    71.123574
v    98.582153    27.813613    71.496486
v    88.608388    32.282664    77.908700
v    72.416584    56.515430    77.908700
v    70.863597    57.202757    78.721550
v    67.369682    56.123832    81.853724
v    66.656356    56.296476    82.132596
v    39.769946    74.261440    82.132596
v    38.448912    77.209393    80.237570
v    38.394275    77.463078    80.038115
v    36.504327    79.842117    78.394135
v     4.928084    86.123121    78.394135
v    -1.935646    94.867659    70.097254
v    -6.673616    99.110241    65.842079
v   -45.611210    91.365213    65.842079
v   -47.942925    91.200084    65.506134
v   -54.798327    96.108261    58.454323
v   -90.638072    72.160866    58.454323
v   -95.261082    71.041521    56.647042
v   -96.667016    71.475569    55.386535
v   -99.987677    70.006265    53.648311
v  -115.775494    46.377957    53.648311
v  -116.968365    45.843572    52.881567
v  -107.763172    20.350706    64.597618
v  -119.655524    45.264503    50.770838
v  -120.389567    44.681168    50.263467
v  -125.229295    20.350706    50.263467
v  -125.914592    19.812665    49.613308
v  -125.554679    14.997716    49.122795
v  -118.233340   -21.808838    49.122795
v  -118.121832   -23.383151    48.895920
v  -110.563666   -31.601225    52.809260
v  -110.018517   -33.999763    52.023423
v   -80.066349   -78.826357    52.023423
v   -80.039538   -78.838138    52.037438
v   -67.875221   -91.002455    52.037438
v   -64.022409   -91.935343    53.543709
v   -33.256782  -112.492206    53.543709
v   -27.353564  -113.833957    55.477935
v   -23.182070  -117.670521    53.491509
v   -17.872140  -118.046479    54.256425
v     5.063965  -122.608758    54.256425
v    12.607304  -123.172797    55.024794
v    13.715274  -122.180600    56.020038
v    20.049087  -121.706945    55.374755
v    46.299761  -116.485368    55.374755
v    50.642070  -116.177858    54.749376
v    55.414975  -111.788224    57.021985
v    61.737211  -110.351416    54.950456
v    89.020704   -92.120987    54.950456
v    93.936193   -90.930960    53.028620
v    97.764225   -87.102927    53.028620
v    95.121955   -55.972715    70.450667
v   100.865121   -85.730709    51.405560
v   120.028033   -57.051235    51.405560
v   118.728935   -55.236641    53.272150
v   117.818998   -55.024999    54.053518
v   125.400928   -21.694080    53.272150
v   118.933062   -14.471047    59.759311
v   125.997059   -21.828743    52.571823
v   138.735570   -21.828743    37.050081
v   133.134379    13.535520    37.050081
v   129.381091    17.613989    40.836273
v   129.361592    17.639784    40.852522
v   124.754832    20.945821    45.292731
v   107.850717    54.121970    45.292731
v   106.972668    54.739021    45.946952
v   102.024072    54.987223    51.544894
v   101.449268    54.619795    52.429848
v    72.513061    84.498437    51.544894
v    72.005690    84.354431    52.156461
v    69.360779    80.216045    58.525209
v    34.139303   103.648350    52.156461
v    32.413672   106.052778    49.838965
v    30.893183   108.988950    46.554660
v    26.596370   112.943318    42.565560
v    -7.464530   118.338149    42.565560
v    -7.464530   102.610656    61.729285
v   -12.926184   123.170565    35.623024
v   -17.917231   126.531646    30.564341
v   -53.559146   120.886379    30.564341
v   -53.063759   117.459287    34.835968
v   -55.124117    96.722062    57.691438
v   -54.667726   121.478245    29.221778
v   -90.311267   103.316873    29.221778
v   -92.604796   100.054098    31.653016
v   -94.037541    98.768405    31.954230
v   -95.020598    96.690174    33.258405
v  -119.767641    71.943131    33.258405
v  -121.248929    68.618001    34.989723
v  -121.688258    68.128504    34.886746
v  -121.880401    67.993435    34.743553
v  -134.411334    43.399944    34.743553
v  -133.953115    43.333730    35.314498
v  -126.324063    19.905284    49.132138
v  -134.579713    43.312809    34.555269
v  -134.884582    42.981535    34.247759
v  -138.539564    19.905284    34.247759
v  -138.963457    19.426145    33.638629
v  -139.656472    18.396982    32.595654
v  -139.179161    12.558353    32.050301
v  -134.980857   -13.949458    32.050301
v  -134.590681   -18.511331    31.468795
v  -131.949019   -22.009512    33.656503
v  -130.540241   -27.645638    31.957886
v  -112.586246   -62.882551    31.957886
v  -112.034799   -64.943315    31.200485
v  -102.166855   -75.940556    33.512700
v   -98.628865   -77.614191    35.732907
v   -73.315143  -102.927913    35.732907
v   -66.910241  -105.781216    39.067583
v   -60.221796  -111.782943    37.661445
v   -51.508335  -114.114657    40.864099
v   -31.557352  -124.280159    40.864099
v   -22.295491  -126.595218    43.655251
v   -20.322674  -128.084834    42.421554
v   -13.535720  -128.665325    43.286807
v     5.659893  -131.705693    43.286807
v    12.607304  -132.273388    43.935747
v    12.831539  -132.424503    43.708263
v    19.071717  -131.914491    43.125334
v    40.818404  -128.470135    43.125334
v    47.151608  -127.928438    42.317968
v    49.663075  -126.031991    43.888625
v    56.221529  -124.392885    41.912152
v    80.504869  -112.019770    41.912152
v    86.831777  -110.326637    39.586734
v    93.033161  -104.762005    40.890504
v    97.915949  -102.586890    38.348367
v   115.743610   -84.759229    38.348367
v   119.289318   -83.081939    36.123083
v   123.160817   -78.767455    35.215989
v   121.289759   -57.720892    49.837340
v   125.659082   -77.011357    33.354477
v   136.127219   -56.466478    33.354477
v   136.183481   -56.241228    33.422316
v   136.895791   -55.297981    32.832482
v   137.629428   -54.500770    32.092345
v   141.529362   -29.877219    32.092345
v   141.821029   -26.309168    32.425650
v   139.021551   -22.152096    36.638985
v   148.758488   -26.309168    19.446655
v   149.469783   -24.667422    17.711478
v   148.563502   -14.340650    16.863490
v   145.990898     5.199236    16.863490
v   145.617986     9.072969    16.442644
v   144.197022    11.595607    18.229817
v   142.358461    18.391295    16.438785
v   130.927781    45.987375    16.438785
v   130.664143    46.267465    16.709532
v   127.969876    49.892793    17.996849
v   126.930760    52.076845    16.966873
v   106.354601    78.892167    16.966873
v   103.918082    80.660858    18.712815
v   103.089592    81.489347    18.712815
v    72.941626    85.041962    50.387161
v   101.678987    83.432510    17.320286
v    69.938833   107.787548    17.320286
v    67.962766   108.727749    18.252363
v    65.492733   110.563466    17.375329
v    62.692442   113.198222    14.669485
v    24.656863   128.953135    14.669485
v    23.745707   129.199712    14.909562
v    19.693237   131.482476    12.038588
v    15.974275   133.831252     8.560313
v   -13.646619   137.730779     8.560313
v   -18.045800   138.116893     8.921444
v   -18.045800   127.087561    29.555895
v   -21.227330   139.495408     5.558738
v   -27.946242   138.905776     5.007089
v   -49.866589   136.019976     5.007089
v   -50.796431   135.432782     5.876607
v   -52.637429   134.395697     7.180986
v   -54.838136   121.846079    28.530794
v   -55.863034   133.522929     6.330966
v   -78.257645   124.246850     6.330966
v   -79.611177   122.973344     7.638798
v   -86.520200   117.838496    10.091973
v   -87.527022   116.562146    11.251736
v  -109.134374    99.982196    11.251736
v  -111.509961    96.709469    13.597059
v  -116.188825    92.030808    13.597059
v  -117.757248    89.002829    15.335283
v  -132.851644    69.331327    15.335283
v  -134.778152    65.282309    17.244932
v  -135.198998    64.716036    17.043852
v  -135.506305    63.675905    17.382032
v  -144.004672    43.159054    17.382032
v  -144.504731    41.310338    17.869295
v  -144.500466    41.295308    17.888794
v  -144.510215    41.194362    17.899762
v  -147.272118    20.215434    17.899762
v  -147.431763    18.396982    18.049049
v  -147.871499    17.381833    16.976013
v  -147.200014     9.731251    16.347994
v  -144.713123    -9.159289    16.347994
v  -144.197424   -14.515326    15.766081
v  -142.752696   -17.080008    17.583112
v  -140.682791   -24.731199    15.566626
v  -131.424790   -47.081735    15.566626
v  -130.092585   -51.590189    14.100571
v  -121.931991   -62.570369    17.999083
v  -121.426448   -62.969279    18.458520
v  -103.696078   -86.075998    18.458520
v  -100.717658   -88.237911    20.592811
v   -91.118024   -97.837546    20.592811
v   -83.640087  -101.711278    24.885358
v   -67.847395  -113.829286    24.885358
v   -58.896294  -118.088117    29.107020
v   -53.536804  -122.071123    27.204073
v   -44.125860  -124.852119    30.264549
v   -28.623617  -131.273473    30.264549
v   -19.322149  -133.790018    32.715896
v   -16.422334  -135.423437    30.661428
v   -10.985053  -135.947057    31.252075
v     6.738818  -138.280396    31.252075
v    12.831539  -138.815187    31.752337
v    14.845790  -139.687752    29.623531
v    21.954675  -139.063795    29.039790
v    38.553108  -136.878727    29.039790
v    44.640953  -136.292345    28.378461
v    45.799295  -135.639953    29.199029
v    52.119297  -133.930165    27.533519
v    73.271275  -125.168566    27.533519
v    77.694626  -123.861547    26.095087
v    85.151643  -118.319460    28.742842
v    87.787820  -117.065250    27.499600
v   108.242112  -101.370052    27.499600
v   110.043909  -100.436757    26.465155
v   118.206128   -92.274336    26.465155
v   119.342127   -91.449705    25.651087
v   131.337050   -75.817877    25.651087
v   131.859248   -75.405765    25.176619
v   136.693086   -68.901745    22.867247
v   137.119213   -68.448808    22.429543
v   143.161156   -53.862392    22.429543
v   143.255399   -53.514260    22.521349
v   146.058940   -48.537025    18.994936
v   146.120686   -47.895398    19.064807
v   148.350235   -30.960004    19.064807
v   151.235630   -24.667422    11.890114
v   151.876242   -21.465174     8.589154
v   150.937260   -11.222084     7.880094
v   150.111004    -3.889168     7.880094
v   148.953881     7.385523     6.874288
v   148.703648     8.063507     7.368864
v   145.987445    17.645268     5.255088
v   141.837278    29.505731     5.255088
v   138.955133    38.665427     2.756822
v   136.033179    43.763716     4.976419
v   133.352723    49.134580     2.829739
v   124.421730    63.348286     2.829739
v   121.915950    67.870959     0.609127
v   115.523844    75.518494     1.815403
v   113.604851    78.041945     0.235403
v    97.874718    93.771875     0.235403
v    96.628835    95.230821    -0.922736
v    85.841001   104.247730    -2.624603
v    85.803629   104.281447    -2.656085
v    61.224762   119.725397    -2.656085
v    59.467649   120.602430    -1.953931
v    48.792745   126.720539    -6.601516
v    44.681372   128.014153    -5.480141
v    22.070245   135.926138    -5.480141
v    14.595557   138.045195    -3.831082
v    10.397660   139.594323    -6.892981
v     3.629392   140.288759    -6.289335
v   -10.176265   141.844386    -6.289335
v   -20.402700   142.781947    -5.581290
v   -21.227330   142.616817    -4.731270
v   -28.459909   141.953863    -5.231939
v   -39.858295   140.669592    -5.231939
v   -44.628356   140.180095    -5.657456
v   -49.037896   138.552770    -2.440991
v   -52.871006   137.466126    -3.286745
v   -65.420828   133.074866    -3.286745
v   -68.856247   131.993910    -4.223696
v   -76.888474   127.390196    -0.726531
v   -78.614918   126.528802    -1.416499
v   -95.696145   115.795808    -1.416499
v   -96.660516   115.261423    -1.890154
v  -106.315194   107.191621    -0.367025
v  -106.607674   106.849176    -0.095262
v  -123.239214    90.217636    -0.095262
v  -124.064047    89.133023     0.583941
v  -129.142635    83.057161    -0.374743
v  -130.235372    81.084750     0.593894
v  -140.170749    65.272763     0.593894
v  -141.906535    61.794487     1.983985
v  -142.589394    60.603038     1.465443
v  -143.291143    58.372677     2.073760
v  -148.208460    44.319834     2.073760
v  -149.362536    40.248880     2.971714
v  -149.347303    39.726073     3.629793
v  -149.680405    36.479953     3.919430
v  -151.081262    24.047326     3.919430
v  -151.589648    18.501584     4.303309
v  -151.365820    17.381833     5.457386
v  -150.663056     9.716831     4.926860
v  -149.167550    -3.556066     4.926860
v  -148.559639    -9.480204     4.398365
v  -147.045446   -13.583452     7.391409
v  -145.335049   -19.616864     6.060423
v  -140.239603   -34.178500     6.060423
v  -138.316142   -40.291532     4.393085
v  -132.421861   -50.575650     8.870463
v  -131.768047   -51.886122     8.346843
v  -120.474061   -69.860023     8.346843
v  -120.255310   -70.102740     8.551985
v  -110.098949   -82.253652    10.468947
v  -107.081938   -84.830115    12.863625
v   -94.695621   -97.216432    12.863625
v   -90.045395  -100.753001    15.775627
v   -81.505390  -107.890930    14.428392
v   -72.761665  -112.735533    18.721752
v   -60.014420  -120.745215    18.721752
v   -52.475956  -124.507237    21.734904
v   -46.648904  -127.846991    19.197844
v   -37.008648  -130.880250    21.827116
v   -23.109154  -135.743946    21.827116
v   -15.623092  -137.866049    23.478611
v   -11.187960  -139.502718    20.243460
v    -5.475667  -140.088896    20.753065
v     8.331412  -141.644726    20.753065
v    14.845790  -142.241872    21.203972
v    17.845739  -142.841862    18.111607
v    25.949055  -142.099085    17.550614
v    35.321003  -141.043111    17.550614
v    42.994536  -140.255650    16.866130
v    43.392430  -140.108801    17.156376
v    50.456833  -138.106127    15.597905
v    63.980775  -133.373844    15.597905
v    68.915357  -131.821263    14.252092
v    75.994993  -127.763512    17.334504
v    78.101863  -126.712210    16.492406
v    96.563840  -115.111729    16.492406
v    97.556443  -114.561704    16.004940
v   107.766629  -106.027590    17.615813
v   108.153352  -105.574652    17.975116
v   123.140709   -90.587296    17.975116
v   123.705967   -89.844113    18.440443
v   130.135039   -82.152300    17.227058
v   130.506732   -81.481424    17.556504
v   138.859265   -68.188419    17.556504
v   139.176524   -67.552885    17.810596
v   142.712687   -61.382983    15.124453
v   142.825413   -61.025101    15.221947
v   147.107196   -48.788477    15.221947
v   147.292839   -48.133241    15.366562
v   149.311763   -42.662243    11.375837
v   149.627397   -39.586127    11.650240
v   150.918167   -28.131480    11.650240
v   152.218890   -21.465174     5.108848
v   152.218890   -18.532252     2.175925
v   150.937260    -5.517915     2.175925
v   150.654936    -2.832788     1.995562
v   149.568901     6.806453     1.995562
v   149.095653     8.970804    -0.040219
v   145.110209    22.108632    -0.040219
v   144.398711    24.315230    -0.508796
v   139.628446    37.948039    -0.508796
v   138.757710    39.843268    -2.113576
v   132.030471    52.429243    -2.113576
v   130.369632    55.347135    -3.254247
v   123.196361    66.763191    -3.254247
v   121.556443    68.961665    -4.963426
v   112.013883    80.589363    -4.963426
v   109.044806    83.954708    -7.117824
v    99.664532    93.334983    -7.117824
v    96.495594    96.130603    -9.146497
v    83.942726   106.432595    -9.146497
v    80.732963   108.826867   -11.641919
v    67.213490   117.321781   -11.641919
v    63.884500   119.216604   -12.943251
v    47.399404   128.028168   -12.943251
v    45.688397   128.814004   -14.391838
v    29.581898   134.449928   -14.391838
v    29.352789   134.523860   -14.440585
v    10.591224   140.215233   -14.440585
v     9.611417   140.429312   -13.518867
v    -1.117312   141.638229   -13.518867
v    -3.078348   141.844386   -13.387251
v   -17.818925   143.296224   -13.387251
v   -20.402700   143.296224   -10.803476
v   -32.673650   142.087510   -10.803476
v   -33.945937   141.953863   -10.717967
v   -42.301923   141.012444   -10.717967
v   -44.244477   140.587535    -8.890780
v   -56.185575   136.965457    -8.890780
v   -57.380680   136.579953    -8.637095
v   -67.724513   132.960515    -8.637095
v   -67.923562   132.869115    -8.468512
v   -83.314703   124.642307    -8.468512
v   -83.515376   124.528159    -8.546913
v   -94.751679   117.467818    -8.546913
v   -95.627088   116.815019    -9.227538
v  -110.657098   104.480089    -9.227538
v  -111.641576   103.611587    -9.857792
v  -120.251654    95.001509    -9.857792
v  -120.728965    94.460421   -10.204096
v  -132.400535    80.238590   -10.204096
v  -132.460249    80.158564   -10.266451
v  -136.870398    73.139861   -10.266451
v  -137.354615    72.289232    -9.933958
v  -143.782671    60.263031    -9.933958
v  -144.621114    58.438078    -8.388690
v  -145.962458    54.604562    -8.388690
v  -146.538278    52.818810    -8.009482
v  -149.739510    42.265569    -8.009482
v  -150.392715    39.279025    -5.200254
v  -150.923241    34.570303    -5.200254
v  -151.081262    33.066063    -5.099307
v  -152.225183    21.451365    -5.099307
v  -152.225183    18.501584    -2.149527
v  -150.945787     5.511824    -2.149527
v  -150.663056     2.821213    -1.968758
v  -149.577834    -6.810513    -1.968758
v  -149.106820    -8.964912     0.057681
v  -145.128485   -22.079382     0.057681
v  -144.418206   -24.282121     0.525445
v  -139.650785   -37.906399     0.525445
v  -138.784313   -39.792691     2.122304
v  -132.062964   -52.367292     2.122304
v  -130.407204   -55.276654     3.259522
v  -123.235558   -66.690070     3.259522
v  -121.592796   -68.892402     4.971748
v  -112.050439   -80.519693     4.971748
v  -109.077097   -83.890117     7.129396
v   -99.695401   -93.271814     7.129396
v   -96.504730   -96.086729     9.172083
v   -83.947597  -106.391971     9.172083
v   -80.718132  -108.800867    11.682738
v   -67.190128  -117.301062    11.682738
v   -63.830266  -119.213555    12.996257
v   -47.340700  -128.027353    12.996257
v   -45.608570  -128.823142    14.462921
v   -29.502884  -134.458659    14.462921
v   -29.275603  -134.532186    14.511261
v   -10.507539  -140.225183    14.511261
v    -9.520013  -140.441294    13.582232
v     1.160578  -141.644726    13.582232
v     3.142941  -141.852915    13.448991
v    17.845739  -143.301096    13.448991
v    20.472371  -143.301096    10.822563
v    32.677107  -142.099085    10.822563
v    33.994282  -141.960564    10.734006
v    42.266789  -141.028487    10.734006
v    44.260933  -140.592408     8.858276
v    56.137441  -136.989829     8.858276
v    57.393276  -136.584825     8.591592
v    67.671708  -132.988136     8.591592
v    67.906301  -132.880487     8.392949
v    83.301098  -124.651852     8.392949
v    83.458712  -124.562077     8.454695
v    94.724466  -117.483253     8.454695
v    95.582813  -116.843047     9.121915
v   110.638618  -104.486993     9.121915
v   111.620660  -103.620725     9.750543
v   120.242518   -94.998663     9.750543
v   120.732625   -94.443155    10.106190
v   132.393430   -80.234526    10.106190
v   132.469190   -80.132970    10.184997
v   136.887464   -73.101471    10.184997
v   137.348526   -72.291058     9.868144
v   143.796487   -60.228094     9.868144
v   144.617462   -58.441123     8.355171
v   145.969571   -54.576327     8.355171
v   146.530564   -52.836682     7.985712
v   149.739108   -42.259880     7.985712
v   150.384798   -39.306443     5.207966
v   150.918167   -34.573754     5.207966
v   151.073141   -33.098153     5.108848
v   151.580919   -18.532252    -4.302300
v   151.359731   -17.426109    -5.442362
v   150.654936    -9.738561    -4.910211
v   149.159226     3.536366    -4.910211
v   148.548675     9.485690    -4.379482
v   147.028998    13.603562    -7.383290
v   145.316773    19.644083    -6.050679
v   140.220921    34.207344    -6.050679
v   138.290961    40.340890    -4.377857
v   132.387133    50.641663    -8.862548
v   131.728851    51.960666    -8.335272
v   120.438927    69.928473    -8.335272
v   120.227285    70.163066    -8.533914
v   110.065033    82.321087   -10.451891
v   107.067724    84.880691   -12.831133
v    94.690141    97.258275   -12.831133
v    90.062663   100.777376   -15.728715
v    81.518190   107.919164   -14.380667
v    72.806963   112.745894   -18.658388
v    60.075560   120.745420   -18.658388
v    52.564922   124.493630   -21.660165
v    46.726903   127.839681   -19.118434
v    37.079741   130.875174   -21.749534
v    23.192230   135.734605   -21.749534
v    15.692966   137.860567   -23.403873
v    11.272256   139.491752   -20.179486
v     5.507560   140.083414   -20.693763
v    -8.292004   141.638229   -20.693763
v   -14.865285   142.240859   -21.148731
v   -17.818925   142.831709   -18.104098
v   -25.935037   142.087510   -17.542090
v   -35.395337   141.021584   -17.542090
v   -43.031092   140.238185   -16.861058
v   -43.488294   140.069399   -17.194567
v   -50.487905   138.085005   -15.650517
v   -64.111168   133.317990   -15.650517
v   -68.974052   131.787955   -14.324202
v   -76.086998   127.711314   -17.420832
v   -78.151012   126.681339   -16.595999
v   -96.648736   115.058312   -16.595999
v   -97.605186   114.528396   -16.126406
v  -107.783077   106.021092   -17.731998
v  -108.171831   105.565921   -18.093333
v  -123.143345    90.594610   -18.093333
v  -123.698448    89.864629   -18.550332
v  -130.116146    82.186627   -17.338979
v  -130.467324    81.552312   -17.650551
v  -138.845653    68.218482   -17.650551
v  -139.143616    67.621539   -17.889003
v  -142.699480    61.417513   -15.187830
v  -142.793318    61.119143   -15.269278
v  -147.102114    48.805134   -15.269278
v  -147.276790    48.189301   -15.405159
v  -149.315212    42.665089   -11.375640
v  -149.627190    39.624923   -11.646793
v  -150.923241    28.123764   -11.646793
v  -151.238266    24.686923   -11.884636
v  -151.885378    21.451365    -8.549554
v  -150.945787    11.202384    -7.839884
v  -150.123187     3.901763    -7.839884
v  -148.964642    -7.387958    -6.832860
v  -148.714815    -8.065333    -7.327029
v  -146.002065   -17.634298    -5.216096
v  -141.864694   -29.458201    -5.216096
v  -138.982346   -38.618913    -2.717628
v  -136.052673   -43.730404    -4.942912
v  -133.380545   -49.084815    -2.802935
v  -124.469660   -63.266228    -2.802935
v  -121.962661   -67.791337    -0.580900
v  -115.552478   -75.460402    -1.790833
v  -113.637548   -77.978572    -0.214082
v   -97.922851   -93.693066    -0.214082
v   -96.668235   -95.162168     0.951978
v   -85.843435  -104.210153     2.659735
v   -85.805859  -104.244072     2.691624
v   -61.197744  -119.706302     2.691624
v   -59.452209  -120.577445     1.993938
v   -48.732620  -126.721146     6.661022
v   -44.615763  -128.016588     5.538021
v   -21.980466  -135.937104     5.538021
v   -14.495217  -138.059005     3.886932
v   -10.308084  -139.604070     6.940909
v    -3.540629  -140.298710     6.337263
v    10.254873  -141.852915     6.337263
v    20.472371  -142.789663     5.629827
v    21.338233  -142.616409     4.737155
v    28.492614  -141.960564     5.232339
v    39.966963  -140.667762     5.232339
v    44.641766  -140.188014     5.649529
v    49.099849  -138.542815     2.397722
v    52.874260  -137.472826     3.230274
v    65.488468  -133.059022     3.230274
v    68.839799  -132.004469     4.144274
v    76.893353  -127.388569     0.637969
v    78.582424  -126.545659     1.313110
v    95.706102  -115.786057     1.313110
v    96.640615  -115.268327     1.771937
v   106.291028  -107.202181     0.249417
v   106.581070  -106.862579    -0.020111
v   123.232718   -90.210931    -0.020111
v   124.048006   -89.138708    -0.691393
v   129.132686   -83.055331     0.268307
v   130.200441   -81.128417    -0.677987
v   140.169737   -65.262199    -0.677987
v   141.881760   -61.831858    -2.049190
v   142.581883   -60.610145    -1.517242
v   143.265555   -58.437264    -2.109717
v   148.202980   -44.327347    -2.109717
v   149.349947   -40.280970    -3.002390
v   149.335527   -39.782739    -3.629596
v   149.668222   -36.540478    -3.918826
v   151.073141   -24.070276    -3.918826
v   147.867237   -17.426109   -16.955708
v   147.192909    -9.743436   -16.325049
v   144.710689     9.110951   -16.325049
v   144.188491    14.532998   -15.736027
v   142.742138    17.100930   -17.555292
v   140.662484    24.787260   -15.529463
v   131.427637    47.082346   -15.529463
v   130.078777    51.647063   -14.045128
v   121.898888    62.653241   -17.952983
v   121.411625    63.037527   -18.395765
v   103.699941    86.119872   -18.395765
v   100.747316    88.263302   -20.511775
v    91.127574    97.882841   -20.511775
v    83.668120   101.747028   -24.793761
v    67.915035   113.834772   -24.793761
v    58.979980   118.085682   -29.007908
v    53.621302   122.068485   -27.105164
v    44.174001   124.860042   -30.177421
v    28.704256   131.267788   -30.177421
v    19.355667   133.797129   -32.641157
v    16.495255   135.408408   -30.614516
v    10.978963   135.939544   -31.213896
v    -6.731502   138.271055   -31.213896
v   -12.917654   138.814173   -31.721674
v   -14.865285   139.657896   -29.663347
v   -21.972341   139.034143   -29.079809
v   -38.701578   136.831810   -29.079809
v   -44.737833   136.250507   -28.423964
v   -45.956905   135.563788   -29.287795
v   -52.191600   133.876952   -27.644627
v   -73.441884   125.074934   -27.644627
v   -77.795568   123.788226   -26.228740
v   -85.234914   118.259342   -28.870199
v   -87.843265   117.018333   -27.639955
v  -108.275215   101.340400   -27.639955
v  -110.068482   100.411573   -26.610589
v  -118.163470    92.316382   -26.610589
v  -119.323640    91.474283   -25.779256
v  -131.271847    75.903186   -25.779256
v  -131.821465    75.469544   -25.279806
v  -136.626259    69.004724   -22.984245
v  -137.083055    68.519086   -22.515059
v  -143.130888    53.918250   -22.515059
v  -143.207055    53.637144   -22.589194
v  -146.049390    48.590852   -19.014035
v  -146.106261    48.001423   -19.078015
v  -148.347185    30.979504   -19.078015
v  -148.749954    26.389805   -19.454786
v  -149.487856    24.686923   -17.655019
v  -148.578934    14.331512   -16.804797
v  -146.017095    -5.127333   -16.804797
v  -145.637278    -9.072154   -16.376232
v  -144.231140   -11.568388   -18.144720
v  -142.383237   -18.398808   -16.344547
v  -130.974289   -45.942282   -16.344547
v  -130.721213   -46.211201   -16.604529
v  -128.004198   -49.867199   -17.902612
v  -126.967113   -52.046783   -16.874667
v  -106.424061   -78.819045   -16.874667
v  -103.981246   -80.592407   -18.625280
v  -103.108071   -81.465581   -18.625280
v  -101.716761   -83.382340   -17.251641
v   -69.967874  -107.743878   -17.251641
v   -67.958497  -108.699921   -18.199357
v   -65.454951  -110.560621   -17.310543
v   -62.676392  -113.175065   -14.625822
v   -24.577037  -128.956180   -14.625822
v   -23.622212  -129.214537   -14.877477
v   -19.590459  -131.485521   -12.020924
v   -15.878809  -133.829625    -8.549554
v    13.778645  -137.734230    -8.549554
v    18.207683  -138.122985    -8.913122
v    21.338233  -139.479360    -5.604444
v    27.995195  -138.895010    -5.057873
v    49.929354  -136.007381    -5.057873
v    50.910177  -135.387892    -5.975122
v    52.738988  -134.357916    -7.270767
v    55.873397  -133.509928    -6.444715
v    78.267399  -124.233849    -6.444715
v    79.666427  -122.917690    -7.796418
v    86.506596  -117.834025   -10.225219
v    87.525198  -116.542646   -11.398592
v   109.114677   -99.976507   -11.398592
v   111.493919   -96.698905   -13.747367
v   116.146988   -92.045836   -13.747367
v   117.694288   -89.058682   -15.462030
v   132.824431   -69.340871   -15.462030
v   134.723519   -65.349334   -17.344666
v   135.162442   -64.758484   -17.134852
v   135.450860   -63.782333   -17.452314
v   143.980709   -43.189925   -17.452314
v   144.465738   -41.396862   -17.924954
v   144.480158   -41.371270   -17.906674
v   144.488080   -41.290025   -17.915408
v   147.257092   -20.256867   -17.915408
v   147.413690   -18.472740   -18.061851
v   139.668865   -18.472740   -32.551382
v   139.186477   -12.568710   -31.999733
v   135.000359    13.860701   -31.999733
v   134.601246    18.528394   -31.404821
v   131.977459    22.003014   -33.577702
v   130.546948    27.726885   -31.852680
v   112.639465    62.871991   -31.852680
v   112.069738    65.001204   -31.070094
v   102.191232    76.010428   -33.384746
v    98.665835    77.678173   -35.597234
v    73.385220   102.958788   -35.597234
v    66.971991   105.815544   -38.936176
v    60.301013   111.801631   -37.533695
v    51.512401   114.153656   -40.763972
v    31.620727   124.288894   -40.763972
v    22.266856   126.626905   -43.582746
v    20.360660   128.066149   -42.390891
v    13.444121   128.657812   -43.272596
v    -5.699292   131.689649   -43.272596
v   -12.778319   132.268313   -43.933722
v   -12.917654   132.362150   -43.792560
v   -19.158645   131.852138   -43.209631
v   -41.014606   128.390518   -43.209631
v   -47.309218   127.852070   -42.407140
v   -49.868417   125.919672   -44.007654
v   -56.358219   124.297425   -42.051898
v   -80.632419   111.929185   -42.051898
v   -86.919110   110.246613   -39.741105
v   -93.064843   104.732150   -41.033297
v   -97.946615   102.557441   -38.491566
v  -115.681454    84.822602   -38.491566
v  -119.245239    83.136781   -36.254908
v  -123.067179    78.877543   -35.359391
v  -125.603426    77.094635   -33.469647
v  -136.060392    56.571692   -33.469647
v  -136.095327    56.431951   -33.511691
v  -136.841557    55.443816   -32.893827
v  -137.599160    54.620404   -32.129521
v  -141.506610    29.950138   -32.129521
v  -141.797465    26.389805   -32.462013
v  -139.032515    22.283917   -36.623554
v  -138.785938    22.005248   -36.977983
v  -133.160982   -13.509723   -36.977983
v  -129.438974   -17.554069   -40.732490
v  -129.418459   -17.581083   -40.749551
v  -124.848462   -20.860716   -45.154419
v  -107.917537   -54.089470   -45.154419
v  -107.030957   -54.712818   -45.815139
v  -102.068346   -54.961629   -51.428923
v   -72.527275   -84.502700   -51.428923
v   -72.935731   -85.021039   -50.325015
v   -71.959174   -84.341633   -52.113611
v   -33.966045  -103.700141   -52.113611
v   -32.268443  -106.065572   -49.833487
v   -30.758313  -108.981839   -46.571524
v   -26.479780  -112.919349   -42.599486
v     7.697705  -118.332460   -42.599486
v    13.137830  -123.145987   -35.684166
v    18.072208  -126.468883   -30.683167
v    18.207683  -127.055061   -29.619678
v    53.688938  -120.827678   -30.683167
v    54.760146  -121.399435   -29.385694
v    54.942336  -121.792658   -28.647386
v    90.312083  -103.284779   -29.385694
v    92.612112  -100.012864   -31.823635
v    94.009110   -98.759263   -32.117334
v    94.981402   -96.703983   -33.407292
v   119.707118   -71.978267   -33.407292
v   121.163423   -68.709196   -35.109159
v   121.603159   -68.219292   -35.006181
v   121.830440   -68.059241   -34.836787
v   134.319328   -43.548619   -34.836787
v   134.525283   -43.441986   -34.606256
v   134.856760   -43.081870   -34.271935
v   138.505649   -20.043600   -34.271935
v   138.947009   -19.544760   -33.637823
v   126.287304   -20.043600   -49.159971
v   125.950953   -19.967637   -49.555428
v   125.583728   -15.057429   -49.055165
v   118.275388    21.684333   -49.055165
v   118.155553    23.376248   -48.811432
v   110.634962    31.553496   -52.705273
v   110.074579    34.019060   -51.897297
v    80.092148    78.890948   -51.897297
v    80.082805    78.895011   -51.902172
v    67.936768    91.041048   -51.902172
v    64.002305    91.993638   -53.440535
v    33.265316   112.531409   -53.440535
v    27.253231   113.897736   -55.410508
v    23.157092   117.665039   -53.460033
v    17.694219   118.051965   -54.246885
v    -5.163282   122.598402   -54.246885
v   -12.778319   123.167925   -55.022566
v   -13.971800   122.099358   -56.094383
v   -20.252804   121.629765   -55.454380
v   -46.506524   116.407579   -55.454380
v   -50.843959   116.100272   -54.829814
v   -55.632910   111.695810   -57.110141
v   -61.924272   110.265909   -55.048767
v   -89.056244    92.137035   -55.048767
v   -93.964827    90.948429   -53.129572
v   -97.744113    87.169143   -53.129572
v  -100.860039    85.790426   -51.498590
v  -119.937238    57.239520   -51.498590
v  -121.203229    57.911412   -49.924887
v  -118.671654    55.471846   -53.316840
v  -125.355427    21.870180   -53.316840
v  -125.952777    22.005248   -52.615092
v  -118.935698    14.700768   -59.755864
v  -111.411858     8.795113   -66.894606
v  -105.122932   -22.820534   -66.894606
v   -99.105769   -27.600751   -71.052491
v  -101.506338   -54.602325   -52.293973
v   -98.616881   -27.706166   -71.436574
v   -88.645960   -32.173795   -77.846757
v   -72.389363   -56.503647   -77.846757
v   -70.837595   -57.190162   -78.658998
v   -69.332949   -80.232291   -58.437471
v   -67.317275   -56.103112   -81.814936
v   -66.561906   -56.285912   -82.110260
v   -39.579423   -74.315059   -82.110260
v   -38.266514   -77.245138   -80.226608
v   -38.218783   -77.466123   -80.052948
v   -36.336960   -79.835209   -78.416077
v    -4.646568   -86.138759   -78.416077
v     2.187710   -94.845518   -70.154944
v     6.905572   -99.070226   -65.917642
v     7.697705  -102.576328   -61.798349
v    53.192129  -117.390837   -34.966778
v    45.733284   -91.346931   -65.917642
v    48.083278   -91.180380   -65.579260
v    54.922838   -96.077386   -58.543698
v    55.248628   -96.691390   -57.780610
v    90.577143   -72.253889   -58.543698
v    95.206449   -71.132919   -56.733979
v    96.622539   -71.570420   -55.464332
v    99.959449   -70.093803   -53.717578
v   115.659725   -46.596503   -53.717578
v   116.920841   -46.031448   -52.906962
v   119.579767   -45.458472   -50.818372
v   120.359713   -44.838780   -50.279315
v   133.922856   -43.491342   -35.330956
v   125.187661   -20.566611   -50.279315
v   107.725601   -20.566611   -64.610217
v   104.420782   -19.737512   -67.187086
v   104.241841   -17.179532   -66.916339
v    90.963867    32.374674   -66.916339
v    89.385288    33.306953   -67.626618
v    78.151829    44.295054   -70.518513
v    77.420223    47.527159   -69.457258
v    36.352197    88.595185   -69.457258
v    36.098105    89.625161   -69.057129
v    28.869588    97.015151   -67.154588
v    27.888765    98.675990   -66.407140
v    -8.765456   108.497421   -66.407140
v   -13.971800   108.861802   -66.958180
v   -15.918822   106.776665   -68.351521
v   -19.199267   106.547150   -68.004405
v   -56.262554    96.616038   -68.004405
v   -57.766387    94.069229   -69.150357
v   -61.910461    89.832740   -70.240860
v   -62.236454    88.511707   -70.754324
v   -94.769756    55.978201   -70.754324
v   -95.116264    56.210763   -70.455548
v  -117.779794    55.264469   -54.082772
v   -91.038607    50.982077   -74.458459
v   -91.324385    45.822043   -75.259732
v  -101.140942     9.185898   -75.259732
v  -101.168362     8.795113   -75.301167
v   -89.403361    -2.190551   -83.163187
v   -81.979654    -6.485130   -87.746183
v   -74.943077   -32.745958   -87.746183
v   -70.148439   -35.577122   -89.903425
v   -65.925559   -39.707791   -90.990678
v   -60.780148   -40.977640   -92.989900
v   -47.121950   -54.635839   -92.989900
v   -43.982057   -55.346524   -94.020891
v   -40.210286   -59.202383   -93.028288
v   -38.032733   -59.323031   -93.366467
v   -12.962541   -66.040521   -93.366467
v   -11.973188   -67.750918   -92.310493
v    -4.646568   -75.597299   -87.067183
v     1.019213   -75.200826   -86.467600
v    27.308274   -68.156734   -86.467600
v    42.847077   -67.296153   -84.054438
v    48.892066   -71.810701   -79.572794
v    58.837396   -69.559622   -76.306973
v    77.491109   -50.905909   -76.306973
v    86.233412   -48.748464   -72.909941
v    93.336406   -49.103908   -69.062410
v    96.207177   -47.408744   -67.770827
v   103.475097   -20.284490   -67.770827
v    76.145092   -20.284490   -82.378975
v    70.969418   -18.652087   -84.911769
v    69.860432   -18.652087   -85.391721
v    44.266010    43.138337   -85.391721
v    42.987427    43.656473   -85.714464
v    38.512282    48.131618   -85.714464
v    35.246055    56.191062   -83.680104
v   -16.458691    77.607896   -83.680104
v   -16.458691    79.428786   -82.892034
v   -15.918822    81.140809   -82.054201
v   -18.128466    73.675261   -85.082789
v   -61.121984    55.866693   -85.082789
v   -63.482743    50.041470   -86.553312
v   -60.931669    43.726343   -88.789361
v   -61.511551    33.250691   -90.416483
v   -75.176249     0.260999   -90.416483
v   -75.689104    -6.485130   -91.108483
v   -63.539614   -16.930518   -96.106638
v   -61.229836   -17.911341   -96.930456
v   -51.802236   -40.671146   -96.930456
v   -48.983462   -41.813645   -97.641954
v   -43.700342   -47.096562   -97.641954
v   -39.906229   -47.306579   -98.231382
v   -23.408945   -54.140045   -98.231382
v   -17.965571   -54.553782   -98.789734
v   -12.962541   -60.372709   -96.396071
v     2.112762   -59.226756   -94.849381
v    19.408679   -52.062423   -94.849381
v    35.677665   -51.162032   -92.322477
v    42.388859   -53.873157   -89.946078
v    51.868658   -50.031313   -87.553228
v    63.800616   -21.224894   -87.553228
v    27.324117   -21.224894   -98.618105
v    25.170531   -20.193496   -99.141928
v    24.779339   -20.193496   -99.206111
v   -18.358184    22.944230   -99.206111
v   -18.358184    31.846585   -97.742494
v   -18.128466    32.326536   -97.625705
v   -19.788898    17.238640   -99.909078
v   -48.915826   -11.888288   -99.909078
v   -49.714459   -17.911341  -100.423559
v   -43.946716   -23.182478  -101.510812
v   -43.894516   -23.576513  -101.477095
v   -24.471419   -42.999610  -101.477095
v   -20.148608   -43.572790  -101.846554
v   -17.965571   -45.961375  -101.396257
v    -7.451531   -44.567424  -100.497897
v    14.292922   -22.822971  -100.497897
v   -19.788898   -22.822971  -103.854712
v   -20.148608   -23.182478  -103.854712
f      1      2      3
f      1      3      4
f      1      4      5
f      6      5      4
f      6      4      7
f      6      7      8
f      6      8      9
f     10     11      6
f     10      6      9
f     10      9     12
f     11     13     14
f     11     14      1
f     11      1      5
f     11      5      6
f     14     15     16
f     14     16     17
f     14     17      2
f     14      2      1
f     17     18     19
f     17     19      3
f     17      3      2
f      4      3     19
f      4     19     20
f      4     20     21
f      4     21      7
f      7     21     22
f      7     22     23
f      7     23     24
f      7     24      8
f      9      8     24
f      9     24     25
f      9     25     26
f      9     26     27
f      9     27     12
f     25     28     29
f     25     29     30
f     25     30     26
f     27     26     30
f     27     30     31
f     27     31     32
f     27     32     33
f     12     27     33
f     12     33     34
f     12     34     35
f     12     35     36
f     12     36     10
f     34     37     38
f     34     38     39
f     34     39     35
f     35     39     40
f     35     40     41
f     35     41     42
f     35     42     36
f     10     36     42
f     10     42     43
f     10     43     13
f     10     13     11
f     43     44     45
f     43     45     46
f     43     46     15
f     43     15     14
f     43     14     13
f     45     47     48
f     45     48     49
f     45     49     46
f     46     49     50
f     46     50     51
f     46     51     16
f     46     16     15
f     16     51     52
f     16     52     53
f     16     53     18
f     16     18     17
f     19     18     53
f     19     53     54
f     19     54     55
f     19     55     20
f     20     55     56
f     20     56     22
f     20     22     21
f     22     56     57
f     22     57     58
f     22     58     59
f     22     59     60
f     22     60     23
f     24     23     60
f     24     60     61
f     24     61     28
f     24     28     25
f     61     62     63
f     61     63     64
f     61     64     29
f     61     29     28
f     30     29     64
f     30     64     65
f     30     65     66
f     30     66     67
f     30     67     31
f     65     68     69
f     65     69     70
f     65     70     66
f     66     70     71
f     66     71     72
f     66     72     73
f     66     73     74
f     66     74     67
f     31     67     74
f     31     74     75
f     31     75     32
f     33     32     75
f     33     75     76
f     33     76     77
f     33     77     37
f     33     37     34
f     77     78     79
f     77     79     80
f     77     80     81
f     77     81     38
f     77     38     37
f     79     82     83
f     79     83     84
f     79     84     85
f     79     85     80
f     80     85     86
f     80     86     87
f     80     87     88
f     80     88     81
f     38     81     88
f     38     88     89
f     38     89     90
f     38     90     40
f     38     40     39
f     40     90     91
f     40     91     92
f     40     92     41
f     42     41     92
f     42     92     93
f     42     93     44
f     42     44     43
f     93     94     95
f     93     95     96
f     93     96     47
f     93     47     45
f     93     45     44
f     95     97     98
f     95     98     99
f     95     99    100
f     95    100     96
f     96    100    101
f     96    101     48
f     96     48     47
f     48    101    102
f     48    102    103
f     48    103    104
f     48    104     50
f     48     50     49
f     50    104    105
f     50    105     52
f     50     52     51
f     52    105    106
f     52    106     54
f     52     54     53
f     54    106    107
f     54    107     57
f     54     57     56
f     54     56     55
f     57    107    108
f     57    108    109
f     57    109    110
f     57    110     58
f     58    110    111
f     58    111    112
f     58    112    113
f     58    113     59
f     60     59    113
f     60    113    114
f     60    114     62
f     60     62     61
f    114    115    116
f    114    116     63
f    114     63     62
f     64     63    116
f     64    116    117
f     64    117     68
f     64     68     65
f    117    118    119
f    117    119    120
f    117    120     69
f    117     69     68
f     69    120    121
f     69    121    122
f     69    122     71
f     69     71     70
f    121    123    124
f    121    124    125
f    121    125    122
f     71    122    125
f     71    125    126
f     71    126    127
f     71    127    128
f     71    128     72
f     73     72    128
f     73    128    129
f     73    129    130
f     75     74     73
f     75     73    130
f     75    130    131
f     75    131    132
f     75    132    133
f     75    133     76
f     76    133    134
f     76    134    135
f     76    135     78
f     76     78     77
f    135    136    137
f    135    137     82
f    135     82     79
f    135     79     78
f    137    138    139
f    137    139     83
f    137     83     82
f     83    139    140
f     83    140    141
f     83    141    142
f     83    142     84
f     84    142    143
f     84    143    144
f     84    144     86
f     84     86     85
f     86    144    145
f     86    145    146
f     86    146     87
f     88     87    146
f     88    146    147
f     88    147    148
f     88    148     89
f     89    148    149
f     89    149    150
f     89    150    151
f     89    151     91
f     89     91     90
f    151    150    152
f    151    152    153
f    151    153    154
f    151    154    155
f     92     91    151
f     92    151    155
f     92    155     94
f     92     94     93
f    155    154    156
f    155    156    157
f    155    157     97
f    155     97     95
f    155     95     94
f    156    158    159
f    156    159    160
f    156    160    161
f    156    161    157
f    157    161    162
f    157    162    163
f    157    163     98
f    157     98     97
f     98    163    164
f     98    164    165
f     98    165    166
f     98    166    167
f     98    167     99
f     99    167    102
f     99    102    101
f     99    101    100
f    102    167    166
f    102    166    168
f    102    168    169
f    102    169    170
f    102    170    103
f    103    170    108
f    103    108    107
f    103    107    106
f    103    106    105
f    103    105    104
f    108    170    169
f    108    169    171
f    108    171    109
f    109    171    172
f    109    172    111
f    109    111    110
f    111    172    173
f    111    173    174
f    111    174    175
f    111    175    176
f    111    176    112
f    176    175    177
f    176    177    178
f    176    178    179
f    176    179    180
f    113    112    176
f    113    176    180
f    113    180    181
f    113    181    115
f    113    115    114
f    180    179    182
f    180    182    183
f    180    183    184
f    180    184    181
f    116    115    181
f    116    181    184
f    116    184    185
f    116    185    186
f    116    186    118
f    116    118    117
f    186    187    188
f    186    188    119
f    186    119    118
f    119    188    189
f    119    189    123
f    119    123    121
f    119    121    120
f    189    190    191
f    189    191    192
f    189    192    124
f    189    124    123
f    125    124    192
f    125    192    193
f    125    193    126
f    192    191    194
f    192    194    195
f    192    195    196
f    192    196    193
f    126    193    196
f    126    196    197
f    126    197    198
f    126    198    199
f    126    199    200
f    126    200    127
f    128    127    200
f    128    200    201
f    128    201    202
f    128    202    129
f    130    129    202
f    130    202    203
f    130    203    204
f    130    204    131
f    131    204    205
f    131    205    206
f    131    206    207
f    131    207    132
f    132    207    208
f    132    208    209
f    132    209    134
f    132    134    133
f    134    209    210
f    134    210    211
f    134    211    136
f    134    136    135
f    211    212    213
f    211    213    138
f    211    138    137
f    211    137    136
f    213    214    215
f    213    215    140
f    213    140    139
f    213    139    138
f    140    215    216
f    140    216    217
f    140    217    141
f    141    217    218
f    141    218    219
f    141    219    220
f    141    220    143
f    141    143    142
f    143    220    221
f    143    221    222
f    143    222    145
f    143    145    144
f    146    145    222
f    146    222    223
f    146    223    224
f    146    224    147
f    147    224    225
f    147    225    226
f    147    226    149
f    147    149    148
f    149    226    227
f    149    227    228
f    149    228    152
f    149    152    150
f    152    228    229
f    152    229    230
f    152    230    231
f    152    231    153
f    230    232    233
f    230    233    234
f    230    234    231
f    153    231    234
f    153    234    235
f    153    235    158
f    153    158    156
f    153    156    154
f    235    236    237
f    235    237    238
f    235    238    239
f    235    239    159
f    235    159    158
f    238    240    241
f    238    241    242
f    238    242    243
f    238    243    239
f    159    239    243
f    159    243    244
f    159    244    245
f    159    245    160
f    160    245    246
f    160    246    247
f    160    247    248
f    160    248    162
f    160    162    161
f    162    248    249
f    162    249    164
f    162    164    163
f    164    249    250
f    164    250    251
f    164    251    252
f    164    252    165
f    165    252    253
f    165    253    254
f    165    254    168
f    165    168    166
f    253    255    256
f    253    256    257
f    253    257    254
f    168    254    257
f    168    257    258
f    168    258    173
f    168    173    172
f    168    172    171
f    168    171    169
f    173    258    259
f    173    259    260
f    173    260    261
f    173    261    174
f    174    261    262
f    174    262    177
f    174    177    175
f    177    262    263
f    177    263    264
f    177    264    265
f    177    265    266
f    177    266    178
f    265    267    268
f    265    268    269
f    265    269    270
f    265    270    266
f    178    266    270
f    178    270    271
f    178    271    272
f    178    272    182
f    178    182    179
f    271    273    274
f    271    274    275
f    271    275    272
f    182    272    275
f    182    275    276
f    182    276    277
f    182    277    183
f    184    183    277
f    184    277    278
f    184    278    279
f    184    279    185
f    185    279    280
f    185    280    281
f    185    281    187
f    185    187    186
f    281    282    283
f    281    283    190
f    281    190    189
f    281    189    188
f    281    188    187
f    283    284    285
f    283    285    194
f    283    194    191
f    283    191    190
f    194    285    286
f    194    286    287
f    194    287    288
f    194    288    195
f    196    195    288
f    196    288    289
f    196    289    197
f    197    289    290
f    197    290    291
f    197    291    198
f    198    291    292
f    198    292    293
f    198    293    294
f    198    294    199
f    200    199    294
f    200    294    295
f    200    295    296
f    200    296    201
f    202    201    296
f    202    296    297
f    202    297    298
f    202    298    203
f    203    298    299
f    203    299    300
f    203    300    301
f    203    301    205
f    203    205    204
f    205    301    302
f    205    302    303
f    205    303    206
f    206    303    304
f    206    304    305
f    206    305    208
f    206    208    207
f    208    305    306
f    208    306    307
f    208    307    210
f    208    210    209
f    210    307    308
f    210    308    309
f    210    309    212
f    210    212    211
f    309    310    311
f    309    311    214
f    309    214    213
f    309    213    212
f    311    312    313
f    311    313    216
f    311    216    215
f    311    215    214
f    216    313    314
f    216    314    315
f    216    315    218
f    216    218    217
f    218    315    316
f    218    316    317
f    218    317    318
f    218    318    219
f    219    318    319
f    219    319    320
f    219    320    221
f    219    221    220
f    222    221    320
f    222    320    321
f    222    321    322
f    222    322    223
f    223    322    323
f    223    323    324
f    223    324    225
f    223    225    224
f    225    324    325
f    225    325    326
f    225    326    227
f    225    227    226
f    227    326    327
f    227    327    328
f    227    328    229
f    227    229    228
f    229    328    329
f    229    329    330
f    229    330    232
f    229    232    230
f    330    331    332
f    330    332    233
f    330    233    232
f    234    233    332
f    234    332    333
f    234    333    334
f    234    334    335
f    234    335    236
f    234    236    235
f    335    336    337
f    335    337    237
f    335    237    236
f    237    337    338
f    237    338    240
f    237    240    238
f    241    339    340
f    241    340    341
f    241    341    342
f    241    342    242
f    243    242    342
f    243    342    343
f    243    343    344
f    243    344    244
f    244    344    345
f    244    345    346
f    244    346    246
f    244    246    245
f    246    346    347
f    246    347    348
f    246    348    247
f    247    348    349
f    247    349    350
f    247    350    250
f    247    250    249
f    247    249    248
f    250    350    351
f    250    351    352
f    250    352    251
f    251    352    353
f    251    353    354
f    251    354    255
f    251    255    253
f    251    253    252
f    354    355    356
f    354    356    256
f    354    256    255
f    257    256    356
f    257    356    357
f    257    357    358
f    257    358    359
f    257    359    259
f    257    259    258
f    259    359    360
f    259    360    361
f    259    361    260
f    260    361    362
f    260    362    363
f    260    363    263
f    260    263    262
f    260    262    261
f    263    363    364
f    263    364    365
f    263    365    264
f    264    365    366
f    264    366    367
f    264    367    368
f    264    368    267
f    264    267    265
f    368    369    370
f    368    370    268
f    368    268    267
f    268    370    371
f    268    371    372
f    268    372    269
f    270    269    372
f    270    372    373
f    270    373    374
f    270    374    273
f    270    273    271
f    374    375    376
f    374    376    274
f    374    274    273
f    275    274    376
f    275    376    377
f    275    377    378
f    275    378    276
f    277    276    378
f    277    378    379
f    277    379    380
f    277    380    381
f    277    381    278
f    278    381    382
f    278    382    383
f    278    383    280
f    278    280    279
f    280    383    384
f    280    384    385
f    280    385    282
f    280    282    281
f    385    386    387
f    385    387    284
f    385    284    283
f    385    283    282
f    387    388    389
f    387    389    286
f    387    286    285
f    387    285    284
f    286    389    390
f    286    390    391
f    286    391    392
f    286    392    287
f    288    287    392
f    288    392    393
f    288    393    290
f    288    290    289
f    290    393    394
f    290    394    395
f    290    395    396
f    290    396    292
f    290    292    291
f    292    396    397
f    292    397    398
f    292    398    293
f    294    293    398
f    294    398    399
f    294    399    400
f    294    400    295
f    296    295    400
f    296    400    401
f    296    401    402
f    296    402    297
f    297    402    403
f    297    403    404
f    297    404    299
f    297    299    298
f    299    404    405
f    299    405    406
f    299    406    407
f    299    407    300
f    300    407    408
f    300    408    409
f    300    409    302
f    300    302    301
f    302    409    410
f    302    410    411
f    302    411    304
f    302    304    303
f    304    411    412
f    304    412    413
f    304    413    306
f    304    306    305
f    306    413    414
f    306    414    415
f    306    415    308
f    306    308    307
f    308    415    416
f    308    416    417
f    308    417    310
f    308    310    309
f    417    418    419
f    417    419    312
f    417    312    311
f    417    311    310
f    419    420    421
f    419    421    314
f    419    314    313
f    419    313    312
f    314    421    422
f    314    422    423
f    314    423    316
f    314    316    315
f    316    423    424
f    316    424    425
f    316    425    426
f    316    426    317
f    317    426    427
f    317    427    428
f    317    428    319
f    317    319    318
f    320    319    428
f    320    428    429
f    320    429    430
f    320    430    321
f    321    430    431
f    321    431    432
f    321    432    323
f    321    323    322
f    323    432    433
f    323    433    434
f    323    434    325
f    323    325    324
f    325    434    435
f    325    435    436
f    325    436    437
f    325    437    327
f    325    327    326
f    327    437    438
f    327    438    439
f    327    439    329
f    327    329    328
f    329    439    440
f    329    440    441
f    329    441    331
f    329    331    330
f    332    331    441
f    332    441    442
f    332    442    443
f    332    443    333
f    333    443    444
f    333    444    445
f    333    445    334
f    334    445    446
f    334    446    447
f    334    447    336
f    334    336    335
f    447    448    449
f    447    449    338
f    447    338    337
f    447    337    336
f    338    449    450
f    338    450    339
f    338    339    241
f    338    241    240
f    340    451    452
f    340    452    453
f    340    453    341
f    342    341    453
f    342    453    454
f    342    454    455
f    342    455    343
f    343    455    456
f    343    456    457
f    343    457    345
f    343    345    344
f    345    457    458
f    345    458    459
f    345    459    347
f    345    347    346
f    347    459    460
f    347    460    461
f    347    461    349
f    347    349    348
f    349    461    462
f    349    462    463
f    349    463    351
f    349    351    350
f    351    463    464
f    351    464    465
f    351    465    353
f    351    353    352
f    353    465    466
f    353    466    467
f    353    467    355
f    353    355    354
f    356    355    467
f    356    467    468
f    356    468    469
f    356    469    357
f    357    469    470
f    357    470    471
f    357    471    358
f    358    471    472
f    358    472    473
f    358    473    360
f    358    360    359
f    360    473    474
f    360    474    475
f    360    475    362
f    360    362    361
f    362    475    476
f    362    476    477
f    362    477    478
f    362    478    364
f    362    364    363
f    364    478    479
f    364    479    480
f    364    480    366
f    364    366    365
f    366    480    481
f    366    481    482
f    366    482    367
f    367    482    483
f    367    483    484
f    367    484    369
f    367    369    368
f    484    485    486
f    484    486    371
f    484    371    370
f    484    370    369
f    372    371    486
f    372    486    487
f    372    487    488
f    372    488    373
f    373    488    489
f    373    489    490
f    373    490    375
f    373    375    374
f    376    375    490
f    376    490    491
f    376    491    377
f    378    377    491
f    378    491    492
f    378    492    493
f    378    493    379
f    379    493    494
f    379    494    495
f    379    495    380
f    380    495    496
f    380    496    497
f    380    497    382
f    380    382    381
f    382    497    498
f    382    498    499
f    382    499    384
f    382    384    383
f    384    499    500
f    384    500    501
f    384    501    502
f    384    502    386
f    384    386    385
f    502    503    504
f    502    504    388
f    502    388    387
f    502    387    386
f    504    505    506
f    504    506    390
f    504    390    389
f    504    389    388
f    390    506    507
f    390    507    508
f    390    508    391
f    392    391    508
f    392    508    509
f    392    509    510
f    392    510    394
f    392    394    393
f    394    510    511
f    394    511    512
f    394    512    395
f    395    512    513
f    395    513    514
f    395    514    397
f    395    397    396
f    398    397    514
f    398    514    515
f    398    515    516
f    398    516    399
f    400    399    516
f    400    516    517
f    400    517    518
f    400    518    401
f    401    518    519
f    401    519    520
f    401    520    403
f    401    403    402
f    403    520    521
f    403    521    522
f    403    522    405
f    403    405    404
f    405    522    523
f    405    523    524
f    405    524    406
f    406    524    525
f    406    525    526
f    406    526    408
f    406    408    407
f    408    526    527
f    408    527    528
f    408    528    410
f    408    410    409
f    410    528    529
f    410    529    530
f    410    530    412
f    410    412    411
f    412    530    531
f    412    531    532
f    412    532    414
f    412    414    413
f    414    532    533
f    414    533    534
f    414    534    416
f    414    416    415
f    416    534    535
f    416    535    536
f    416    536    418
f    416    418    417
f    536    537    420
f    536    420    419
f    536    419    418
f    538    539    422
f    538    422    421
f    538    421    420
f    538    420    537
f    422    539    540
f    422    540    541
f    422    541    424
f    422    424    423
f    424    541    542
f    424    542    543
f    424    543    425
f    425    543    544
f    425    544    545
f    425    545    427
f    425    427    426
f    428    427    545
f    428    545    546
f    428    546    547
f    428    547    429
f    429    547    548
f    429    548    549
f    429    549    431
f    429    431    430
f    431    549    550
f    431    550    551
f    431    551    552
f    431    552    433
f    431    433    432
f    433    552    553
f    433    553    554
f    433    554    435
f    433    435    434
f    435    554    555
f    435    555    556
f    435    556    436
f    436    556    557
f    436    557    558
f    436    558    438
f    436    438    437
f    438    558    559
f    438    559    560
f    438    560    440
f    438    440    439
f    440    560    561
f    440    561    442
f    440    442    441
f    442    561    562
f    442    562    563
f    442    563    444
f    442    444    443
f    444    563    564
f    444    564    565
f    444    565    446
f    444    446    445
f    446    565    566
f    446    566    567
f    446    567    448
f    446    448    447
f    567    568    569
f    567    569    450
f    567    450    449
f    567    449    448
f    450    569    570
f    450    570    451
f    450    451    340
f    450    340    339
f    453    452    571
f    453    571    572
f    453    572    573
f    453    573    454
f    454    573    574
f    454    574    575
f    454    575    456
f    454    456    455
f    456    575    576
f    456    576    577
f    456    577    458
f    456    458    457
f    458    577    578
f    458    578    579
f    458    579    460
f    458    460    459
f    460    579    580
f    460    580    581
f    460    581    462
f    460    462    461
f    462    581    582
f    462    582    464
f    462    464    463
f    464    582    583
f    464    583    584
f    464    584    466
f    464    466    465
f    466    584    585
f    466    585    586
f    466    586    468
f    466    468    467
f    468    586    587
f    468    587    588
f    468    588    470
f    468    470    469
f    470    588    589
f    470    589    590
f    470    590    472
f    470    472    471
f    472    590    591
f    472    591    592
f    472    592    474
f    472    474    473
f    474    592    593
f    474    593    594
f    474    594    476
f    474    476    475
f    476    594    595
f    476    595    596
f    476    596    477
f    477    596    597
f    477    597    598
f    477    598    479
f    477    479    478
f    479    598    599
f    479    599    600
f    479    600    481
f    479    481    480
f    481    600    601
f    481    601    483
f    481    483    482
f    483    601    602
f    483    602    603
f    483    603    485
f    483    485    484
f    486    485    603
f    486    603    604
f    486    604    605
f    486    605    487
f    487    605    606
f    487    606    607
f    487    607    489
f    487    489    488
f    491    490    489
f    491    489    607
f    491    607    608
f    491    608    609
f    491    609    492
f    492    609    610
f    492    610    611
f    492    611    494
f    492    494    493
f    494    611    612
f    494    612    496
f    494    496    495
f    496    612    613
f    496    613    614
f    496    614    498
f    496    498    497
f    498    614    615
f    498    615    616
f    498    616    500
f    498    500    499
f    500    616    617
f    500    617    618
f    500    618    501
f    501    618    619
f    501    619    620
f    501    620    503
f    501    503    502
f    620    621    622
f    620    622    505
f    620    505    504
f    620    504    503
f    622    623    624
f    622    624    507
f    622    507    506
f    622    506    505
f    508    507    624
f    508    624    625
f    508    625    626
f    508    626    509
f    509    626    627
f    509    627    628
f    509    628    511
f    509    511    510
f    511    628    629
f    511    629    513
f    511    513    512
f    514    513    629
f    514    629    630
f    514    630    631
f    514    631    515
f    516    515    631
f    516    631    632
f    516    632    633
f    516    633    517
f    517    633    634
f    517    634    635
f    517    635    519
f    517    519    518
f    519    635    636
f    519    636    637
f    519    637    521
f    519    521    520
f    521    637    638
f    521    638    639
f    521    639    523
f    521    523    522
f    523    639    640
f    523    640    641
f    523    641    525
f    523    525    524
f    525    641    642
f    525    642    643
f    525    643    527
f    525    527    526
f    527    643    644
f    527    644    645
f    527    645    529
f    527    529    528
f    529    645    646
f    529    646    531
f    529    531    530
f    531    646    647
f    531    647    648
f    531    648    533
f    531    533    532
f    533    648    649
f    533    649    650
f    533    650    535
f    533    535    534
f    535    650    651
f    535    651    652
f    535    652    538
f    535    538    537
f    535    537    536
f    652    653    654
f    652    654    540
f    652    540    539
f    652    539    538
f    654    655    542
f    654    542    541
f    654    541    540
f    542    655    656
f    542    656    657
f    542    657    544
f    542    544    543
f    545    544    657
f    545    657    658
f    545    658    659
f    545    659    546
f    546    659    660
f    546    660    661
f    546    661    548
f    546    548    547
f    548    661    662
f    548    662    663
f    548    663    550
f    548    550    549
f    550    663    664
f    550    664    665
f    550    665    551
f    551    665    666
f    551    666    667
f    551    667    553
f    551    553    552
f    553    667    668
f    553    668    555
f    553    555    554
f    555    668    669
f    555    669    670
f    555    670    557
f    555    557    556
f    557    670    671
f    557    671    672
f    557    672    559
f    557    559    558
f    559    672    673
f    559    673    674
f    559    674    562
f    559    562    561
f    559    561    560
f    562    674    675
f    562    675    676
f    562    676    564
f    562    564    563
f    564    676    677
f    564    677    678
f    564    678    566
f    564    566    565
f    566    678    679
f    566    679    568
f    566    568    567
f    679    680    681
f    679    681    682
f    679    682    570
f    679    570    569
f    679    569    568
f    570    682    571
f    570    571    452
f    570    452    451
f    572    683    684
f    572    684    574
f    572    574    573
f    574    684    685
f    574    685    686
f    574    686    576
f    574    576    575
f    576    686    687
f    576    687    688
f    576    688    578
f    576    578    577
f    578    688    689
f    578    689    690
f    578    690    580
f    578    580    579
f    580    690    691
f    580    691    583
f    580    583    582
f    580    582    581
f    583    691    692
f    583    692    693
f    583    693    585
f    583    585    584
f    585    693    694
f    585    694    695
f    585    695    587
f    585    587    586
f    587    695    696
f    587    696    697
f    587    697    589
f    587    589    588
f    589    697    698
f    589    698    699
f    589    699    591
f    589    591    590
f    591    699    700
f    591    700    701
f    591    701    593
f    591    593    592
f    593    701    702
f    593    702    703
f    593    703    595
f    593    595    594
f    595    703    704
f    595    704    705
f    595    705    597
f    595    597    596
f    597    705    706
f    597    706    707
f    597    707    599
f    597    599    598
f    599    707    708
f    599    708    602
f    599    602    601
f    599    601    600
f    602    708    709
f    602    709    710
f    602    710    604
f    602    604    603
f    604    710    711
f    604    711    712
f    604    712    606
f    604    606    605
f    607    606    712
f    607    712    713
f    607    713    714
f    607    714    608
f    608    714    715
f    608    715    716
f    608    716    610
f    608    610    609
f    610    716    717
f    610    717    718
f    610    718    613
f    610    613    612
f    610    612    611
f    613    718    719
f    613    719    720
f    613    720    615
f    613    615    614
f    615    720    721
f    615    721    722
f    615    722    617
f    615    617    616
f    617    722    723
f    617    723    724
f    617    724    619
f    617    619    618
f    619    724    725
f    619    725    621
f    619    621    620
f    725    726    727
f    725    727    623
f    725    623    622
f    725    622    621
f    624    623    727
f    624    727    728
f    624    728    729
f    624    729    625
f    625    729    730
f    625    730    731
f    625    731    627
f    625    627    626
f    629    628    627
f    629    627    731
f    629    731    732
f    629    732    630
f    631    630    732
f    631    732    733
f    631    733    734
f    631    734    632
f    632    734    735
f    632    735    736
f    632    736    634
f    632    634    633
f    634    736    737
f    634    737    636
f    634    636    635
f    636    737    738
f    636    738    739
f    636    739    740
f    636    740    638
f    636    638    637
f    638    740    741
f    638    741    640
f    638    640    639
f    640    741    742
f    640    742    743
f    640    743    744
f    640    744    642
f    640    642    641
f    642    744    745
f    642    745    644
f    642    644    643
f    644    745    746
f    644    746    747
f    644    747    748
f    644    748    647
f    644    647    646
f    644    646    645
f    647    748    749
f    647    749    649
f    647    649    648
f    649    749    750
f    649    750    751
f    649    751    752
f    649    752    651
f    649    651    650
f    651    752    753
f    651    753    653
f    651    653    652
f    753    754    755
f    753    755    656
f    753    656    655
f    753    655    654
f    753    654    653
f    657    656    755
f    657    755    756
f    657    756    658
f    658    756    757
f    658    757    660
f    658    660    659
f    660    757    758
f    660    758    759
f    660    759    760
f    660    760    662
f    660    662    661
f    662    760    761
f    662    761    664
f    662    664    663
f    664    761    762
f    664    762    763
f    664    763    666
f    664    666    665
f    666    763    764
f    666    764    765
f    666    765    669
f    666    669    668
f    666    668    667
f    669    765    766
f    669    766    767
f    669    767    671
f    669    671    670
f    671    767    768
f    671    768    769
f    671    769    673
f    671    673    672
f    673    769    770
f    673    770    771
f    673    771    675
f    673    675    674
f    675    771    772
f    675    772    773
f    675    773    677
f    675    677    676
f    677    773    774
f    677    774    775
f    677    775    680
f    677    680    679
f    677    679    678
f    775    776    777
f    775    777    681
f    775    681    680
f    571    682    681
f    571    681    777
f    571    777    778
f    571    778    683
f    571    683    572
f    778    779    780
f    778    780    685
f    778    685    684
f    778    684    683
f    685    780    781
f    685    781    782
f    685    782    687
f    685    687    686
f    687    782    783
f    687    783    784
f    687    784    689
f    687    689    688
f    689    784    785
f    689    785    786
f    689    786    692
f    689    692    691
f    689    691    690
f    692    786    787
f    692    787    694
f    692    694    693
f    694    787    788
f    694    788    789
f    694    789    696
f    694    696    695
f    696    789    790
f    696    790    791
f    696    791    698
f    696    698    697
f    698    791    792
f    698    792    793
f    698    793    700
f    698    700    699
f    700    793    794
f    700    794    795
f    700    795    702
f    700    702    701
f    702    795    796
f    702    796    797
f    702    797    704
f    702    704    703
f    704    797    798
f    704    798    799
f    704    799    706
f    704    706    705
f    706    799    800
f    706    800    709
f    706    709    708
f    706    708    707
f    709    800    801
f    709    801    802
f    709    802    711
f    709    711    710
f    712    711    802
f    712    802    803
f    712    803    804
f    712    804    713
f    713    804    805
f    713    805    806
f    713    806    715
f    713    715    714
f    715    806    807
f    715    807    808
f    715    808    717
f    715    717    716
f    717    808    809
f    717    809    810
f    717    810    719
f    717    719    718
f    719    810    811
f    719    811    812
f    719    812    721
f    719    721    720
f    721    812    813
f    721    813    723
f    721    723    722
f    723    813    814
f    723    814    815
f    723    815    816
f    723    816    726
f    723    726    725
f    723    725    724
f    816    817    728
f    816    728    727
f    816    727    726
f    730    729    728
f    730    728    817
f    730    817    818
f    732    731    730
f    732    730    818
f    732    818    819
f    732    819    733
f    733    819    820
f    733    820    821
f    733    821    735
f    733    735    734
f    735    821    822
f    735    822    823
f    735    823    738
f    735    738    737
f    735    737    736
f    738    823    824
f    738    824    825
f    738    825    739
f    739    825    826
f    739    826    742
f    739    742    741
f    739    741    740
f    742    826    827
f    742    827    828
f    742    828    829
f    742    829    743
f    743    829    746
f    743    746    745
f    743    745    744
f    746    829    828
f    746    828    830
f    746    830    831
f    746    831    832
f    746    832    833
f    746    833    747
f    747    833    834
f    747    834    750
f    747    750    749
f    747    749    748
f    750    834    835
f    750    835    836
f    750    836    751
f    751    836    837
f    751    837    838
f    751    838    754
f    751    754    753
f    751    753    752
f    838    758    757
f    838    757    756
f    838    756    755
f    838    755    754
f    837    839    840
f    837    840    841
f    837    841    759
f    837    759    758
f    837    758    838
f    759    841    762
f    759    762    761
f    759    761    760
f    762    841    840
f    762    840    842
f    762    842    764
f    762    764    763
f    764    842    843
f    764    843    844
f    764    844    766
f    764    766    765
f    766    844    845
f    766    845    846
f    766    846    768
f    766    768    767
f    768    846    847
f    768    847    848
f    768    848    849
f    768    849    770
f    768    770    769
f    770    849    850
f    770    850    851
f    770    851    772
f    770    772    771
f    772    851    852
f    772    852    774
f    772    774    773
f    774    852    853
f    774    853    854
f    774    854    776
f    774    776    775
f    777    776    854
f    777    854    779
f    777    779    778
f    853    855    856
f    853    856    857
f    853    857    781
f    853    781    780
f    853    780    779
f    853    779    854
f    781    857    858
f    781    858    859
f    781    859    783
f    781    783    782
f    783    859    860
f    783    860    861
f    783    861    785
f    783    785    784
f    785    861    862
f    785    862    788
f    785    788    787
f    785    787    786
f    788    862    863
f    788    863    864
f    788    864    790
f    788    790    789
f    790    864    865
f    790    865    866
f    790    866    792
f    790    792    791
f    792    866    867
f    792    867    868
f    792    868    794
f    792    794    793
f    794    868    869
f    794    869    870
f    794    870    796
f    794    796    795
f    796    870    871
f    796    871    798
f    796    798    797
f    798    871    872
f    798    872    873
f    798    873    801
f    798    801    800
f    798    800    799
f    802    801    873
f    802    873    874
f    802    874    875
f    802    875    803
f    803    875    876
f    803    876    877
f    803    877    805
f    803    805    804
f    805    877    878
f    805    878    879
f    805    879    807
f    805    807    806
f    807    879    880
f    807    880    881
f    807    881    809
f    807    809    808
f    809    881    882
f    809    882    883
f    809    883    811
f    809    811    810
f    811    883    814
f    811    814    813
f    811    813    812
f    814    883    882
f    814    882    884
f    814    884    885
f    814    885    886
f    814    886    815
f    818    817    816
f    818    816    815
f    818    815    886
f    818    886    820
f    818    820    819
f    820    886    885
f    820    885    887
f    820    887    822
f    820    822    821
f    822    887    888
f    822    888    889
f    822    889    824
f    822    824    823
f    824    889    890
f    824    890    891
f    824    891    827
f    824    827    826
f    824    826    825
f    890    892    893
f    890    893    894
f    890    894    891
f    827    891    894
f    827    894    895
f    827    895    896
f    827    896    830
f    827    830    828
f    895    897    898
f    895    898    899
f    895    899    900
f    895    900    901
f    895    901    896
f    830    896    901
f    830    901    902
f    830    902    831
f    831    902    903
f    831    903    904
f    831    904    832
f    832    904    905
f    832    905    906
f    832    906    835
f    832    835    834
f    832    834    833
f    835    906    907
f    835    907    839
f    835    839    837
f    835    837    836
f    905    908    909
f    905    909    910
f    905    910    911
f    905    911    907
f    905    907    906
f    907    911    843
f    907    843    842
f    907    842    840
f    907    840    839
f    843    911    910
f    843    910    912
f    843    912    913
f    843    913    914
f    843    914    845
f    843    845    844
f    845    914    915
f    845    915    847
f    845    847    846
f    847    915    916
f    847    916    917
f    847    917    918
f    847    918    848
f    848    918    919
f    848    919    920
f    848    920    850
f    848    850    849
f    919    921    856
f    919    856    855
f    919    855    920
f    850    920    855
f    850    855    853
f    850    853    852
f    850    852    851
f    856    921    922
f    856    922    923
f    856    923    924
f    856    924    858
f    856    858    857
f    858    924    925
f    858    925    860
f    858    860    859
f    860    925    926
f    860    926    927
f    860    927    928
f    860    928    863
f    860    863    862
f    860    862    861
f    863    928    929
f    863    929    930
f    863    930    865
f    863    865    864
f    865    930    931
f    865    931    932
f    865    932    867
f    865    867    866
f    867    932    933
f    867    933    869
f    867    869    868
f    869    933    934
f    869    934    872
f    869    872    871
f    869    871    870
f    873    872    934
f    873    934    935
f    873    935    936
f    873    936    874
f    874    936    937
f    874    937    876
f    874    876    875
f    876    937    938
f    876    938    939
f    876    939    878
f    876    878    877
f    878    939    940
f    878    940    941
f    878    941    942
f    878    942    880
f    878    880    879
f    880    942    943
f    880    943    884
f    880    884    882
f    880    882    881
f    943    942    941
f    943    941    944
f    943    944    945
f    943    945    946
f    885    884    943
f    885    943    946
f    885    946    947
f    885    947    888
f    885    888    887
f    888    947    948
f    888    948    892
f    888    892    890
f    888    890    889
f    948    949    950
f    948    950    893
f    948    893    892
f    894    893    950
f    894    950    951
f    894    951    952
f    894    952    897
f    894    897    895
f    952    953    954
f    952    954    898
f    952    898    897
f    898    954    955
f    898    955    956
f    898    956    899
f    899    956    957
f    899    957    958
f    899    958    959
f    899    959    900
f    901    900    959
f    901    959    960
f    901    960    903
f    901    903    902
f    903    960    961
f    903    961    908
f    903    908    905
f    903    905    904
f    961    962    963
f    961    963    964
f    961    964    909
f    961    909    908
f    909    964    965
f    909    965    912
f    909    912    910
f    912    965    966
f    912    966    967
f    912    967    968
f    912    968    913
f    913    968    969
f    913    969    916
f    913    916    915
f    913    915    914
f    916    969    970
f    916    970    923
f    916    923    922
f    916    922    917
f    917    922    921
f    917    921    919
f    917    919    918
f    970    971    972
f    970    972    926
f    970    926    925
f    970    925    924
f    970    924    923
f    926    972    973
f    926    973    974
f    926    974    927
f    927    974    975
f    927    975    976
f    927    976    977
f    927    977    929
f    927    929    928
f    929    977    978
f    929    978    979
f    929    979    980
f    929    980    931
f    929    931    930
f    934    933    932
f    934    932    931
f    934    931    980
f    934    980    935
f    935    980    979
f    935    979    938
f    935    938    937
f    935    937    936
f    938    979    978
f    938    978    981
f    938    981    982
f    938    982    940
f    938    940    939
f    940    982    983
f    940    983    944
f    940    944    941
f    944    983    984
f    944    984    985
f    944    985    986
f    944    986    945
f    946    945    986
f    946    986    987
f    946    987    949
f    946    949    948
f    946    948    947
f    950    949    987
f    950    987    988
f    950    988    951
f    951    988    989
f    951    989    990
f    951    990    953
f    951    953    952
f    990    991    992
f    990    992    955
f    990    955    954
f    990    954    953
f    955    992    993
f    955    993    994
f    955    994    957
f    955    957    956
f    957    994    995
f    957    995    996
f    957    996    958
f    959    958    996
f    959    996    997
f    959    997    962
f    959    962    961
f    959    961    960
f    997    998    999
f    997    999   1000
f    997   1000    963
f    997    963    962
f    963   1000   1001
f    963   1001    966
f    963    966    965
f    963    965    964
f    966   1001   1002
f    966   1002    973
f    966    973    972
f    966    972    971
f    966    971    967
f    967    971    970
f    967    970    969
f    967    969    968
f   1002   1003   1004
f   1002   1004    975
f   1002    975    974
f   1002    974    973
f    975   1004   1005
f    975   1005   1006
f    975   1006   1007
f    975   1007   1008
f    975   1008    976
f    978    977    976
f    978    976   1008
f    978   1008    981
f    981   1008   1007
f    981   1007    984
f    981    984    983
f    981    983    982
f    984   1007   1006
f    984   1006   1009
f    984   1009   1010
f    984   1010    985
f    986    985   1010
f    986   1010   1011
f    986   1011    989
f    986    989    988
f    986    988    987
f    989   1011   1012
f    989   1012   1013
f    989   1013    991
f    989    991    990
f   1013   1014    993
f   1013    993    992
f   1013    992    991
f    993   1014   1015
f    993   1015   1016
f    993   1016    995
f    993    995    994
f    996    995   1016
f    996   1016   1017
f    996   1017    998
f    996    998    997
f   1017   1018   1005
f   1017   1005   1004
f   1017   1004   1003
f   1017   1003    999
f   1017    999    998
f    999   1003   1002
f    999   1002   1001
f    999   1001   1000
f   1006   1005   1018
f   1006   1018   1019
f   1006   1019   1009
f   1010   1009   1019
f   1010   1019   1020
f   1010   1020   1012
f   1010   1012   1011
f   1012   1020   1015
f   1012   1015   1014
f   1012   1014   1013
f   1016   1015   1020
f   1016   1020   1019
f   1016   1019   1018
f   1016   1018   1017
