v    29.323677    -4.232482    55.408856
v    30.677260    -4.232482    55.275619
v    31.112011    -3.835075    55.193671
v    32.524145    -1.287770    54.803640
v    16.588999    14.647376    54.803640
v    16.588999     8.502311    55.408856
v     3.570212     8.502311    54.126618
v    16.427985    15.289475    54.724573
v    -1.095870    34.463124    51.110215
v   -12.431668    23.127210    51.110215
v     3.913794     5.910748    53.905208
v    28.360470   -18.535929    53.905208
v    29.300279   -14.787988    54.366929
v    29.323677   -14.442100    54.403351
v    32.961777    -0.761390    54.645161
v    37.623940     3.247033    52.727277
v    37.110353    10.003539    52.034119
v    36.426416    11.654832    52.034119
v    35.924124    20.729740    50.624636
v    38.626680    27.419973    48.255520
v    39.777525    33.891793    46.147692
v    35.296778    44.948553    43.356733
v    -3.823782    61.152709    43.356733
v    -3.823782    40.158569    49.725167
v    -5.628253    65.403288    41.840637
v   -23.785792    57.882164    41.840637
v   -28.210640    46.963598    44.596788
v   -30.685562    44.488675    44.596788
v   -30.736622    44.399697    44.603012
v   -26.708836    29.965433    47.638431
v   -32.278651    42.571138    44.364890
v   -37.056878    31.035368    44.364890
v   -37.138249    29.965433    44.474730
v   -42.580936    25.285982    42.235740
v   -41.194158     7.042345    40.364074
v   -14.330419   -57.812547    40.364074
v   -13.688435   -57.170563    40.639539
v    17.837352   -48.373540    47.269262
v    20.191600   -45.358867    48.152018
v    28.360470   -28.303073    52.299326
v   -15.972491   -61.877561    38.924624
v     2.404729   -69.489622    38.924624
v     3.569866   -68.613205    39.336900
v    14.780610   -55.573671    44.701096
v    22.032146   -44.596439    48.152018
v    28.590985   -28.412222    52.237318
v    28.570585   -28.361739    52.255183
v    29.318260   -14.852301    54.353444
v    30.489506   -12.024576    54.353444
v    38.571126     3.247033    52.220951
v    40.412248     4.966213    50.990578
v    39.770725    14.136785    50.020111
v    39.255985    16.057435    50.020111
v    42.438934    37.455322    43.505761
v    43.186609    40.061983    42.081986
v    39.858897    54.765488    37.253853
v    35.771408    58.852978    37.253853
v    32.480578    72.187801    32.072455
v    28.062645    76.704509    30.909623
v    24.320582    76.911742    31.490751
v    -5.628253    66.297109    41.453718
v    11.830366    80.258471    31.490751
v    -4.709997    81.415656    33.241165
v    -6.028772    80.003407    34.184893
v    -6.157054    79.781536    34.321934
v    -6.157054    67.973874    40.633200
v   -14.884922    77.442963    34.321934
v   -17.998256    72.170743    36.694047
v   -21.241830    68.854787    37.547759
v   -23.805732    58.465713    41.584420
v   -28.609315    53.662129    41.584420
v   -38.862846    36.130783    42.669914
v   -39.899241    35.518766    42.203583
v   -42.641100    25.285982    42.203583
v   -45.814713    23.450161    40.244322
v   -57.076170    12.934535    32.718819
v   -61.020510     6.592956    29.702301
v   -59.670154   -12.708398    27.659709
v   -54.729529   -31.146935    27.659709
v   -53.531428   -52.778218    24.300416
v   -50.710387   -57.760796    24.628093
v   -50.550986   -57.938984    24.665206
v   -40.208131   -68.055935    27.327883
v   -39.228097   -68.297745    27.708694
v   -21.797717   -67.702787    35.359251
v   -29.040263   -78.485580    27.708694
v   -24.078546   -79.608533    29.337973
v   -22.155130   -78.172079    30.764053
v   -20.486779   -78.264516    31.023036
v     1.673766   -70.410183    38.395132
v   -11.810200   -80.589373    31.023036
v    -7.368179   -80.900223    31.493171
v     0.447312   -72.530459    37.086268
v    21.676116   -63.761674    39.336900
v    21.383477   -57.913858    42.504520
v    22.352677   -53.986461    44.030528
v    34.321815   -42.017208    44.030528
v    36.262750   -33.441710    46.846498
v    32.608974   -28.549378    50.473764
v    33.114032   -19.429750    51.890047
v    38.352367     0.119638    51.890047
v    46.160136     4.966213    46.273438
v    45.536593    13.305549    45.423875
v    43.381971    24.137672    45.423875
v    47.282051    45.782094    36.198095
v    45.473662    53.738775    33.590856
v    40.414438    61.310497    33.590856
v    38.386714    69.685332    30.316623
v    35.617885    72.454161    30.316623
v    35.278221    73.221545    29.914951
v    29.426256    77.131768    29.914951
v    28.031526    77.448726    30.371947
v    25.396511    79.872128    29.117255
v    13.160091    80.738634    30.879656
v     9.188205    81.528723    30.879656
v    -4.709997    82.568000    32.295478
v    -5.844245    83.583648    31.276833
v    -7.798665    83.437502    31.077783
v   -12.789542    82.444674    31.077783
v   -14.194530    82.345207    30.875391
v   -14.730247    81.149642    31.644043
v   -25.870107    73.706202    31.644043
v   -27.771624    69.408944    33.893407
v   -28.186666    68.993902    33.893407
v   -29.463257    63.721682    35.954556
v   -48.412385    35.362247    35.954556
v   -48.458027    35.161468    36.020368
v   -49.596540    33.923373    35.430941
v   -53.521401    30.805429    32.718819
v   -61.062003     6.560338    29.662999
v   -68.915759    -2.210406    21.785730
v   -68.203122   -11.740812    20.814801
v   -65.048065   -27.602078    20.814801
v   -64.318947   -37.898715    19.331784
v   -61.214719   -43.973473    20.410594
v   -59.584402   -46.196673    21.166452
v   -43.182118   -68.967161    24.665206
v   -40.390353   -70.202490    26.126555
v   -32.904959   -77.687883    26.126555
v   -29.462335   -78.521425    27.472416
v   -26.860745   -80.259737    27.472416
v   -24.024375   -80.904372    28.401852
v   -20.967517   -83.715846    26.946151
v   -20.550286   -83.745352    27.006315
v    -8.007857   -86.240214    27.006315
v    -7.368179   -86.288046    27.071435
v    -6.740371   -86.850272    26.507596
v    -0.862128   -86.410680    25.908719
v    24.095369   -81.446312    25.908719
v    24.232065   -81.274233    26.027664
v    24.263069   -81.130161    26.140847
v    24.489204   -80.625680    26.465181
v    24.987231   -68.697112    35.082748
v    33.491270   -74.610625    26.465181
v    35.184978   -70.782926    28.468701
v    34.798059   -69.529963    29.592115
v    36.174578   -63.844544    31.814855
v    47.092799   -47.504269    31.814855
v    49.539368   -36.739801    35.342078
v    46.861246   -32.999237    39.189716
v    47.426930   -25.011206    40.340216
v    50.829214    -7.906774    40.340216
v    51.357784    -0.838151    41.060344
v    55.906764    -0.838151    35.517384
v    55.029540     9.896465    34.514529
v    51.559946    31.802752    34.514529
v    50.390659    45.473204    32.771837
v    52.642905    49.692548    27.661438
v    51.347411    54.875675    26.099470
v    46.432258    64.522145    26.099470
v    45.821279    66.805394    25.260280
v    44.553678    68.218105    25.557299
v    41.942982    69.453088    27.195683
v    37.976513    73.419557    27.195683
v    35.184056    74.663415    28.649540
v    32.430095    77.134649    28.070487
v    31.689220    77.332892    28.342840
v    25.326665    80.574738    28.342840
v    25.315830    80.589952    28.328202
v    23.845146    81.700457    27.408448
v    12.654917    82.657555    28.834989
v    -0.848642    84.796387    28.834989
v    -5.844245    85.204629    29.301667
v    -7.770081    86.501505    27.349782
v   -14.119728    85.495769    27.349782
v   -14.808161    85.436872    27.261956
v   -14.970097    83.806556    29.058934
v   -17.548752    86.899835    23.942542
v   -18.206756    86.735362    23.744184
v   -22.620194    84.486690    23.744184
v   -23.991411    84.119710    23.240279
v   -25.264775    82.977164    23.507906
v   -31.456289    80.218938    20.284271
v   -43.693976    67.981366    20.284271
v   -44.840442    67.438964    19.564835
v   -49.003079    62.799968    18.589411
v   -50.390663    57.615228    20.495193
v   -58.878451    40.956957    20.495193
v   -61.616737    30.001163    23.796626
v   -66.562317    23.451660    19.700838
v   -67.729299    22.183713    18.523714
v   -71.308733    -0.416309    18.523714
v   -71.455341    -2.210406    18.691299
v   -74.004950    -5.996612    14.853918
v   -73.546456   -11.606998    14.329842
v   -71.783709   -22.736485    14.329842
v   -71.496257   -26.096700    13.901431
v   -69.236405   -31.386555    15.259278
v   -52.572371   -59.958640    21.166452
v   -51.003718   -61.061308    22.335277
v   -44.412837   -68.406664    23.879612
v   -43.235137   -68.963703    24.618642
v   -35.262781   -76.936174    24.618642
v   -32.884905   -77.995390    25.856622
v   -30.122184   -80.474462    25.275725
v   -29.911033   -80.530938    25.353408
v   -20.823907   -85.160944    25.353408
v   -19.479544   -87.034338    23.547785
v   -16.757855   -89.089493    21.845779
v   -15.310107   -90.421869    20.501647
v    -6.740371   -91.779141    20.501647
v    -6.277498   -92.188765    19.913373
v    -3.939155   -93.763297    17.543335
v     2.868640   -93.207065    16.907344
v    14.400261   -91.380580    16.907344
v    18.092878   -91.064775    16.436633
v    23.112685   -87.274189    19.575899
v    23.581206   -86.621371    20.205205
v    30.187877   -83.255162    20.205205
v    31.148087   -81.889131    21.223043
v    32.473316   -80.699905    21.501620
v    33.193099   -79.178507    22.456528
v    41.309642   -71.061849    22.456528
v    41.621068   -70.362697    22.820511
v    47.304181   -64.029187    21.488942
v    48.248254   -60.501387    22.785588
v    57.967337   -41.426514    22.785588
v    58.727114   -38.386945    23.701539
v    57.429430   -35.955936    26.646020
v    57.956502   -29.794274    27.431500
v    60.489976   -13.798733    27.431500
v    60.938443    -8.310290    27.944165
v    64.528827    -8.310290    21.227192
v    63.117960     7.764087    19.907380
v    60.177513    30.099477    19.907380
v    59.031393    42.001190    18.614422
v    57.855883    45.558264    19.685394
v    55.843373    49.131244    22.216793
v    53.965484    56.071931    20.387657
v    51.655610    61.648662    20.387657
v    50.717068    64.824811    19.354720
v    50.660246    64.901342    19.381806
v    49.127438    66.110507    20.774577
v    46.401715    69.662741    20.774577
v    44.194651    71.264819    22.356254
v    44.076051    71.383419    22.356254
v    40.784184    73.088653    24.245900
v    31.837556    79.953731    24.245900
v    31.219431    80.737135    23.533955
v    31.065562    80.851586    23.479323
v    28.631671    83.141636    21.127610
v    23.197745    85.392383    21.127610
v    19.910833    88.240740    17.054528
v    18.516449    89.026219    16.066656
v    16.509702    89.219390    16.284608
v     1.176200    91.238124    16.284608
v    -4.996872    91.779949    16.791510
v    -7.320232    90.773176    19.247070
v    -7.781031    90.523643    19.827506
v    -7.781031    86.548876    27.263800
v   -16.467291    89.380059    19.827506
v   -16.955983    89.071515    20.284502
v   -17.100516    88.923525    20.525620
v   -17.210702    88.828207    20.662085
v   -21.861569    86.901679    20.662085
v   -22.860275    86.606620    20.337290
v   -23.581325    86.070673    20.593277
v   -28.831762    83.572699    18.116971
v   -33.519166    79.975860    18.116971
v   -39.626657    76.812159    14.611186
v   -44.284786    72.153915    14.611186
v   -44.683577    71.864504    14.325463
v   -51.271230    63.279209    14.325463
v   -51.776634    62.216996    14.826487
v   -56.176701    56.296568    12.724306
v   -59.122796    46.326801    15.966498
v   -65.577097    30.744689    15.966498
v   -67.901493    22.153400    18.230730
v   -73.582301    12.068145    11.085461
v   -73.831142     9.482921    11.366343
v   -75.113035    -0.253220    11.366343
v   -75.617056    -5.996612    11.837862
v   -75.738998    -6.277956    11.540382
v   -75.265636   -11.671888    11.097563
v   -74.685545   -16.077488    11.097563
v   -74.282029   -20.268132    10.642296
v   -73.576077   -22.404314    11.285433
v   -69.100977   -31.886888    15.127424
v   -61.717817   -49.711448    15.127424
v   -61.486957   -49.956831    15.364508
v   -54.327742   -59.589701    18.784888
v   -53.817267   -60.662633    18.278792
v   -44.000331   -73.456437    18.278792
v   -43.800590   -73.601316    18.421942
v   -41.160849   -76.241172    18.421942
v   -40.922266   -76.569771    18.186356
v   -29.473631   -85.354576    18.186356
v   -29.054439   -85.554087    18.384138
v   -26.625274   -87.359479    17.521551
v   -25.702869   -88.227368    16.630381
v   -14.911086   -92.697396    16.630381
v   -14.575456   -92.988191    16.214532
v   -12.968191   -93.893538    15.075788
v   -12.831381   -93.979981    14.947853
v    -4.328379   -95.099361    14.947853
v    -3.939155   -95.133593    14.979779
v    -2.789693   -95.631620    13.764966
v     1.918227   -95.218422    13.378392
v     7.749561   -94.450692    13.378392
v    13.095777   -93.935837    12.797610
v    13.681976   -93.697946    13.051407
v    18.063948   -91.229708    16.155981
v    18.141517   -91.208732    16.135465
v    26.305661   -87.827079    16.135465
v    26.718859   -87.438315    16.534717
v    29.788049   -85.157256    17.624476
v    30.745031   -84.701874    17.173128
v    36.593308   -80.214441    17.173128
v    37.997835   -79.486936    16.366902
v    40.626627   -76.858030    16.366902
v    44.070403   -74.358327    13.899010
v    52.898430   -62.853330    13.899010
v    54.373264   -61.689807    12.558797
v    57.577882   -57.377911    11.027832
v    58.544431   -54.107136    12.091543
v    63.595241   -41.913477    12.091543
v    64.839330   -37.315051    13.303360
v    64.958852   -37.102862    13.153064
v    65.361792   -32.918326    13.607639
v    66.453165   -24.628090    13.607639
v    67.266190   -15.365658    14.368108
v    67.096070   -14.235328    14.964680
v    65.694540     1.052532    13.906387
v    64.151704    14.745690    13.906387
v    62.407283    31.744662    12.389945
v    61.349335    35.720006    14.032709
v    56.085759    51.802566    18.307952
v    53.868667    58.138727    18.307952
v    51.931190    64.296010    16.628652
v    51.863534    64.707133    16.039225
v    51.082089    66.273135    15.413262
v    49.955793    68.065504    15.413262
v    49.754323    68.429141    15.234728
v    49.292256    69.628625    13.306702
v    48.499516    70.671013    12.653999
v    41.915550    77.255093    12.653999
v    41.443341    77.808099    12.214984
v    40.378132    78.698462    12.046939
v    39.198011    79.762864    11.048809
v    26.676444    87.630682    11.048809
v    26.276962    87.942223    10.648635
v    26.079526    88.121794    10.281771
v    24.353546    89.177437     8.781811
v    17.705959    91.503562     8.781811
v    17.143618    91.781217     8.155963
v    15.835331    92.264031     7.201632
v    11.269408    92.732552     7.608951
v     4.338172    93.513536     7.608951
v    -0.512782    93.958315     7.944812
v    -3.974309    93.265848    11.512951
v    -4.996872    93.014587    12.721425
v   -13.557387    92.049997    12.721425
v   -14.221500    91.795048    13.315001
v   -14.565429    91.668150    13.565916
v   -15.940911    90.988938    15.096535
v   -21.887387    88.840193    15.322324
v   -21.905482    88.901856    15.096535
v   -22.184636    88.855984    14.696476
v   -24.941593    87.480041    13.594500
v   -32.437591    82.770046    13.594500
v   -37.040742    80.219630    11.334187
v   -38.964503    78.611673    11.637659
v   -41.246831    76.876012    10.208583
v   -47.174981    70.947746    10.208583
v   -48.432094    69.874354     9.210799
v   -50.300878    67.638360     8.858111
v   -50.816309    67.067029     8.374722
v   -58.114063    55.452768     8.374722
v   -58.395061    55.092474     8.013735
v   -63.607232    45.998432     4.054412
v   -65.081605    41.312757     5.332387
v   -72.691246    19.565640     5.332387
v   -74.942800    11.622905     7.084530
v   -75.381354    10.434832     6.217910
v   -75.919261     5.192233     6.685624
v   -75.965249     4.784452     6.685624
v   -76.351591     0.570179     6.977341
v   -76.351591    -1.958453     7.916573
v   -76.179627    -5.638277     9.850247
v   -76.051692    -6.277956    10.509635
v   -75.762396    -9.433012    10.291222
v   -75.404521   -12.609853    10.291222
v   -74.875259   -17.766816     9.831230
v   -74.721045   -19.078330     9.774408
v   -72.324958   -26.817751    10.311853
v   -68.876571   -36.672606    10.311853
v   -67.302846   -41.674318     8.947782
v   -63.021955   -49.143460    12.199655
v   -61.817976   -51.555913    11.235411
v   -52.567185   -66.278435    11.235411
v   -52.380929   -66.614756    11.070247
v   -48.386452   -71.393675    11.824261
v   -47.462779   -72.182382    12.557298
v   -40.357389   -79.287887    12.557298
v   -39.753095   -79.747418    12.935689
v   -34.340836   -84.271157    12.081862
v   -34.207253   -84.391716    11.968794
v   -24.798559   -90.303615    11.968794
v   -24.628324   -90.436392    11.798213
v   -20.674879   -92.702237    10.077074
v   -20.115189   -93.044552     9.590572
v   -12.235384   -95.801855     9.590572
v   -11.905863   -95.964599     9.223938
v   -10.881340   -96.069713     9.315338
v    -3.251529   -96.929419     9.315338
v    -2.789693   -96.836982     9.791351
v    -2.308378   -96.792839     9.758041
v     6.130079   -95.842080     9.758041
v     8.908244   -95.556933     9.510238
v    12.488486   -94.235853    12.121625
v    20.149993   -91.434751    13.051407
v    20.716829   -91.087942    13.544132
v    26.272121   -87.903955    15.962810
v    27.682411   -87.200194    15.399085
v    32.159470   -84.387106    15.399085
v    34.349707   -83.173560    14.323618
v    37.659094   -80.407382    14.845735
v    41.798103   -77.259702    12.254056
v    45.065882   -73.992038    12.254056
v    48.842291   -70.767136     9.256556
v    53.626857   -65.042760     8.353514
v    53.861982   -64.782163     8.133027
v    56.829400   -60.059606     8.133027
v    57.832255   -58.049862     8.936256
v    58.178258   -57.116507     9.680012
v    63.538420   -43.124025    10.873387
v    63.778847   -42.502442    10.797433
v    65.759891   -36.840767    10.797433
v    65.826510   -36.705916    10.647368
v    66.304021   -35.411805     9.703525
v    67.018733   -28.447376    10.324762
v    67.284286   -26.090131    10.324762
v    67.952779   -18.798485    10.829590
v    68.089589   -18.798485     9.440738
v    65.694540     5.518181     9.440738
v    65.093012    11.241864     9.056354
v    63.182159    28.200611     9.056354
v    55.706447    54.321863    14.032709
v    55.409890    55.241502    14.227955
v    52.236968    64.309149    14.227955
v    51.191698    66.584676    12.301427
v    50.249584    68.347078    12.301427
v    49.741184    69.240323    11.952197
v    48.732220    70.742012     9.627570
v    47.363538    72.576795     8.201144
v    47.136827    72.853067     8.201144
v    44.860147    75.433796     6.548929
v    44.219777    76.074166     6.548929
v    42.023086    78.012104     5.142788
v    37.504533    81.720397     5.142788
v    36.830278    82.223380     4.618482
v    33.495189    84.438628     3.827010
v    30.381509    86.395122     3.827010
v    28.243945    87.611780     2.991278
v    23.081219    90.371273     2.991278
v    22.940375    90.436048     2.871987
v    21.597395    90.905952     2.871987
v    19.850438    91.469331     2.501088
v    15.277370    92.856569     2.501088
v    14.307709    93.068527     1.589056
v    10.868082    93.456138     1.589056
v    10.321300    93.513536     1.625823
v     1.947272    94.338318     1.625823
v    -0.512782    94.338318     4.085878
v    -9.481193    93.454985     4.085878
v   -10.838925    93.312297     4.177046
v   -11.064830    93.265848     4.422545
v   -12.761880    92.894834     6.018860
v   -19.771030    90.768681     6.018860
v   -20.409556    90.562716     6.154403
v   -20.412207    90.519148     6.629379
v   -20.508678    90.517189     6.070495
v   -29.262133    85.838314     6.070495
v   -29.812718    85.524929     6.285796
v   -35.593224    81.892822     6.285796
v   -35.768876    81.761774     6.149216
v   -43.235943    75.633767     6.149216
v   -43.413555    75.477017     6.035457
v   -47.460359    71.430214     6.035457
v   -49.023826    69.658016     4.900978
v   -51.967731    66.070974     4.900978
v   -54.214559    63.058836     2.559178
v   -54.699332    62.329026     2.385946
v   -56.889568    58.843296     2.385946
v   -61.541934    50.669816    -0.809451
v   -64.610087    44.929766    -0.809451
v   -67.195196    39.302322    -5.573847
v   -70.210561    30.684755    -5.573847
v   -70.967226    28.338459    -5.075704
v   -73.436385    20.198634    -5.075704
v   -74.367320    16.614244    -3.338429
v   -75.307590    12.313528     0.706876
v   -75.768735    10.070042     3.144570
v   -75.965249     8.199875     3.270201
v   -76.021840     7.624856     3.270201
v   -75.762396    -9.874103     9.850247
v   -75.732659   -10.157175     9.831230
v   -74.504015   -20.071042     8.840708
v   -73.914588   -22.285829     7.925448
v   -71.929625   -28.829223     7.925448
v   -70.076862   -34.575152     6.705448
v   -67.765144   -41.181707     6.705448
v   -65.990641   -45.044329     3.435134
v   -59.731356   -56.754599     3.435134
v   -58.433096   -59.035543     2.543503
v   -56.221997   -62.554468     2.543503
v   -54.671439   -64.633136     4.159527
v   -48.284219   -72.416008     4.159527
v   -46.448514   -74.496751     5.491557
v   -45.223212   -75.722052     5.491557
v   -43.178199   -77.526292     6.800766
v   -32.725388   -86.104672     6.800766
v   -31.677814   -86.886117     5.986242
v   -28.501780   -88.881684     5.986242
v   -26.732118   -89.888919     5.294467
v   -19.171230   -93.930305     5.294467
v   -16.858936   -94.992633     3.336704
v   -11.906670   -95.965751     9.212067
v   -15.391940   -95.608338     1.439913
v   -10.984265   -96.945439     1.439913
v   -10.774842   -96.991197     1.242938
v    -3.291063   -96.991197     8.726718
v    -9.776828   -97.196355     0.158481
v    -4.598543   -97.706369     0.158481
v    -3.291063   -97.706369     1.465961
v     2.965802   -97.090087     1.465961
v     4.412167   -96.792839     3.037496
v     8.608575   -95.875274     6.984717
v    14.008846   -94.237120     6.984717
v    15.353209   -93.672820     8.722914
v    20.077841   -91.502407    12.723039
v    28.659448   -86.915508    12.723039
v    29.299242   -86.551294    12.973147
v    33.962442   -83.621220    12.973147
v    35.737868   -82.296797    11.592824
v    42.122092   -77.057310    11.592824
v    47.361809   -72.434795     8.238487
v    48.530750   -71.265970     8.238487
v    50.512141   -69.019948     6.800766
v    54.303534   -64.400085     6.800766
v    55.923592   -62.228289     5.112245
v    56.043229   -62.018060     5.194424
v    57.214706   -59.826555     5.194424
v    65.610057   -37.806970     9.341040
v    66.291228   -36.122137     7.453239
v    66.483477   -35.242953     8.280211
v    66.621671   -34.016384     8.280211
v    67.284286   -27.711226     8.703666
v    68.089589   -19.535671     8.703666
v    66.724942   -19.535671    -5.151083
v    65.575710   -13.789858   -11.073931
v    65.093012    -8.523862   -10.709372
v    62.098048    18.056921   -10.709372
v    61.466898    24.207633   -10.160632
v    61.625953    29.665879    -3.289906
v    58.124548    42.017441    -0.565220
v    53.772543    54.454639    -0.565220
v    50.422816    65.100622     2.338345
v    49.963170    67.893770     6.342849
v    49.514933    68.792086     6.701875
v    46.971894    72.839236     6.701875
v    46.890522    72.986074     6.773911
v    44.905904    75.360492     6.399325
v    43.043344    76.951044     4.920918
v    41.914398    78.079991     4.920918
v    40.505491    79.151424     4.038737
v    31.159266    85.732853     2.679968
v    30.113190    86.343141     2.368542
v    27.828903    87.778442     2.368542
v    23.999591    89.689410     0.838039
v    23.322568    90.077482     1.132867
v    19.250293    91.358799     0.022131
v    17.760937    91.879993     0.022131
v    14.577066    92.782458    -0.680132
v    12.598211    92.724830    -3.171076
v    10.332826    92.802052    -4.750794
v     7.685248    93.073829    -4.986956
v     4.292069    93.456138    -4.986956
v     1.947272    93.671093    -5.149239
v     1.101744    93.501895    -6.020931
v     0.590231    93.454985    -5.985547
v    -8.566049    92.423316    -5.985547
v    -9.187056    92.359579    -5.930108
v   -11.667857    92.431961    -2.807323
v   -12.483188    92.200869    -2.627406
v   -19.410505    89.776891    -2.627406
v   -20.316544    89.491744    -2.380294
v   -21.874593    89.235411    -0.146605
v   -26.296444    87.028693     1.620752
v   -31.977368    83.459170     1.620752
v   -36.439098    80.987014     3.811565
v   -41.518493    76.741506     3.010295
v   -42.113797    76.288775     3.383153
v   -49.488313    68.914259     3.383153
v   -51.183750    66.684835     1.987155
v   -60.478800    51.897884    -2.736094
v   -62.057366    49.385733    -2.736094
v   -66.969176    39.543210    -6.669945
v   -67.048243    39.062471    -7.359069
v   -68.822861    33.422580    -8.897295
v   -70.761145    27.883423    -8.897295
v   -71.377312    25.709668    -9.376881
v   -72.780110    21.908593    -6.604248
v   -74.698685    13.672874    -3.338429
v   -75.307590    11.195877    -0.410891
v   -75.732659    -8.709887     8.383942
v   -75.029474   -14.950731     8.383942
v   -70.871216   -30.532959     1.909818
v   -70.861996   -30.551746     1.888956
v   -65.671838   -45.383993     1.888956
v   -65.200320   -46.155065     1.218849
v   -59.870471   -55.454380    -2.829798
v   -59.128790   -56.405369    -3.782401
v   -54.125350   -64.368274    -3.782401
v   -53.377790   -65.197090    -4.483512
v   -51.062845   -67.966726    -4.920337
v   -49.522660   -69.281929    -6.142873
v   -39.522119   -79.282470    -6.142873
v   -38.743555   -79.874547    -6.630412
v   -35.132079   -82.893254    -6.060694
v   -33.328646   -83.892421    -6.946217
v   -18.573967   -93.163382    -6.946217
v   -17.989035   -93.455329    -7.180075
v   -16.990906   -94.027352    -6.745554
v   -15.397241   -95.522817     0.507826
v   -16.453691   -94.196434    -6.892046
v   -10.253994   -96.365810    -6.892046
v   -10.353115   -96.514146    -5.476455
v    -9.826043   -97.073836    -1.035701
v   -10.035696   -96.359471    -7.166705
v    -9.949369   -96.368345    -7.174427
v    -4.558433   -96.975752    -7.174427
v    -4.558433   -97.011251    -6.859198
v    -4.598543   -97.073836    -6.263202
v     2.997498   -97.011251     0.696733
v    -4.143276   -96.873634    -7.665078
v     2.862416   -96.084236    -7.665078
v     3.662418   -96.107633    -6.658074
v     3.739640   -96.223121    -5.555867
v    14.010921   -94.204618     6.630070
v    15.276793   -92.043541    -6.658074
v    16.534367   -91.836654    -4.855217
v    17.092559   -91.558077    -4.632194
v    39.067309   -77.750468    -4.632194
v    40.226914   -77.107908    -4.062707
v    41.149204   -76.336951    -4.208277
v    41.312985   -76.212473    -4.105698
v    53.245009   -64.280333    -4.105698
v    53.286502   -64.252556    -4.031587
v    53.415590   -64.370925    -2.686879
v    55.901117   -62.220567     4.812691
v    58.267006   -56.326072    -4.031587
v    58.370277   -56.119070    -4.114342
v    58.699567   -55.544742    -3.864234
v    59.174543   -55.038416    -1.560123
v    59.355958   -53.458698    -4.433144
v    64.368849   -39.132546    -4.433144
v    63.453244   -43.791712     1.094487
v    64.722229   -37.886152    -4.708149
v    66.142892   -36.548359     6.563221
v    64.718195   -37.749572    -4.880113
v    64.940180   -35.586881    -5.073054
v    66.621671   -20.663120    -5.073054
v    62.523463   -13.789858   -21.135905
v    60.543455    -9.220017   -25.965882
v    58.935614    -3.300626   -29.067344
v    57.965147    -0.289065   -30.831129
v    55.736068    16.642827   -30.831129
v    55.452074    19.591458   -30.510713
v    57.179091    25.610547   -22.768987
v    54.694487    34.793912   -20.348696
v    50.230682    45.570597   -20.348696
v    48.334121    51.988476   -18.261615
v    49.613133    65.453309     0.520505
v    47.739278    69.391886     2.378108
v    41.783235    77.153897     2.378108
v    41.616342    77.476042     2.562981
v    40.926411    78.165973     2.562981
v    40.808042    78.329177     2.679968
v    24.240018    89.137327    -0.401440
v    23.688857    89.085000    -1.170322
v    21.355816    89.774355    -1.929062
v    17.311202    91.449737    -1.929062
v     6.236462    91.626772   -10.019556
v     1.830286    92.206863   -10.019556
v     1.101744    92.270831   -10.079375
v    -1.098175    91.317652   -12.404578
v    -1.866365    90.901688   -13.371934
v    -9.128851    89.945512   -13.371934
v    -9.853936    90.153552   -12.439271
v    -9.885862    90.223513   -12.211522
v   -18.926424    86.395699   -12.439271
v   -21.556252    86.645462    -8.770742
v   -24.979283    85.016874    -7.156332
v   -40.212511    73.328042    -7.156332
v   -43.377710    71.688390    -5.339413
v   -46.749912    68.316304    -5.339413
v   -47.945016    66.009081    -6.663837
v   -61.175877    48.766224    -6.663837
v   -65.464375    39.752402   -10.915107
v   -65.433025    39.421728   -11.376252
v   -66.637926    35.344382   -12.702288
v   -69.000242    29.641329   -12.702288
v   -69.898213    26.321915   -13.577092
v   -70.000331    26.160209   -13.425874
v   -70.967802    18.811626   -13.425874
v   -72.030821    16.848447   -10.953603
v   -73.406764    13.672874    -7.597306
v   -72.433415     2.582459    -6.686773
v   -69.323424   -21.040242    -6.686773
v   -68.327600   -31.380908    -5.563359
v   -67.200152   -33.382468    -6.981371
v   -65.505522   -39.646248    -5.330539
v   -60.296693   -52.221525    -5.330539
v   -59.050184   -56.439601    -3.958860
v   -53.735319   -63.590863    -6.498096
v   -49.307474   -69.361110    -6.498557
v   -46.846843   -71.147255    -8.261881
v   -44.181861   -73.406761    -9.321903
v   -39.342893   -78.245729    -9.321903
v   -36.738652   -79.594817   -10.816907
v   -36.214346   -79.913043   -11.010309
v   -30.088298   -84.613702   -11.010309
v   -28.215826   -85.504642   -11.893412
v   -21.669550   -89.507762   -12.233652
v   -18.769674   -91.663076   -11.204057
v   -16.690199   -92.277514   -11.880272
v   -11.496354   -94.428909   -11.880272
v   -10.772768   -94.624616   -12.071023
v   -10.565074   -94.741717   -11.923724
v    -9.515885   -94.842683   -12.037714
v    -4.291382   -95.530539   -12.037714
v    -4.143276   -95.543563   -12.049931
v    -2.947365   -95.025366   -13.313844
v     2.868410   -95.886454    -8.314899
v    -1.406027   -94.190787   -15.255010
v     3.640634   -93.526328   -15.255010
v     5.218393   -92.529812   -16.730651
v     5.715614   -92.249852   -17.082877
v    15.206602   -91.804728    -7.532647
v     8.128874   -90.158506   -20.073577
v    17.051066   -86.462777   -20.073577
v    17.604648   -86.299226   -19.893545
v    22.056235   -82.990762   -21.474185
v    22.655343   -82.624359   -21.443066
v    27.476792   -80.330505   -19.169037
v    34.781692   -74.725306   -19.169037
v    34.961263   -74.616273   -19.102764
v    43.388656   -70.250667   -14.265179
v    45.330628   -68.308695   -14.265179
v    45.509738   -68.156786   -14.193950
v    48.819816   -65.754129   -11.821952
v    53.101629   -64.178676    -4.746645
v    53.769431   -59.303632   -11.821952
v    54.275757   -58.904265   -11.361960
v    55.376465   -57.423092   -10.836040
v    57.756070   -49.370402   -13.454689
v    59.776302   -44.493053   -13.454689
v    61.298046   -38.868491   -14.937130
v    60.501041   -36.090787   -18.509879
v    60.329653   -34.337837   -19.745669
v    61.311761   -24.139284   -20.853639
v    62.221719   -17.227757   -20.853639
v    54.525404     4.819029   -36.008262
v    53.435415     7.614137   -37.359079
v    52.855094     8.838401   -38.035179
v    51.029185    20.367025   -38.035179
v    49.745218    21.762332   -39.330442
v    49.346542    22.290326   -39.660654
v    49.198321    22.883210   -39.481890
v    39.944072    41.045706   -39.481890
v    42.867231    51.349950   -27.062787
v    44.657755    52.761277   -23.249495
v    23.648632    70.568549   -27.062787
v    23.322223    77.075868   -19.701411
v    25.604550    79.971596   -13.534677
v     5.338837    86.238833   -19.701411
v     5.253086    86.404574   -19.516192
v     6.501669    89.098485   -14.456160
v     6.185172    90.903301   -11.385703
v    -2.160733    87.578701   -19.516192
v    -1.866365    88.851719   -17.207125
v    -2.565056    87.306463   -19.925932
v    -9.059120    88.961214   -15.230575
v    -5.178288    84.994168   -23.247882
v    -9.516692    84.307004   -23.247882
v    -9.776828    84.868307   -22.193622
v   -18.415372    85.261450   -14.908315
v   -10.539832    82.331146   -25.457943
v   -19.027620    78.006457   -25.457943
v   -19.994860    77.747588   -25.102489
v   -20.927984    76.910243   -25.298657
v   -24.925342    75.129516   -23.217454
v   -45.893895    54.160963   -23.217454
v   -49.544789    52.433946   -20.926251
v   -60.241370    40.513101   -18.419863
v   -61.047941    37.499004   -19.527718
v   -66.269679    27.251005   -19.527718
v   -66.425392    26.627693   -19.715587
v   -68.666687    26.234665   -15.902641
v   -66.775198    18.811626   -21.269718
v   -65.256451    24.437687   -22.368122
v   -65.382888    22.959511   -22.556568
v   -66.065788    18.647500   -22.556568
v   -64.107104    15.738863   -25.504507
v   -62.223913    10.909808   -27.838354
v   -61.970923     7.814339   -27.549173
v   -59.006732   -10.901161   -27.549173
v   -57.974141   -22.973339   -26.010256
v   -58.461449   -25.208757   -24.538073
v   -63.198990   -34.084155   -13.788244
v   -60.045432   -46.701270    -9.986132
v   -56.009578   -54.622221    -9.986132
v   -53.601735   -63.619216    -6.679166
v   -41.799836   -74.533633   -10.816907
v   -32.705218   -81.476279   -12.837255
v   -17.826753   -90.536204   -13.646131
v   -14.596202   -92.182311   -13.646131
v   -11.045467   -93.069793   -14.716181
v    -9.738909   -92.372255   -16.298666
v    -7.519166   -92.562199   -16.581738
v    -3.231244   -93.241296   -16.581738
v    -1.406027   -93.390439   -16.752204
v     1.339635   -91.541480   -19.535094
v     2.376260   -90.624261   -20.852717
v     8.209208   -89.700473   -20.852717
v     9.275224   -88.719402   -21.842433
v    11.844312   -86.779504   -23.449006
v    13.718398   -86.311098   -22.884244
v    18.220007   -84.017360   -22.884244
v    28.182167   -77.665062   -22.605091
v    37.622327   -71.955094   -19.102764
v    53.380322   -59.385350   -12.349831
v    55.378194   -51.920357   -15.093649
v    57.667667   -47.427046   -15.093649
v    58.573936   -31.048736   -23.729427
v    59.509596   -20.109999   -25.123927
v    59.806845   -18.233147   -25.123927
v    47.488362    14.831787   -43.417931
v    42.954366    18.390591   -47.719799
v    42.034266    23.016793   -47.719799
v    37.049382    26.976808   -51.164267
v    38.201149    39.931858   -42.164276
v    36.745102    27.042390   -51.403311
v    32.201309    29.078412   -54.324395
v    24.798324    40.157762   -54.324395
v    24.638578    40.817381   -54.066564
v    24.246587    41.209371   -54.066564
v    22.719426    44.660639   -52.260020
v    21.270756    66.847694   -32.788891
v    12.674396    51.372540   -52.260020
v     8.151695    61.466094   -45.771027
v     7.260409    65.602222   -42.522035
v     5.911667    67.299849   -41.348945
v     4.563270    80.872448   -26.390145
v    -4.921494    75.199823   -34.889458
v    -4.921494    77.783894   -31.984049
v     0.652931    68.345925   -41.348945
v    -0.534796    69.611106   -40.192106
v    -5.178288    78.920217   -30.649022
v   -10.287188    80.583843   -27.635847
v    -6.845717    74.817053   -34.889458
v   -10.593542    77.500476   -31.034097
v   -11.364845    77.325170   -30.781453
v   -17.735238    73.068598   -30.781453
v   -21.234223    72.221456   -29.413462
v   -36.524158    56.931406   -29.413462
v   -42.246919    54.399085   -26.418037
v   -60.165300    27.582371   -26.418037
v   -60.166337    27.581910   -26.417346
v   -62.837082    24.677999   -25.034602
v   -62.933553    23.315195   -25.230886
v   -63.906210    18.424938   -25.230886
v   -55.906653     3.854901   -34.174516
v   -55.741720     3.648014   -34.335415
v   -55.466716    -0.030081   -33.960713
v   -52.660543   -14.137475   -33.960713
v   -52.569374   -15.424439   -33.775380
v   -54.819315   -41.233804   -19.287175
v   -39.349809   -64.385563   -19.287175
v   -36.813915   -74.859120   -15.192425
v   -32.880525   -78.792625   -15.192425
v   -31.990968   -79.007926   -15.540157
v   -15.100453   -90.293818   -15.540157
v    -9.826274   -91.492495   -17.268326
v    -5.882626   -88.669034   -21.325042
v     0.523382   -89.943205   -21.325042
v     2.376260   -90.081744   -21.513834
v     5.331806   -87.435319   -24.168212
v     6.130656   -86.417480   -25.133954
v    11.996106   -85.250729   -25.133954
v    12.903182   -84.108989   -25.922891
v    14.687828   -83.703399   -25.338075
v    28.385597   -74.550922   -25.338075
v    28.861494   -73.475224   -25.901108
v    31.374913   -72.362990   -24.585559
v    54.163496   -38.257396   -24.585559
v    55.737912   -31.330540   -26.855208
v    49.922023   -23.207542   -35.211026
v    53.940242    -3.006835   -35.211026
v    33.621050    18.390591   -55.379462
v    33.036349    18.243868   -55.835420
v    32.312763    18.243868   -56.364106
v    29.378078    29.196205   -56.364106
v    29.294401    29.245650   -56.401680
v    24.828061    33.614483   -57.551603
v    24.402530    35.494793   -56.934054
v    20.241853    39.655471   -56.934054
v    19.948407    40.844466   -56.472102
v    16.202887    44.673664   -55.486305
v    12.706899    50.593861   -52.822591
v    11.625208    50.883734   -52.822591
v     9.740864    53.256769   -51.457713
v     5.537887    60.522251   -46.972239
v     1.832937    64.489873   -44.320858
v     1.494311    64.992049   -43.964021
v    -6.211686    72.090408   -37.230682
v    -5.671935    71.466059   -37.831173
v    -4.163331    69.217386   -39.769457
v   -34.953545    38.427172   -39.769457
v   -34.977864    38.319522   -39.804726
v   -40.189690    33.221455   -38.463014
v   -48.946027    28.050777   -34.523285
v   -55.500832     3.587619   -34.523285
v   -48.590227    -2.865299   -39.141304
v   -42.430409    -6.428712   -42.944108
v   -39.878034   -15.954278   -42.944108
v   -37.420515   -17.405484   -44.049772
v   -35.923436   -24.020223   -41.877746
v    -2.852508   -57.091151   -41.877746
v    -3.679250   -73.612035   -32.928698
v    -5.808285   -76.785533   -30.193409
v    -5.398890   -86.588983   -23.111071
v     6.719967   -76.398613   -32.928698
v     6.719967   -80.076708   -30.241472
v     6.130656   -82.425655   -28.409916
v    12.446302   -82.144427   -27.609684
v     8.908129   -72.615980   -35.263929
v    12.666097   -71.609091   -35.263929
v    12.873330   -71.917981   -34.997684
v    28.642851   -73.256466   -26.172308
v    11.557321   -49.452811   -47.265454
v    13.547817   -41.387211   -50.399419
v    24.968329   -29.966699   -50.399419
v    26.405820   -23.615093   -52.485117
v    47.828372   -22.720695   -37.008696
v    21.472456   -17.009344   -57.382636
v    21.803245   -11.037165   -58.310112
v    29.160472    16.420381   -58.310112
v    26.445468    16.420381   -59.761318
v    26.145914    20.362300   -59.356880
v    22.951555    28.074059   -59.356880
v    22.649004    33.540027   -58.508009
v    22.113172    34.075859   -58.508009
v    20.211540    38.768334   -57.323509
v    15.318862    40.795021   -57.323509
v    14.003199    43.894062   -56.218075
v    13.729117    44.212749   -56.086912
v     5.664670    54.701405   -50.101709
v     6.130195    41.065184   -56.086912
v     4.471756    36.972854   -57.119964
v     5.176785    35.227626   -57.737974
v     4.865475    29.604216   -58.611395
v    -9.621692    -5.370880   -58.611395
v   -11.166487    -6.026694   -58.060349
v   -26.279156    -6.026694   -51.519606
v   -27.553788    -6.428712   -50.895833
v   -30.481557   -14.689212   -48.147865
v    -7.897671   -13.918255   -58.060349
v    -3.667724   -15.632479   -59.128094
v    -1.590785   -20.757515   -57.834330
v    -2.828995   -57.031102   -41.913245
v    10.144265   -25.618267   -57.834330
v    10.144265   -48.951902   -47.735589
v     8.908129   -52.871115   -45.817821
v    10.638374   -24.454397   -58.249487
v    12.937298   -23.502140   -58.249487
v    15.649075   -16.810640   -59.938700
v    14.750989    -6.424217   -62.189331
v    17.670344     0.623774   -62.189331
v    14.353697   -13.603718   -61.074216
v    18.202488     7.624164   -62.907500
v    20.012836    10.889868   -62.407514
v    19.414996    15.400007   -62.022208
v    15.410838    32.205576   -59.917492
v    15.410838    19.404165   -62.022208
v    15.318862    32.397595   -59.870813
v    14.381935    15.301116   -62.527727
v    10.062086    10.981267   -62.527727
v     8.683723     0.585048   -63.415901
v     4.482936    -3.254408   -62.623967
v     0.064081    -5.370880   -61.549537
v    -2.463168   -14.427923   -59.644793
v     9.879980    -8.651567   -62.623967
v     9.879980   -10.983686   -62.240506
v    10.638374   -12.566977   -61.855546
v    10.470789    -6.295475   -62.914185
v    13.789166    -2.977214   -62.914185
v    14.779919     4.496078   -63.552711
v    14.381935     4.496078   -63.591899
v    10.470789     0.585048   -63.591899
f      1      2      3
f      1      3      4
f      1      4      5
f      1      5      6
f      7      6      5
f      7      5      8
f      7      8      9
f      7      9     10
f     11     12     13
f     11     13     14
f     11     14      1
f     11      1      6
f     11      6      7
f     14      2      1
f     15     16     17
f     15     17     18
f      5      4     15
f      5     15     18
f      5     18     19
f      5     19      8
f      8     19     20
f      8     20     21
f      8     21     22
f      8     22     23
f      8     23     24
f      8     24      9
f     24     23     25
f     24     25     26
f     24     26     27
f     10      9     24
f     10     24     27
f     10     27     28
f     10     28     29
f     10     29     30
f     30     29     31
f     30     31     32
f     30     32     33
f     11      7     10
f     11     10     30
f     11     30     33
f     11     33     34
f     11     34     35
f     11     35     36
f     11     36     37
f     37     38     39
f     37     39     40
f     37     40     12
f     37     12     11
f     36     41     42
f     36     42     43
f     36     43     44
f     36     44     38
f     36     38     37
f     39     45     46
f     39     46     47
f     39     47     40
f     40     47     48
f     40     48     13
f     40     13     12
f     13     48     49
f     13     49      3
f     13      3      2
f     13      2     14
f     50     51     52
f     50     52     53
f     50     53     17
f     50     17     16
f     18     17     53
f     18     53     20
f     18     20     19
f     21     54     55
f     21     55     56
f     21     56     57
f     21     57     22
f     22     57     58
f     22     58     59
f     22     59     60
f     22     60     61
f     22     61     25
f     22     25     23
f     60     62     63
f     60     63     64
f     60     64     65
f     60     65     66
f     60     66     61
f     66     65     67
f     66     67     68
f     25     61     66
f     25     66     68
f     25     68     69
f     25     69     70
f     25     70     26
f     27     26     70
f     27     70     71
f     27     71     28
f     31     72     32
f     33     32     72
f     33     72     73
f     33     73     74
f     33     74     34
f     34     74     75
f     34     75     76
f     34     76     77
f     34     77     78
f     34     78     79
f     34     79     35
f     35     79     80
f     35     80     81
f     35     81     82
f     35     82     83
f     35     83     84
f     35     84     85
f     35     85     41
f     35     41     36
f     84     86     87
f     84     87     88
f     84     88     85
f     85     88     89
f     85     89     90
f     85     90     42
f     85     42     41
f     89     91     92
f     89     92     93
f     89     93     90
f     43     94     95
f     43     95     44
f     38     44     95
f     38     95     96
f     38     96     45
f     38     45     39
f     96     97     98
f     96     98     99
f     96     99     46
f     96     46     45
f     46     99    100
f     46    100     49
f     46     49     48
f     46     48     47
f     49    100    101
f     49    101     50
f     49     50     16
f     49     16     15
f     49     15      4
f     49      4      3
f     52     51    102
f     52    102    103
f     52    103    104
f     20     53     52
f     20     52    104
f     20    104     54
f     20     54     21
f     55    105    106
f     55    106    107
f     55    107     56
f     56    107    108
f     56    108    109
f     56    109     58
f     56     58     57
f     58    109    110
f     58    110    111
f     58    111    112
f     58    112     59
f     59    112    113
f     59    113    114
f     59    114     62
f     59     62     60
f    114    115    116
f    114    116     63
f    114     63     62
f     63    116    117
f     63    117    118
f     63    118    119
f     63    119     64
f     64    119    120
f     64    120    121
f     64    121     67
f     64     67     65
f     68     67    121
f     68    121    122
f     68    122    123
f     68    123     69
f     70     69    123
f     70    123    124
f     70    124    125
f     70    125     71
f     28     71    125
f     28    125    126
f     28    126    127
f     28    127     73
f     28     73     72
f     28     72     31
f     28     31     29
f     73    127    128
f     73    128     75
f     73     75     74
f     75    128    129
f     75    129     76
f     77    130    131
f     77    131    132
f     77    132    133
f     77    133     78
f     78    133    134
f     78    134    135
f     78    135    136
f     78    136     80
f     78     80     79
f     82    137    138
f     82    138     83
f     83    138    139
f     83    139    140
f     83    140     86
f     83     86     84
f    140    141    142
f    140    142     87
f    140     87     86
f     87    142    143
f     87    143    144
f     87    144     91
f     87     91     89
f     87     89     88
f    144    145    146
f    144    146     92
f    144     92     91
f     93     92    146
f     93    146    147
f     93    147    148
f     93    148    149
f     93    149    150
f     93    150    151
f     42     90     93
f     42     93    151
f     42    151    152
f     42    152    153
f     42    153     94
f     42     94     43
f    152    154    155
f    152    155    156
f    152    156    153
f     95     94    153
f     95    153    156
f     95    156    157
f     95    157     97
f     95     97     96
f    157    158    159
f    157    159    160
f    157    160     98
f    157     98     97
f     98    160    161
f     98    161    101
f     98    101    100
f     98    100     99
f    101    161    162
f    101    162    163
f    101    163    102
f    101    102     51
f    101     51     50
f    163    164    165
f    163    165    166
f    163    166    103
f    163    103    102
f    104    103    166
f    104    166    167
f    104    167    105
f    104    105     55
f    104     55     54
f    167    168    169
f    167    169    170
f    167    170    106
f    167    106    105
f    106    170    171
f    106    171    172
f    106    172    173
f    106    173    108
f    106    108    107
f    108    173    174
f    108    174    175
f    108    175    110
f    108    110    109
f    110    175    176
f    110    176    177
f    110    177    111
f    111    177    178
f    111    178    113
f    111    113    112
f    113    178    179
f    113    179    180
f    113    180    181
f    113    181    115
f    113    115    114
f    181    182    183
f    181    183    117
f    181    117    116
f    181    116    115
f    117    183    184
f    117    184    185
f    117    185    118
f    118    185    186
f    118    186    187
f    118    187    120
f    118    120    119
f    187    186    188
f    187    188    189
f    187    189    190
f    121    120    187
f    121    187    190
f    121    190    191
f    121    191    192
f    121    192    122
f    123    122    192
f    123    192    193
f    123    193    194
f    123    194    124
f    125    124    194
f    125    194    195
f    125    195    196
f    125    196    197
f    125    197    126
f    126    197    198
f    126    198    199
f    126    199    129
f    126    129    128
f    126    128    127
f     76    129    199
f     76    199    200
f     76    200    130
f     76    130     77
f    200    201    202
f    200    202    203
f    200    203    131
f    200    131    130
f    131    203    204
f    131    204    205
f    131    205    206
f    131    206    132
f    132    206    207
f    132    207    208
f    132    208    134
f    132    134    133
f     80    136    209
f     80    209    210
f     80    210     81
f     81    210    211
f     81    211    212
f     81    212    137
f     81    137     82
f    212    213    214
f    212    214    139
f    212    139    138
f    212    138    137
f    139    214    215
f    139    215    216
f    139    216    141
f    139    141    140
f    216    217    143
f    216    143    142
f    216    142    141
f    143    217    218
f    143    218    219
f    143    219    145
f    143    145    144
f    146    145    219
f    146    219    220
f    146    220    221
f    146    221    147
f    147    221    222
f    147    222    223
f    147    223    224
f    147    224    225
f    147    225    148
f    148    225    226
f    148    226    227
f    148    227    228
f    148    228    149
f    149    228    229
f    149    229    230
f    149    230    150
f    151    150    230
f    151    230    231
f    151    231    232
f    151    232    154
f    151    154    152
f    232    233    234
f    232    234    155
f    232    155    154
f    156    155    234
f    156    234    235
f    156    235    236
f    156    236    158
f    156    158    157
f    236    237    238
f    236    238    239
f    236    239    159
f    236    159    158
f    159    239    240
f    159    240    162
f    159    162    161
f    159    161    160
f    162    240    241
f    162    241    242
f    162    242    164
f    162    164    163
f    242    243    244
f    242    244    245
f    242    245    165
f    242    165    164
f    166    165    245
f    166    245    246
f    166    246    247
f    166    247    248
f    166    248    168
f    166    168    167
f    248    249    250
f    248    250    169
f    248    169    168
f    169    250    251
f    169    251    252
f    169    252    253
f    169    253    171
f    169    171    170
f    171    253    254
f    171    254    255
f    171    255    172
f    172    255    256
f    172    256    257
f    172    257    174
f    172    174    173
f    174    257    258
f    174    258    176
f    174    176    175
f    176    258    259
f    176    259    260
f    176    260    179
f    176    179    178
f    176    178    177
f    179    260    261
f    179    261    262
f    179    262    180
f    180    262    263
f    180    263    264
f    180    264    265
f    180    265    182
f    180    182    181
f    265    266    267
f    265    267    268
f    265    268    269
f    265    269    270
f    265    270    184
f    265    184    183
f    265    183    182
f    269    271    272
f    269    272    273
f    269    273    270
f    184    270    273
f    184    273    274
f    184    274    188
f    184    188    186
f    184    186    185
f    188    274    275
f    188    275    189
f    190    189    275
f    190    275    276
f    190    276    277
f    190    277    191
f    192    191    277
f    192    277    278
f    192    278    279
f    192    279    193
f    194    193    279
f    194    279    280
f    194    280    281
f    194    281    195
f    195    281    282
f    195    282    283
f    195    283    284
f    195    284    196
f    196    284    285
f    196    285    286
f    196    286    198
f    196    198    197
f    199    198    286
f    199    286    287
f    199    287    288
f    199    288    201
f    199    201    200
f    288    289    290
f    288    290    202
f    288    202    201
f    202    290    291
f    202    291    292
f    202    292    204
f    202    204    203
f    204    292    293
f    204    293    294
f    204    294    295
f    204    295    205
f    205    295    296
f    205    296    297
f    205    297    207
f    205    207    206
f    134    208    298
f    134    298    299
f    134    299    300
f    134    300    135
f    135    300    301
f    135    301    209
f    135    209    136
f    209    301    302
f    209    302    303
f    209    303    304
f    209    304    211
f    209    211    210
f    211    304    305
f    211    305    213
f    211    213    212
f    305    306    307
f    305    307    308
f    305    308    215
f    305    215    214
f    305    214    213
f    215    308    309
f    215    309    218
f    215    218    217
f    215    217    216
f    309    310    311
f    309    311    220
f    309    220    219
f    309    219    218
f    220    311    312
f    220    312    313
f    220    313    222
f    220    222    221
f    222    313    314
f    222    314    315
f    222    315    316
f    222    316    223
f    223    316    317
f    223    317    318
f    223    318    319
f    223    319    224
f    224    319    320
f    224    320    321
f    224    321    322
f    224    322    226
f    224    226    225
f    226    322    323
f    226    323    324
f    226    324    325
f    226    325    227
f    227    325    326
f    227    326    229
f    227    229    228
f    230    229    326
f    230    326    327
f    230    327    328
f    230    328    231
f    231    328    329
f    231    329    330
f    231    330    233
f    231    233    232
f    234    233    330
f    234    330    331
f    234    331    332
f    234    332    235
f    235    332    333
f    235    333    334
f    235    334    335
f    235    335    237
f    235    237    236
f    335    336    337
f    335    337    238
f    335    238    237
f    238    337    338
f    238    338    339
f    238    339    241
f    238    241    240
f    238    240    239
f    241    339    340
f    241    340    341
f    241    341    342
f    241    342    243
f    241    243    242
f    342    343    344
f    342    344    244
f    342    244    243
f    245    244    344
f    245    344    345
f    245    345    346
f    245    346    246
f    247    347    348
f    247    348    249
f    247    249    248
f    348    349    251
f    348    251    250
f    348    250    249
f    251    349    350
f    251    350    351
f    251    351    352
f    251    352    252
f    252    352    353
f    252    353    254
f    252    254    253
f    254    353    354
f    254    354    355
f    254    355    356
f    254    356    256
f    254    256    255
f    256    356    357
f    256    357    358
f    256    358    259
f    256    259    258
f    256    258    257
f    259    358    359
f    259    359    360
f    259    360    261
f    259    261    260
f    261    360    361
f    261    361    263
f    261    263    262
f    263    361    362
f    263    362    363
f    263    363    364
f    263    364    264
f    264    364    365
f    264    365    366
f    264    366    367
f    264    367    266
f    264    266    265
f    367    368    369
f    367    369    370
f    367    370    371
f    367    371    267
f    367    267    266
f    267    371    372
f    267    372    373
f    267    373    268
f    268    373    374
f    268    374    375
f    268    375    271
f    268    271    269
f    376    272    271
f    376    271    375
f    376    375    377
f    275    274    273
f    275    273    272
f    275    272    376
f    275    376    276
f    277    276    376
f    277    376    377
f    277    377    378
f    277    378    379
f    277    379    380
f    277    380    278
f    279    278    380
f    279    380    381
f    279    381    382
f    279    382    280
f    280    382    383
f    280    383    384
f    280    384    282
f    280    282    281
f    282    384    385
f    282    385    386
f    282    386    283
f    283    386    387
f    283    387    388
f    283    388    285
f    283    285    284
f    286    285    388
f    286    388    389
f    286    389    390
f    286    390    391
f    286    391    287
f    287    391    392
f    287    392    393
f    287    393    289
f    287    289    288
f    393    394    395
f    393    395    291
f    393    291    290
f    393    290    289
f    291    395    396
f    291    396    397
f    291    397    398
f    291    398    399
f    291    399    400
f    291    400    293
f    291    293    292
f    293    400    401
f    293    401    402
f    293    402    294
f    294    402    403
f    294    403    404
f    294    404    296
f    294    296    295
f    207    297    405
f    207    405    406
f    207    406    298
f    207    298    208
f    298    406    407
f    298    407    408
f    298    408    299
f    299    408    409
f    299    409    410
f    299    410    302
f    299    302    301
f    299    301    300
f    302    410    411
f    302    411    412
f    302    412    413
f    302    413    303
f    303    413    414
f    303    414    415
f    303    415    306
f    303    306    305
f    303    305    304
f    415    416    307
f    415    307    306
f    307    416    417
f    307    417    418
f    307    418    310
f    307    310    309
f    307    309    308
f    418    419    420
f    418    420    312
f    418    312    311
f    418    311    310
f    312    420    421
f    312    421    422
f    312    422    314
f    312    314    313
f    314    422    423
f    314    423    424
f    314    424    315
f    315    424    425
f    315    425    426
f    315    426    317
f    315    317    316
f    317    426    427
f    317    427    428
f    317    428    318
f    318    428    429
f    318    429    430
f    318    430    320
f    318    320    319
f    321    431    432
f    321    432    323
f    321    323    322
f    323    432    433
f    323    433    324
f    326    325    324
f    326    324    433
f    326    433    434
f    326    434    435
f    326    435    327
f    327    435    436
f    327    436    437
f    327    437    329
f    327    329    328
f    329    437    438
f    329    438    439
f    329    439    331
f    329    331    330
f    331    439    440
f    331    440    441
f    331    441    333
f    331    333    332
f    333    441    442
f    333    442    443
f    333    443    444
f    333    444    445
f    333    445    334
f    334    445    446
f    334    446    336
f    334    336    335
f    446    447    448
f    446    448    338
f    446    338    337
f    446    337    336
f    338    448    449
f    338    449    450
f    338    450    451
f    338    451    340
f    338    340    339
f    340    451    452
f    340    452    453
f    340    453    341
f    341    453    454
f    341    454    455
f    341    455    343
f    341    343    342
f    344    343    455
f    344    455    456
f    344    456    457
f    344    457    345
f    246    346    458
f    246    458    459
f    246    459    347
f    246    347    247
f    459    460    350
f    459    350    349
f    459    349    348
f    459    348    347
f    461    462    351
f    461    351    350
f    461    350    460
f    351    462    463
f    351    463    354
f    351    354    353
f    351    353    352
f    354    463    464
f    354    464    465
f    354    465    466
f    354    466    355
f    355    466    467
f    355    467    468
f    355    468    357
f    355    357    356
f    357    468    469
f    357    469    470
f    357    470    359
f    357    359    358
f    359    470    471
f    359    471    472
f    359    472    473
f    359    473    362
f    359    362    361
f    359    361    360
f    362    473    474
f    362    474    475
f    362    475    363
f    363    475    476
f    363    476    477
f    363    477    365
f    363    365    364
f    365    477    478
f    365    478    479
f    365    479    366
f    366    479    480
f    366    480    481
f    366    481    482
f    366    482    368
f    366    368    367
f    482    483    484
f    482    484    369
f    482    369    368
f    369    484    485
f    369    485    486
f    369    486    487
f    369    487    370
f    370    487    488
f    370    488    372
f    370    372    371
f    374    373    372
f    374    372    488
f    374    488    489
f    374    489    490
f    374    490    491
f    377    375    374
f    377    374    491
f    377    491    378
f    378    491    490
f    378    490    492
f    378    492    493
f    378    493    494
f    378    494    379
f    380    379    494
f    380    494    495
f    380    495    381
f    381    495    496
f    381    496    497
f    381    497    383
f    381    383    382
f    383    497    498
f    383    498    499
f    383    499    385
f    383    385    384
f    385    499    500
f    385    500    501
f    385    501    387
f    385    387    386
f    388    387    501
f    388    501    502
f    388    502    503
f    388    503    504
f    388    504    389
f    389    504    505
f    389    505    506
f    389    506    390
f    390    506    507
f    390    507    508
f    390    508    509
f    390    509    392
f    390    392    391
f    392    509    510
f    392    510    511
f    392    511    512
f    392    512    513
f    392    513    394
f    392    394    393
f    513    514    396
f    513    396    395
f    513    395    394
f    396    514    515
f    396    515    397
f    399    516    401
f    399    401    400
f    401    516    517
f    401    517    403
f    401    403    402
f    296    404    518
f    296    518    519
f    296    519    520
f    296    520    405
f    296    405    297
f    405    520    521
f    405    521    522
f    405    522    407
f    405    407    406
f    407    522    523
f    407    523    524
f    407    524    409
f    407    409    408
f    409    524    525
f    409    525    526
f    409    526    527
f    409    527    411
f    409    411    410
f    411    527    528
f    411    528    529
f    411    529    412
f    412    529    530
f    412    530    531
f    412    531    414
f    412    414    413
f    414    531    532
f    414    532    417
f    414    417    416
f    414    416    415
f    532    533    534
f    532    534    419
f    532    419    418
f    532    418    417
f    534    535    536
f    534    536    421
f    534    421    420
f    534    420    419
f    421    536    537
f    421    537    538
f    421    538    423
f    421    423    422
f    537    539    540
f    537    540    538
f    423    538    540
f    423    540    541
f    423    541    542
f    423    542    425
f    423    425    424
f    541    543    544
f    541    544    545
f    541    545    542
f    425    542    545
f    425    545    546
f    425    546    547
f    425    547    427
f    425    427    426
f    427    547    548
f    427    548    429
f    427    429    428
f    429    548    549
f    429    549    550
f    429    550    430
f    320    430    550
f    320    550    551
f    320    551    431
f    320    431    321
f    433    432    431
f    433    431    551
f    433    551    552
f    433    552    553
f    433    553    434
f    434    553    554
f    434    554    436
f    434    436    435
f    436    554    555
f    436    555    556
f    436    556    438
f    436    438    437
f    438    556    557
f    438    557    558
f    438    558    440
f    438    440    439
f    440    558    559
f    440    559    560
f    440    560    442
f    440    442    441
f    442    560    561
f    442    561    562
f    442    562    443
f    443    562    563
f    443    563    444
f    564    449    448
f    564    448    447
f    565    566    450
f    565    450    449
f    565    449    564
f    450    566    567
f    450    567    568
f    450    568    452
f    450    452    451
f    452    568    569
f    452    569    454
f    452    454    453
f    454    569    570
f    454    570    571
f    454    571    572
f    454    572    456
f    454    456    455
f    456    572    573
f    456    573    574
f    456    574    575
f    456    575    457
f    345    457    575
f    345    575    576
f    345    576    458
f    345    458    346
f    458    576    577
f    458    577    578
f    458    578    579
f    458    579    461
f    458    461    460
f    458    460    459
f    579    580    464
f    579    464    463
f    579    463    462
f    579    462    461
f    581    582    465
f    581    465    464
f    581    464    580
f    465    582    583
f    465    583    467
f    465    467    466
f    467    583    584
f    467    584    585
f    467    585    469
f    467    469    468
f    469    585    586
f    469    586    471
f    469    471    470
f    472    587    588
f    472    588    589
f    472    589    474
f    472    474    473
f    474    589    590
f    474    590    591
f    474    591    476
f    474    476    475
f    476    591    592
f    476    592    593
f    476    593    478
f    476    478    477
f    478    593    594
f    478    594    480
f    478    480    479
f    480    594    595
f    480    595    596
f    480    596    597
f    480    597    598
f    480    598    481
f    481    598    599
f    481    599    483
f    481    483    482
f    599    600    601
f    599    601    485
f    599    485    484
f    599    484    483
f    485    601    602
f    485    602    603
f    485    603    604
f    485    604    486
f    488    487    486
f    488    486    604
f    488    604    605
f    488    605    489
f    490    489    605
f    490    605    606
f    490    606    607
f    490    607    608
f    490    608    492
f    492    608    609
f    492    609    493
f    494    493    609
f    494    609    610
f    494    610    611
f    494    611    496
f    494    496    495
f    496    611    612
f    496    612    613
f    496    613    498
f    496    498    497
f    498    613    614
f    498    614    500
f    498    500    499
f    501    500    614
f    501    614    615
f    501    615    502
f    503    616    617
f    503    617    505
f    503    505    504
f    505    617    618
f    505    618    507
f    505    507    506
f    507    618    619
f    507    619    620
f    507    620    621
f    507    621    508
f    508    621    622
f    508    622    623
f    508    623    510
f    508    510    509
f    511    624    625
f    511    625    512
f    512    625    515
f    512    515    514
f    512    514    513
f    398    626    517
f    398    517    516
f    398    516    399
f    403    517    626
f    403    626    627
f    403    627    518
f    403    518    404
f    519    628    521
f    519    521    520
f    521    628    629
f    521    629    630
f    521    630    523
f    521    523    522
f    523    630    631
f    523    631    632
f    523    632    525
f    523    525    524
f    525    632    633
f    525    633    634
f    525    634    526
f    526    634    635
f    526    635    636
f    526    636    528
f    526    528    527
f    528    636    637
f    528    637    638
f    528    638    530
f    528    530    529
f    530    638    639
f    530    639    640
f    530    640    533
f    530    533    532
f    530    532    531
f    640    641    642
f    640    642    535
f    640    535    534
f    640    534    533
f    642    643    644
f    642    644    645
f    642    645    539
f    642    539    537
f    642    537    536
f    642    536    535
f    644    646    647
f    644    647    648
f    644    648    645
f    540    539    645
f    540    645    648
f    540    648    649
f    540    649    543
f    540    543    541
f    648    647    650
f    648    650    651
f    648    651    652
f    648    652    653
f    648    653    654
f    648    654    649
f    649    654    544
f    649    544    543
f    545    544    654
f    545    654    653
f    545    653    655
f    545    655    546
f    653    652    656
f    653    656    657
f    653    657    658
f    653    658    659
f    653    659    655
f    546    655    659
f    546    659    660
f    546    660    549
f    546    549    548
f    546    548    547
f    660    659    658
f    660    658    661
f    660    661    662
f    550    549    660
f    550    660    662
f    550    662    663
f    550    663    552
f    550    552    551
f    552    663    664
f    552    664    665
f    552    665    555
f    552    555    554
f    552    554    553
f    555    665    666
f    555    666    667
f    555    667    557
f    555    557    556
f    557    667    668
f    557    668    669
f    557    669    670
f    557    670    559
f    557    559    558
f    559    670    671
f    559    671    561
f    559    561    560
f    669    672    671
f    669    671    670
f    561    671    672
f    561    672    673
f    561    673    674
f    561    674    675
f    561    675    563
f    561    563    562
f    675    674    676
f    675    676    677
f    675    677    678
f    678    677    679
f    678    679    680
f    680    679    681
f    680    681    682
f    680    682    683
f    680    683    567
f    680    567    566
f    680    566    565
f    683    570    569
f    683    569    568
f    683    568    567
f    571    684    685
f    571    685    686
f    571    686    573
f    571    573    572
f    573    686    687
f    573    687    688
f    573    688    689
f    573    689    690
f    573    690    574
f    575    574    690
f    575    690    691
f    575    691    577
f    575    577    576
f    577    691    692
f    577    692    693
f    577    693    694
f    577    694    578
f    578    694    695
f    578    695    581
f    578    581    580
f    578    580    579
f    695    696    697
f    695    697    584
f    695    584    583
f    695    583    582
f    695    582    581
f    697    698    699
f    697    699    586
f    697    586    585
f    697    585    584
f    471    586    699
f    471    699    587
f    471    587    472
f    588    700    590
f    588    590    589
f    590    700    701
f    590    701    702
f    590    702    703
f    590    703    592
f    590    592    591
f    592    703    595
f    592    595    594
f    592    594    593
f    596    704    705
f    596    705    597
f    597    705    706
f    597    706    600
f    597    600    599
f    597    599    598
f    706    707    602
f    706    602    601
f    706    601    600
f    603    602    707
f    603    707    708
f    603    708    709
f    603    709    710
f    603    710    711
f    605    604    603
f    605    603    711
f    605    711    606
f    606    711    710
f    606    710    712
f    606    712    713
f    606    713    607
f    609    608    607
f    609    607    713
f    609    713    714
f    609    714    610
f    610    714    715
f    610    715    716
f    610    716    612
f    610    612    611
f    614    613    612
f    614    612    716
f    614    716    717
f    614    717    615
f    502    615    717
f    502    717    718
f    502    718    719
f    502    719    616
f    502    616    503
f    719    720    619
f    719    619    618
f    719    618    617
f    719    617    616
f    619    720    721
f    619    721    722
f    619    722    723
f    619    723    620
f    620    723    724
f    620    724    725
f    620    725    622
f    620    622    621
f    622    725    726
f    622    726    727
f    622    727    623
f    510    623    727
f    510    727    728
f    510    728    624
f    510    624    511
f    397    515    625
f    397    625    624
f    397    624    728
f    397    728    729
f    397    729    627
f    397    627    626
f    397    626    398
f    518    627    729
f    518    729    730
f    518    730    731
f    518    731    629
f    518    629    628
f    518    628    519
f    731    732    733
f    731    733    631
f    731    631    630
f    731    630    629
f    631    733    734
f    631    734    735
f    631    735    633
f    631    633    632
f    633    735    736
f    633    736    635
f    633    635    634
f    635    736    737
f    635    737    637
f    635    637    636
f    637    737    738
f    637    738    739
f    637    739    740
f    637    740    639
f    637    639    638
f    639    740    741
f    639    741    742
f    639    742    743
f    639    743    641
f    639    641    640
f    743    744    745
f    743    745    746
f    743    746    643
f    743    643    642
f    743    642    641
f    746    747    748
f    746    748    646
f    746    646    644
f    746    644    643
f    748    749    750
f    748    750    650
f    748    650    647
f    748    647    646
f    650    750    751
f    650    751    752
f    650    752    651
f    651    752    753
f    651    753    656
f    651    656    652
f    656    753    754
f    656    754    755
f    656    755    657
f    755    754    756
f    755    756    757
f    658    657    755
f    658    755    757
f    658    757    758
f    658    758    759
f    658    759    760
f    658    760    661
f    760    759    761
f    760    761    762
f    760    762    763
f    662    661    760
f    662    760    763
f    662    763    764
f    662    764    765
f    662    765    766
f    662    766    664
f    662    664    663
f    664    766    767
f    664    767    768
f    664    768    769
f    664    769    666
f    664    666    665
f    666    769    770
f    666    770    771
f    666    771    772
f    666    772    773
f    666    773    668
f    666    668    667
f    772    774    775
f    772    775    773
f    668    773    775
f    668    775    776
f    668    776    673
f    668    673    672
f    668    672    669
f    673    776    777
f    673    777    778
f    673    778    676
f    673    676    674
f    676    778    779
f    676    779    681
f    676    681    679
f    676    679    677
f    681    779    780
f    681    780    781
f    681    781    782
f    681    782    783
f    681    783    682
f    682    783    684
f    682    684    571
f    682    571    570
f    682    570    683
f    687    784    785
f    687    785    688
f    688    785    786
f    688    786    787
f    688    787    689
f    690    689    787
f    690    787    788
f    690    788    789
f    690    789    790
f    690    790    692
f    690    692    691
f    692    790    791
f    692    791    792
f    692    792    793
f    692    793    693
f    693    793    696
f    693    696    695
f    693    695    694
f    792    794    795
f    792    795    796
f    792    796    698
f    792    698    697
f    792    697    696
f    792    696    793
f    699    698    796
f    699    796    701
f    699    701    700
f    699    700    588
f    699    588    587
f    795    797    798
f    795    798    799
f    795    799    702
f    795    702    701
f    795    701    796
f    595    703    702
f    595    702    799
f    595    799    800
f    595    800    704
f    595    704    596
f    799    798    801
f    799    801    802
f    799    802    800
f    800    802    708
f    800    708    707
f    800    707    706
f    800    706    705
f    800    705    704
f    709    708    802
f    709    802    801
f    709    801    803
f    709    803    804
f    804    803    805
f    804    805    806
f    804    806    807
f    712    710    709
f    712    709    804
f    712    804    807
f    712    807    808
f    808    807    806
f    808    806    809
f    808    809    810
f    808    810    811
f    715    714    713
f    715    713    712
f    715    712    808
f    715    808    811
f    715    811    812
f    715    812    813
f    717    716    715
f    717    715    813
f    717    813    814
f    717    814    815
f    717    815    718
f    718    815    816
f    718    816    721
f    718    721    720
f    718    720    719
f    816    817    818
f    816    818    722
f    816    722    721
f    722    818    819
f    722    819    820
f    722    820    724
f    722    724    723
f    821    820    819
f    821    819    822
f    821    822    823
f    821    823    824
f    724    820    821
f    724    821    726
f    724    726    725
f    727    726    821
f    727    821    824
f    727    824    825
f    727    825    826
f    727    826    827
f    727    827    730
f    727    730    729
f    727    729    728
f    730    827    828
f    730    828    829
f    730    829    830
f    730    830    831
f    730    831    732
f    730    732    731
f    831    832    734
f    831    734    733
f    831    733    732
f    734    832    833
f    734    833    834
f    734    834    736
f    734    736    735
f    736    834    738
f    736    738    737
f    739    835    741
f    739    741    740
f    742    836    744
f    742    744    743
f    745    837    838
f    745    838    747
f    745    747    746
f    838    839    749
f    838    749    748
f    838    748    747
f    840    841    842
f    840    842    751
f    840    751    750
f    840    750    749
f    840    749    839
f    751    842    843
f    751    843    756
f    751    756    754
f    751    754    753
f    751    753    752
f    757    756    843
f    757    843    844
f    757    844    758
f    758    844    845
f    758    845    846
f    758    846    761
f    758    761    759
f    761    846    847
f    761    847    848
f    761    848    849
f    761    849    762
f    763    762    849
f    763    849    850
f    763    850    764
f    765    851    767
f    765    767    766
f    768    852    770
f    768    770    769
f    771    853    774
f    771    774    772
f    775    774    853
f    775    853    854
f    775    854    855
f    775    855    777
f    775    777    776
f    777    855    780
f    777    780    779
f    777    779    778
f    781    856    857
f    781    857    858
f    781    858    782
f    782    858    685
f    782    685    684
f    782    684    783
f    787    786    859
f    787    859    788
f    788    859    860
f    788    860    861
f    788    861    789
f    789    861    862
f    789    862    863
f    789    863    791
f    789    791    790
f    862    864    865
f    862    865    866
f    862    866    867
f    862    867    863
f    791    863    867
f    791    867    868
f    791    868    869
f    791    869    870
f    791    870    794
f    791    794    792
f    869    871    872
f    869    872    873
f    869    873    870
f    870    873    874
f    870    874    875
f    870    875    797
f    870    797    795
f    870    795    794
f    876    877    875
f    876    875    874
f    876    874    878
f    876    878    879
f    801    798    797
f    801    797    875
f    801    875    877
f    801    877    880
f    801    880    805
f    801    805    803
f    806    805    880
f    806    880    881
f    806    881    809
f    880    877    876
f    880    876    882
f    880    882    883
f    880    883    881
f    809    881    883
f    809    883    884
f    809    884    810
f    811    810    884
f    811    884    885
f    811    885    886
f    811    886    812
f    813    812    886
f    813    886    887
f    813    887    888
f    813    888    814
f    814    888    889
f    814    889    890
f    814    890    817
f    814    817    816
f    814    816    815
f    890    891    822
f    890    822    819
f    890    819    818
f    890    818    817
f    822    891    892
f    822    892    893
f    822    893    823
f    824    823    893
f    824    893    825
f    826    894    895
f    826    895    896
f    826    896    828
f    826    828    827
f    828    896    897
f    828    897    898
f    828    898    829
f    830    899    833
f    830    833    832
f    830    832    831
f    738    834    833
f    738    833    899
f    738    899    900
f    738    900    901
f    738    901    835
f    738    835    739
f    741    835    901
f    741    901    902
f    741    902    836
f    741    836    742
f    902    903    904
f    902    904    837
f    902    837    745
f    902    745    744
f    902    744    836
f    904    905    840
f    904    840    839
f    904    839    838
f    904    838    837
f    906    907    841
f    906    841    840
f    906    840    905
f    843    842    841
f    843    841    907
f    843    907    908
f    843    908    845
f    843    845    844
f    845    908    909
f    845    909    847
f    845    847    846
f    847    909    910
f    847    910    911
f    847    911    848
f    849    848    911
f    849    911    912
f    849    912    913
f    849    913    850
f    764    850    913
f    764    913    914
f    764    914    851
f    764    851    765
f    767    851    914
f    767    914    915
f    767    915    916
f    767    916    852
f    767    852    768
f    770    852    916
f    770    916    917
f    770    917    854
f    770    854    853
f    770    853    771
f    780    855    854
f    780    854    917
f    780    917    918
f    780    918    856
f    780    856    781
f    918    919    920
f    918    920    857
f    918    857    856
f    685    858    857
f    685    857    920
f    685    920    784
f    685    784    687
f    685    687    686
f    860    921    864
f    860    864    862
f    860    862    861
f    922    923    924
f    922    924    865
f    922    865    864
f    922    864    921
f    865    924    925
f    865    925    926
f    865    926    927
f    865    927    866
f    867    866    927
f    867    927    928
f    867    928    929
f    867    929    868
f    868    929    930
f    868    930    931
f    868    931    871
f    868    871    869
f    931    932    933
f    931    933    934
f    931    934    872
f    931    872    871
f    878    874    873
f    878    873    872
f    878    872    934
f    878    934    935
f    878    935    936
f    937    882    876
f    937    876    879
f    937    879    938
f    938    879    878
f    938    878    936
f    938    936    939
f    884    883    882
f    884    882    937
f    884    937    885
f    886    885    937
f    886    937    938
f    886    938    939
f    886    939    940
f    886    940    887
f    887    940    941
f    887    941    942
f    887    942    943
f    887    943    889
f    887    889    888
f    889    943    944
f    889    944    895
f    889    895    894
f    889    894    892
f    889    892    891
f    889    891    890
f    825    893    892
f    825    892    894
f    825    894    826
f    895    944    945
f    895    945    897
f    895    897    896
f    897    945    946
f    897    946    947
f    897    947    898
f    829    898    947
f    829    947    948
f    829    948    949
f    829    949    900
f    829    900    899
f    829    899    830
f    949    950    951
f    949    951    952
f    949    952    903
f    949    903    902
f    949    902    901
f    949    901    900
f    952    953    906
f    952    906    905
f    952    905    904
f    952    904    903
f    951    954    955
f    951    955    956
f    951    956    953
f    951    953    952
f    956    910    909
f    956    909    908
f    956    908    907
f    956    907    906
f    956    906    953
f    955    957    912
f    955    912    911
f    955    911    910
f    955    910    956
f    958    959    960
f    958    960    957
f    958    957    955
f    958    955    954
f    913    912    957
f    913    957    960
f    913    960    961
f    913    961    915
f    913    915    914
f    960    959    962
f    960    962    963
f    960    963    964
f    960    964    961
f    915    961    964
f    915    964    965
f    915    965    966
f    915    966    919
f    915    919    918
f    915    918    917
f    915    917    916
f    965    967    968
f    965    968    969
f    965    969    923
f    965    923    922
f    965    922    966
f    920    919    966
f    920    966    922
f    920    922    921
f    920    921    860
f    920    860    859
f    920    859    786
f    920    786    785
f    920    785    784
f    969    970    971
f    969    971    925
f    969    925    924
f    969    924    923
f    925    971    972
f    925    972    973
f    925    973    926
f    927    926    973
f    927    973    974
f    927    974    975
f    927    975    928
f    928    975    976
f    928    976    977
f    928    977    930
f    928    930    929
f    930    977    978
f    930    978    932
f    930    932    931
f    935    934    933
f    935    933    979
f    979    933    932
f    979    932    978
f    979    978    980
f    939    936    935
f    939    935    979
f    939    979    980
f    939    980    981
f    939    981    941
f    939    941    940
f    941    981    982
f    941    982    983
f    941    983    984
f    941    984    985
f    941    985    986
f    941    986    942
f    942    986    987
f    942    987    946
f    942    946    945
f    942    945    944
f    942    944    943
f    947    946    987
f    947    987    988
f    947    988    948
f    987    986    985
f    987    985    989
f    987    989    988
f    948    988    989
f    948    989    990
f    948    990    991
f    948    991    992
f    948    992    950
f    948    950    949
f    991    993    994
f    991    994    995
f    991    995    992
f    992    995    958
f    992    958    954
f    992    954    951
f    992    951    950
f    994    962    959
f    994    959    958
f    994    958    995
f    996    997    963
f    996    963    962
f    996    962    994
f    996    994    993
f    964    963    997
f    964    997    998
f    964    998    967
f    964    967    965
f    999   1000    968
f    999    968    967
f    999    967    998
f    999    998   1001
f    968   1000   1002
f    968   1002   1003
f    968   1003    970
f    968    970    969
f    972    971    970
f    972    970   1003
f    972   1003   1004
f   1005    974    973
f   1005    973    972
f   1005    972   1004
f   1005   1004   1006
f    976    975    974
f    976    974   1005
f    976   1005   1007
f    980    978    977
f    980    977    976
f    980    976   1007
f    980   1007    982
f    980    982    981
f    982   1007   1005
f    982   1005   1006
f    982   1006   1008
f    982   1008   1009
f    982   1009    983
f    983   1009   1010
f    983   1010   1011
f    983   1011   1012
f    983   1012    984
f    989    985    984
f    989    984   1012
f    989   1012   1013
f    989   1013    990
f   1012   1011   1014
f   1012   1014   1015
f   1012   1015   1013
f    990   1013   1015
f    990   1015   1016
f    990   1016    996
f    990    996    993
f    990    993    991
f   1016   1001    998
f   1016    998    997
f   1016    997    996
f   1015   1014   1017
f   1015   1017   1018
f   1015   1018    999
f   1015    999   1001
f   1015   1001   1016
f   1018   1019   1002
f   1018   1002   1000
f   1018   1000    999
f   1006   1004   1003
f   1006   1003   1002
f   1006   1002   1019
f   1006   1019   1020
f   1006   1020   1008
f   1008   1020   1021
f   1008   1021   1010
f   1008   1010   1009
f   1010   1021   1017
f   1010   1017   1014
f   1010   1014   1011
f   1017   1021   1020
f   1017   1020   1019
f   1017   1019   1018
f    444    563    675
f    444    675    678
f    444    678    680
f    444    680    565
f    444    565    564
f    444    564    447
f    444    447    446
f    444    446    445
