v     0.043012     0.003447     0.600991
v     0.100495     0.055984     0.590155
v     0.047177     0.109302     0.590155
v     0.043012     0.092693     0.592201
v    -0.097968    -0.048286     0.592201
v    -0.085895    -0.059320     0.594477
v    -0.018681    -0.059320     0.601097
v     0.041656     0.001016     0.601097
v    -0.081788    -0.090294     0.591831
v    -0.035282    -0.136800     0.591831
v    -0.029657    -0.130645     0.592991
v    -0.018681    -0.086873     0.598383
v     0.037445    -0.030747     0.598383
v     0.135826     0.076367     0.580994
v     0.183780     0.096725     0.563890
v     0.210371     0.119587     0.552951
v     0.186266     0.177782     0.552951
v     0.179694     0.175127     0.555278
v     0.157072     0.152505     0.564983
v     0.124365     0.067417     0.584350
v     0.047177     0.121839     0.588094
v     0.040573     0.232753     0.555278
v     0.040573     0.135628     0.584741
v     0.032908     0.250807     0.548838
v    -0.011311     0.302240     0.527680
v    -0.205935     0.221624     0.527680
v    -0.182064     0.197752     0.537921
v    -0.115791    -0.039750     0.587867
v    -0.227539     0.230350     0.520030
v    -0.312903     0.024264     0.520030
v    -0.243822    -0.035129     0.548449
v    -0.232938    -0.039750     0.552331
v    -0.136454    -0.272682     0.552331
v    -0.131222    -0.267449     0.554575
v    -0.096020    -0.257627     0.561978
v    -0.088605    -0.248131     0.564759
v    -0.155682    -0.320280     0.535476
v    -0.129884    -0.330966     0.535476
v    -0.124495    -0.324699     0.538054
v    -0.060024    -0.236292     0.564759
v    -0.018474    -0.133766     0.590639
v     0.047720    -0.067571     0.590639
v     0.072633    -0.057475     0.584350
v     0.336589     0.138921     0.488255
v     0.385474     0.167200     0.458076
v     0.373620     0.211438     0.458076
v     0.319280     0.208718     0.487511
v     0.292727     0.198324     0.503192
v     0.271673     0.138921     0.522953
v     0.203772     0.195288     0.542236
v     0.248752     0.279246     0.487511
v     0.206960     0.288705     0.501234
v     0.189680     0.306371     0.496686
v     0.175931     0.329654     0.486210
v    -0.015423     0.380927     0.486210
v    -0.015423     0.315278     0.521300
v    -0.035555     0.415727     0.464725
v    -0.069353     0.451922     0.440538
v    -0.223900     0.410511     0.440538
v    -0.234323     0.392862     0.448479
v    -0.252789     0.373983     0.453340
v    -0.252881     0.373609     0.453485
v    -0.248714     0.251526     0.507070
v    -0.367646     0.258845     0.453485
v    -0.368378     0.255611     0.454547
v    -0.405229     0.219564     0.445060
v    -0.338918     0.032469     0.507300
v    -0.415682     0.213391     0.440357
v    -0.426730     0.204384     0.435742
v    -0.462212     0.071964     0.435742
v    -0.463008     0.060580     0.436946
v    -0.432903     0.032469     0.457064
v    -0.432152     0.021732     0.455928
v    -0.352291    -0.276311     0.455928
v    -0.333282    -0.287536     0.464481
v    -0.284549    -0.335205     0.477027
v    -0.166580    -0.331178     0.528806
v    -0.277527    -0.366231     0.466839
v    -0.189861    -0.453897     0.466839
v    -0.168945    -0.400466     0.498394
v    -0.149646    -0.393626     0.504814
v    -0.191056    -0.477784     0.453900
v    -0.149646    -0.406200     0.498093
v    -0.108064    -0.395058     0.498093
v    -0.076550    -0.341692     0.522105
v    -0.057105    -0.321812     0.527222
v    -0.053183    -0.320925     0.525935
v     0.205723    -0.062018     0.525935
v     0.237282    -0.054230     0.513672
v     0.268587    -0.055797     0.496715
v     0.287389    -0.044693     0.488255
v     0.585895     0.175215     0.299646
v     0.575479     0.227580     0.299646
v     0.518346     0.239892     0.344525
v     0.491162     0.233571     0.367866
v     0.470090     0.175215     0.394685
v     0.438142     0.167200     0.419595
v     0.411565     0.236894     0.425370
v     0.490320     0.281835     0.344525
v     0.456681     0.296720     0.362133
v     0.415565     0.284022     0.398994
v     0.386871     0.290970     0.410212
v     0.210800     0.408616     0.410212
v     0.172269     0.417374     0.422838
v     0.114962     0.470078     0.395550
v     0.090546     0.500813     0.374313
v    -0.072207     0.533186     0.374313
v    -0.072207     0.463300     0.431667
v    -0.080476     0.543722     0.364317
v    -0.149105     0.530070     0.364317
v    -0.173183     0.499762     0.385259
v    -0.207640     0.468072     0.401667
v    -0.222921     0.433969     0.423592
v    -0.276201     0.398368     0.423592
v    -0.285753     0.376781     0.434891
v    -0.344169     0.318365     0.434891
v    -0.369440     0.279983     0.441655
v    -0.377552     0.270457     0.440357
v    -0.426869     0.204322     0.435652
v    -0.455667     0.173010     0.420742
v    -0.468023     0.156159     0.415013
v    -0.482432     0.127962     0.410006
v    -0.490914     0.113550     0.405398
v    -0.501450     0.060580     0.405398
v    -0.501999     0.060149     0.404877
v    -0.519989     0.040058     0.386833
v    -0.525677     0.028058     0.380206
v    -0.527967     0.022187     0.377369
v    -0.522223    -0.054620     0.369544
v    -0.500023    -0.166229     0.369544
v    -0.496569    -0.215001     0.362519
v    -0.443692    -0.272495     0.389897
v    -0.435249    -0.309641     0.377726
v    -0.291043    -0.525461     0.377726
v    -0.288397    -0.536388     0.373454
v    -0.225338    -0.531036     0.408744
v    -0.192236    -0.481694     0.451274
v    -0.290655    -0.543698     0.366900
v    -0.285467    -0.555422     0.360763
v    -0.235386    -0.588885     0.360763
v    -0.233132    -0.587272     0.363081
v    -0.224534    -0.550297     0.394829
v    -0.205228    -0.543326     0.403702
v    -0.192236    -0.491542     0.444079
v    -0.223235    -0.589240     0.363081
v    -0.205228    -0.566298     0.384849
v    -0.113282    -0.520051     0.407793
v    -0.116564    -0.548662     0.384849
v    -0.108879    -0.538988     0.391534
v    -0.028418    -0.520701     0.365170
v     0.234076    -0.345308     0.365170
v     0.291971    -0.331290     0.342535
v     0.323643    -0.341071     0.314140
v     0.364478    -0.323002     0.292766
v     0.550578    -0.044484     0.292766
v     0.511280    -0.035346     0.326508
v     0.556936    -0.043114     0.287771
v     0.597613     0.161382     0.287771
v     0.597940     0.165761     0.288217
v     0.667223     0.169488     0.204516
v     0.657130     0.233212     0.204516
v     0.651416     0.236170     0.210908
v     0.635395     0.233855     0.230876
v     0.614435     0.169488     0.268838
v     0.594884     0.237880     0.275525
v     0.634871     0.268641     0.210908
v     0.597784     0.270501     0.252862
v     0.587198     0.275509     0.259505
v     0.514617     0.348091     0.259505
v     0.451491     0.376211     0.292371
v     0.415912     0.408136     0.284891
v     0.363419     0.422184     0.304186
v     0.139190     0.536434     0.304186
v     0.085679     0.549809     0.320312
v     0.040896     0.583625     0.292307
v    -0.080476     0.544101     0.363890
v     0.029618     0.594004     0.281836
v    -0.058152     0.607906     0.281836
v    -0.066945     0.608624     0.282657
v    -0.070796     0.606031     0.286560
v    -0.082877     0.595342     0.301916
v    -0.082877     0.554724     0.351409
v    -0.095644     0.593320     0.301916
v    -0.122742     0.568381     0.327074
v    -0.123042     0.567803     0.327720
v    -0.148942     0.531712     0.362508
v    -0.176811     0.517512     0.362508
v    -0.177002     0.517316     0.362623
v    -0.211383     0.468404     0.399067
v    -0.266849     0.418635     0.410729
v    -0.276164     0.398944     0.423087
v    -0.334069     0.341038     0.423087
v    -0.427773     0.214488     0.428589
v    -0.438305     0.207085     0.420742
v    -0.510809     0.087203     0.388921
v    -0.511037     0.086954     0.388690
v    -0.513086     0.083646     0.386833
v    -0.545746    -0.004216     0.350609
v    -0.554796    -0.032301     0.334161
v    -0.549778    -0.093712     0.328425
v    -0.544927    -0.124341     0.328425
v    -0.537520    -0.210932     0.317386
v    -0.538318    -0.212426     0.315576
v    -0.517477    -0.295809     0.290449
v    -0.446418    -0.435270     0.290449
v    -0.433854    -0.482216     0.273193
v    -0.386766    -0.534694     0.284227
v    -0.380073    -0.537860     0.288427
v    -0.300268    -0.617665     0.288427
v    -0.287324    -0.623431     0.295166
v    -0.285210    -0.622832     0.297714
v    -0.281450    -0.616948     0.306768
v    -0.248737    -0.614040     0.329494
v    -0.252478    -0.639509     0.297714
v    -0.250445    -0.638424     0.300177
v    -0.247997    -0.621490     0.321283
v    -0.228129    -0.615020     0.333001
v    -0.223235    -0.593365     0.358444
v    -0.228129    -0.641958     0.300177
v    -0.124209    -0.625611     0.300041
v    -0.224179    -0.645453     0.295157
v    -0.223777    -0.645723     0.294750
v    -0.206563    -0.644316     0.293142
v    -0.123409    -0.631146     0.293142
v    -0.114178    -0.636074     0.281960
v     0.021119    -0.602257     0.241189
v     0.150045    -0.536566     0.241189
v     0.279163    -0.502011     0.193730
v     0.315249    -0.469632     0.201317
v     0.396253    -0.433547     0.159142
v     0.516740    -0.313060     0.159142
v     0.543854    -0.300234     0.142125
v     0.574792    -0.265755     0.134876
v     0.583052    -0.234893     0.146220
v     0.566451    -0.048164     0.275943
v     0.635454    -0.132047     0.146220
v     0.655087    -0.053497     0.169891
v     0.647920    -0.040070     0.186154
v     0.651101    -0.002876     0.190895
v     0.665592     0.088619     0.190895
v     0.671682     0.163134     0.197856
v     0.667979     0.168633     0.203429
v     0.692471     0.163134     0.158962
v     0.691385     0.175506     0.157946
v     0.684009     0.231539     0.157946
v     0.683712     0.234622     0.157611
v     0.666634     0.237617     0.186664
v     0.685450     0.240682     0.149817
v     0.675182     0.265471     0.149817
v     0.673995     0.266023     0.151576
v     0.667800     0.263232     0.165062
v     0.636385     0.269835     0.207682
v     0.646406     0.301977     0.151576
v     0.631306     0.312938     0.162397
v     0.627102     0.317142     0.162397
v     0.582889     0.340045     0.187776
v     0.473931     0.423652     0.187776
v     0.405842     0.456047     0.219890
v     0.328533     0.513503     0.192440
v     0.236020     0.540841     0.222525
v     0.118539     0.589503     0.222525
v     0.026018     0.614535     0.246909
v     0.013702     0.621472     0.238183
v     0.000193     0.622772     0.239651
v    -0.034026     0.627278     0.239651
v    -0.052643     0.628912     0.241179
v    -0.056514     0.627234     0.245271
v    -0.066945     0.621586     0.258407
v    -0.069665     0.621228     0.258407
v    -0.074478     0.618189     0.262908
v    -0.083259     0.609207     0.277549
v    -0.094578     0.599398     0.291576
v    -0.108775     0.593517     0.291576
v    -0.134901     0.568935     0.316820
v    -0.138147     0.566522     0.317973
v    -0.264388     0.450262     0.362623
v    -0.289263     0.415994     0.387180
v    -0.316044     0.389213     0.387180
v    -0.332029     0.358355     0.404893
v    -0.449987     0.204629     0.404893
v    -0.463762     0.193762     0.392375
v    -0.469390     0.186190     0.389687
v    -0.470360     0.185159     0.388690
v    -0.533762     0.059787     0.357265
v    -0.537846     0.055794     0.350609
v    -0.563064    -0.047571     0.314932
v    -0.573632    -0.071960     0.289154
v    -0.571553    -0.095643     0.287209
v    -0.564303    -0.150717     0.287209
v    -0.558705    -0.208851     0.280894
v    -0.566762    -0.236934     0.244773
v    -0.552335    -0.290258     0.230719
v    -0.520699    -0.366634     0.230719
v    -0.502490    -0.428256     0.210680
v    -0.468887    -0.473470     0.226734
v    -0.466498    -0.475355     0.228905
v    -0.399160    -0.563111     0.228905
v    -0.381944    -0.575608     0.241242
v    -0.357597    -0.599955     0.241242
v    -0.330222    -0.614135     0.256956
v    -0.309368    -0.630138     0.256956
v    -0.286268    -0.641128     0.267850
v    -0.283656    -0.640879     0.271494
v    -0.280672    -0.641762     0.272464
v    -0.252937    -0.640499     0.295854
v    -0.257892    -0.651197     0.272464
v    -0.250934    -0.653080     0.274298
v    -0.250876    -0.652255     0.275854
v    -0.247565    -0.655207     0.271147
v    -0.223777    -0.658339     0.271147
v    -0.221283    -0.659690     0.268005
v    -0.206891    -0.665926     0.252794
v    -0.171393    -0.662810     0.249880
v    -0.146728    -0.659563     0.249880
v    -0.117808    -0.656778     0.246738
v    -0.105771    -0.660232     0.231255
v     0.018915    -0.626498     0.198394
v     0.071863    -0.604566     0.198394
v     0.216194    -0.561916     0.151458
v     0.222564    -0.558487     0.151738
v     0.275574    -0.519089     0.170560
v     0.355667    -0.480984     0.132785
v     0.421340    -0.430591     0.132785
v     0.478343    -0.401062     0.100064
v     0.539136    -0.340269     0.100064
v     0.542680    -0.337697     0.097524
v     0.592692    -0.272519     0.097524
v     0.598257    -0.260822     0.103041
v     0.617371    -0.235104     0.093909
v     0.637105    -0.168324     0.115626
v     0.653169    -0.129541     0.115626
v     0.672724    -0.057264     0.134675
v     0.670850    -0.050733     0.143075
v     0.679147     0.035425     0.152435
v     0.686016     0.087602     0.152435
v     0.692616     0.162800     0.158609
v     0.707082     0.162800     0.110920
v     0.699486     0.230216     0.110920
v     0.698615     0.238706     0.110163
v     0.688425     0.242040     0.140127
v     0.698691     0.241301     0.106897
v     0.690374     0.265069     0.106897
v     0.687386     0.264191     0.117838
v     0.678763     0.267947     0.137199
v     0.690197     0.266140     0.105362
v     0.675607     0.289361     0.105362
v     0.674576     0.290504     0.106329
v     0.673595     0.291162     0.108082
v     0.671926     0.292588     0.109407
v     0.628432     0.336081     0.109407
v     0.616910     0.344844     0.116622
v     0.573221     0.381361     0.109730
v     0.512311     0.415109     0.139639
v     0.405947     0.481941     0.139639
v     0.324597     0.522539     0.172153
v     0.279502     0.548385     0.152519
v     0.154127     0.587834     0.186714
v     0.110009     0.603272     0.186714
v     0.021904     0.628248     0.206150
v     0.011583     0.627947     0.219142
v    -0.012684     0.630438     0.221307
v    -0.026108     0.631950     0.221307
v    -0.043910     0.633582     0.222539
v    -0.046857     0.632993     0.225577
v    -0.052643     0.631570     0.232415
v    -0.065937     0.630072     0.232415
v    -0.067165     0.629426     0.234089
v    -0.067183     0.628814     0.236101
v    -0.098892     0.618324     0.234089
v    -0.098520     0.617061     0.238716
v    -0.108191     0.616794     0.220757
v    -0.117221     0.612288     0.217147
v    -0.218536     0.548628     0.217147
v    -0.230668     0.541906     0.211190
v    -0.253182     0.533233     0.175004
v    -0.256444     0.530752     0.172961
v    -0.435516     0.351680     0.172961
v    -0.429552     0.347448     0.199620
v    -0.449530     0.342276     0.147908
v    -0.547995     0.185570     0.147908
v    -0.551677     0.163193     0.179989
v    -0.533241     0.157770     0.247512
v    -0.538019     0.055874     0.350044
v    -0.583461     0.072359     0.179989
v    -0.582608     0.043092     0.216830
v    -0.576516     0.043278     0.236842
v    -0.595571    -0.071960     0.216830
v    -0.600625    -0.092516     0.192536
v    -0.587862    -0.205785     0.192536
v    -0.585288    -0.230873     0.190298
v    -0.585909    -0.252189     0.163467
v    -0.584556    -0.256963     0.162413
v    -0.549152    -0.358140     0.162413
v    -0.540286    -0.386317     0.154728
v    -0.524813    -0.413314     0.166482
v    -0.518649    -0.421218     0.174399
v    -0.474030    -0.492229     0.174399
v    -0.461658    -0.505946     0.186001
v    -0.436931    -0.535528     0.190668
v    -0.408774    -0.559574     0.213018
v    -0.386457    -0.581891     0.213018
v    -0.355613    -0.605347     0.232331
v    -0.347739    -0.611929     0.231089
v    -0.318573    -0.628089     0.245411
v    -0.305942    -0.636025     0.245411
v    -0.283644    -0.647153     0.254323
v    -0.283542    -0.647211     0.254279
v    -0.273147    -0.650482     0.257114
v    -0.253241    -0.657447     0.257114
v    -0.246177    -0.659450     0.258672
v    -0.238584    -0.662252     0.253134
v    -0.236450    -0.663071     0.251227
v    -0.206891    -0.666401     0.251227
v    -0.206511    -0.666495     0.250777
v    -0.189019    -0.669993     0.232746
v    -0.184837    -0.670189     0.230549
v    -0.151212    -0.667106     0.228221
v    -0.146195    -0.666541     0.228221
v    -0.106502    -0.662468     0.224680
v    -0.088808    -0.662984     0.202406
v    -0.082347    -0.661947     0.198341
v     0.016298    -0.633983     0.176581
v     0.040594    -0.625481     0.176581
v     0.184037    -0.580347     0.137458
v     0.302100    -0.518794     0.119949
v     0.365901    -0.478705     0.119949
v     0.435630    -0.440072     0.085709
v     0.476585    -0.405839     0.092170
v     0.503383    -0.385459     0.075390
v     0.556075    -0.332768     0.075390
v     0.568980    -0.321748     0.065147
v     0.582848    -0.305155     0.062530
v     0.587160    -0.297374     0.066350
v     0.629646    -0.229758     0.066350
v     0.630025    -0.229271     0.065863
v     0.633127    -0.223860     0.063507
v     0.651482    -0.165525     0.079417
v     0.679034    -0.086784     0.079417
v     0.686474    -0.060540     0.085207
v     0.686250    -0.052839     0.094901
v     0.694666     0.029180     0.102218
v     0.704339     0.115026     0.102218
v     0.708235     0.157520     0.105160
v     0.707598     0.160702     0.108440
v     0.715932     0.157520     0.027003
v     0.710887     0.208750     0.027003
v     0.710384     0.213534     0.027324
v     0.707598     0.227089     0.042053
v     0.705445     0.236935     0.051314
v     0.699930     0.242129     0.095072
v     0.700767     0.252358     0.051314
v     0.696852     0.261684     0.063372
v     0.696077     0.261731     0.071816
v     0.691205     0.266923     0.095446
v     0.685707     0.280623     0.074890
v     0.688926     0.276513     0.063372
v     0.686078     0.280751     0.069933
v     0.665896     0.305343     0.069933
v     0.663885     0.307623     0.071393
v     0.649844     0.321664     0.071393
v     0.645787     0.325242     0.073990
v     0.576928     0.381754     0.073990
v     0.565517     0.390266     0.082861
v     0.473668     0.447979     0.082861
v     0.433260     0.470979     0.098658
v     0.322303     0.530287     0.098658
v     0.276237     0.551448     0.137660
v     0.208496     0.575152     0.137660
v     0.138902     0.597594     0.152436
v     0.068442     0.618967     0.152436
v     0.031097     0.627133     0.187563
v     0.021000     0.629208     0.198534
v    -0.005088     0.631950     0.200286
v    -0.039557     0.635345     0.200286
v    -0.043910     0.635345     0.204639
v    -0.063871     0.633379     0.204639
v    -0.064026     0.632993     0.208408
v    -0.066285     0.630594     0.227439
v    -0.087298     0.628565     0.179183
v    -0.092346     0.627461     0.174436
v    -0.100622     0.624950     0.174436
v    -0.100691     0.623832     0.186620
v    -0.154765     0.602223     0.104428
v    -0.204741     0.579264     0.062115
v    -0.220547     0.570816     0.062115
v    -0.220786     0.570680     0.062022
v    -0.308699     0.511613    -0.074070
v    -0.378788     0.459330    -0.128562
v    -0.404195     0.438480    -0.128562
v    -0.408960     0.434276    -0.131612
v    -0.460265     0.352124     0.036039
v    -0.476467     0.366768    -0.257551
v    -0.496892     0.343617    -0.272371
v    -0.536550     0.295293    -0.272371
v    -0.528973     0.292683    -0.171263
v    -0.566270     0.199759    -0.031837
v    -0.549666     0.275772    -0.302591
v    -0.578803     0.221261    -0.302591
v    -0.594027     0.184993    -0.255697
v    -0.579273     0.185902    -0.094907
v    -0.599482     0.083071     0.027092
v    -0.600057     0.165113    -0.255697
v    -0.603011     0.151604    -0.242990
v    -0.609864     0.118259    -0.206758
v    -0.609558     0.077700    -0.066721
v    -0.601925     0.080770     0.007706
v    -0.601925    -0.092516     0.180992
v    -0.614150    -0.093347     0.057705
v    -0.603227    -0.093347     0.168611
v    -0.617273    -0.149335    -0.029996
v    -0.614612    -0.176352    -0.029996
v    -0.603227    -0.231755     0.030203
v    -0.602090    -0.236952     0.035092
v    -0.583139    -0.299425     0.035092
v    -0.577641    -0.316476     0.038712
v    -0.568652    -0.337890     0.066401
v    -0.552274    -0.373543     0.096587
v    -0.534541    -0.406717     0.096587
v    -0.516824    -0.437844     0.108755
v    -0.512213    -0.444707     0.119380
v    -0.481738    -0.485561     0.151141
v    -0.465964    -0.504782     0.151141
v    -0.432309    -0.542930     0.175563
v    -0.431386    -0.543853     0.175563
v    -0.392664    -0.578014     0.200352
v    -0.376074    -0.591629     0.200352
v    -0.345697    -0.614289     0.223968
v    -0.337196    -0.619631     0.223968
v    -0.314256    -0.632688     0.232936
v    -0.291911    -0.644631     0.232936
v    -0.280901    -0.649689     0.242258
v    -0.267204    -0.654482     0.242258
v    -0.265449    -0.655048     0.242631
v    -0.235430    -0.664154     0.242631
v    -0.225540    -0.666317     0.233328
v    -0.223959    -0.666495     0.233328
v    -0.215294    -0.667406     0.232746
v    -0.159329    -0.670189     0.205041
v    -0.128032    -0.667106     0.205041
v    -0.078573    -0.661171     0.194241
v    -0.026965    -0.649887     0.145699
v     0.042328    -0.628867     0.145699
v     0.129504    -0.600756     0.127190
v     0.181781    -0.582464     0.127190
v     0.229654    -0.560472     0.086658
v     0.324288    -0.509889     0.086658
v     0.393888    -0.470272     0.059448
v     0.428099    -0.448776     0.059448
v     0.462928    -0.422795     0.032370
v     0.524464    -0.372294     0.032370
v     0.553300    -0.346855     0.013910
v     0.563589    -0.336566    -0.005284
v     0.605324    -0.285711    -0.005284
v     0.609758    -0.279768    -0.009904
v     0.620517    -0.263754    -0.034695
v     0.653373    -0.202284    -0.034695
v     0.658552    -0.191012    -0.044238
v     0.658973    -0.190008    -0.045536
v     0.695491    -0.069624    -0.045536
v     0.699145    -0.052914    -0.029819
v     0.700242    -0.047577    -0.024019
v     0.704339    -0.008594    -0.021401
v     0.715932     0.109116    -0.021401
v     0.710925     0.109116    -0.072238
v     0.710887     0.109538    -0.072209
v     0.706777     0.146011    -0.072209
v     0.705199     0.161385    -0.070838
v     0.705123     0.163634    -0.069270
v     0.706658     0.216276    -0.003005
v     0.707134     0.216594     0.001542
v     0.700098     0.252399     0.044022
v     0.699379     0.237075    -0.003005
v     0.696322     0.255655     0.023632
v     0.696739     0.255979     0.027730
v     0.688549     0.276383     0.058346
v     0.678615     0.284978     0.028373
v     0.678957     0.283291     0.023632
v     0.678388     0.284769     0.026008
v     0.627604     0.335553     0.026008
v     0.614095     0.345827     0.017549
v     0.592117     0.364196     0.021016
v     0.576462     0.372870     0.013328
v     0.427326     0.466579     0.013328
v     0.409489     0.475480     0.006199
v     0.360038     0.503823     0.027729
v     0.332659     0.520569     0.051524
v     0.145237     0.586150     0.051524
v     0.140416     0.588531     0.056889
v     0.138400     0.589275     0.058359
v     0.072630     0.614520     0.117151
v    -0.038643     0.627057     0.117151
v    -0.038643     0.627133     0.117823
v    -0.039557     0.628565     0.131442
v    -0.044188     0.625694     0.110598
v    -0.099923     0.619414     0.110598
v    -0.134165     0.606271     0.079988
v    -0.184110     0.579992     0.011911
v    -0.217992     0.563261    -0.025794
v    -0.224056     0.561140    -0.025794
v    -0.298028     0.515896    -0.090081
v    -0.331302     0.485638    -0.151897
v    -0.407310     0.426361    -0.228032
v    -0.407708     0.425977    -0.228634
v    -0.466336     0.373096    -0.278226
v    -0.482897     0.348416    -0.322347
v    -0.514009     0.311983    -0.351265
v    -0.521035     0.304958    -0.351265
v    -0.535285     0.286220    -0.362998
v    -0.548018     0.275204    -0.324580
v    -0.538005     0.279158    -0.374349
v    -0.542998     0.270147    -0.378773
v    -0.557897     0.246435    -0.378773
v    -0.561334     0.242028    -0.374358
v    -0.563510     0.238232    -0.372706
v    -0.565272     0.235350    -0.370201
v    -0.578475     0.221281    -0.306167
v    -0.575432     0.206315    -0.370201
v    -0.585371     0.186187    -0.347803
v    -0.586261     0.183775    -0.346043
v    -0.589670     0.174894    -0.338104
v    -0.594383     0.133066    -0.338104
v    -0.599405     0.104845    -0.321759
v    -0.603011     0.090175    -0.304420
v    -0.613291     0.038780    -0.251443
v    -0.613547     0.030272    -0.247439
v    -0.611416     0.007032    -0.245830
v    -0.611416    -0.177637    -0.061161
v    -0.608475    -0.019075    -0.245830
v    -0.604383    -0.058949    -0.242273
v    -0.603900    -0.073120    -0.232391
v    -0.607066    -0.181733    -0.095671
v    -0.604464    -0.190914    -0.093646
v    -0.586630    -0.241880    -0.093646
v    -0.581618    -0.257808    -0.089302
v    -0.570757    -0.323812     0.005325
v    -0.555736    -0.353912     0.017355
v    -0.534503    -0.387705     0.017355
v    -0.521467    -0.411233     0.028909
v    -0.508413    -0.445121     0.083377
v    -0.479388    -0.483287     0.107274
v    -0.447565    -0.515110     0.107274
v    -0.424072    -0.542620     0.129111
v    -0.417371    -0.552605     0.146962
v    -0.383061    -0.583553     0.175985
v    -0.325579    -0.619671     0.175985
v    -0.320599    -0.623555     0.180974
v    -0.315211    -0.628454     0.190983
v    -0.297806    -0.639100     0.206109
v    -0.236734    -0.660470     0.206109
v    -0.228974    -0.662670     0.204397
v    -0.217875    -0.662346     0.190427
v    -0.172975    -0.667406     0.190427
v    -0.159329    -0.668656     0.189482
v    -0.121906    -0.661171     0.150907
v    -0.106338    -0.657344     0.132508
v    -0.025400    -0.648225     0.132508
v     0.035753    -0.624752     0.077843
v     0.068053    -0.612833     0.054284
v     0.090072    -0.601959     0.029779
v     0.242151    -0.548745     0.029779
v     0.300363    -0.513141    -0.020811
v     0.331393    -0.495356    -0.034321
v     0.377017    -0.459775    -0.080021
v     0.495155    -0.385544    -0.080021
v     0.518876    -0.364148    -0.100087
v     0.563378    -0.336356    -0.009269
v     0.534389    -0.341032    -0.141413
v     0.545046    -0.328552    -0.151319
v     0.597791    -0.275806    -0.151319
v     0.599953    -0.277790    -0.128787
v     0.617414    -0.262685    -0.076106
v     0.609745    -0.244775    -0.201196
v     0.634955    -0.204654    -0.201196
v     0.639339    -0.208058    -0.158070
v     0.656112    -0.190184    -0.076720
v     0.636651    -0.194343    -0.215978
v     0.660200    -0.127045    -0.215978
v     0.674020    -0.099058    -0.184833
v     0.674286    -0.098337    -0.184308
v     0.679542    -0.084642    -0.172066
v     0.689150     0.000624    -0.172066
v     0.694906     0.032975    -0.153329
v     0.699145     0.050218    -0.132950
v     0.693095     0.053608    -0.151634
v     0.690416     0.073958    -0.151634
v     0.687827     0.100837    -0.148714
v     0.700452     0.180899    -0.064719
v     0.697839     0.236622    -0.008648
v     0.682594     0.224011    -0.064719
v     0.681909     0.226328    -0.063966
v     0.682952     0.237307    -0.048652
v     0.688099     0.240865    -0.030516
v     0.678696     0.283106     0.022464
v     0.635658     0.298941    -0.048652
v     0.629775     0.303212    -0.052868
v     0.605893     0.306568    -0.087334
v     0.576981     0.321545    -0.103931
v     0.482970     0.393682    -0.103931
v     0.435223     0.416398    -0.126450
v     0.407444     0.413760    -0.165200
v     0.173871     0.510509    -0.165200
v     0.171777     0.512651    -0.161708
v     0.168635     0.514635    -0.158770
v    -0.045007     0.542761    -0.158770
v    -0.045007     0.559395    -0.107655
v    -0.044188     0.562239    -0.098584
v    -0.052716     0.538587    -0.168478
v    -0.233868     0.514738    -0.168478
v    -0.275826     0.488239    -0.207720
v    -0.305960     0.457416    -0.257963
v    -0.326937     0.439237    -0.283959
v    -0.418441     0.401335    -0.283959
v    -0.472137     0.350811    -0.335842
v    -0.474060     0.346674    -0.341971
v    -0.498471     0.315731    -0.370088
v    -0.518201     0.300592    -0.370088
v    -0.532212     0.281289    -0.383921
v    -0.532530     0.279029    -0.387183
v    -0.534413     0.275394    -0.389270
v    -0.544860     0.261778    -0.389270
v    -0.546872     0.257551    -0.391264
v    -0.552209     0.250369    -0.388713
v    -0.554532     0.247901    -0.386328
v    -0.563138     0.227124    -0.386328
v    -0.564082     0.226035    -0.384979
v    -0.575081     0.206506    -0.371144
v    -0.575143     0.206410    -0.371053
v    -0.580785     0.163551    -0.371053
v    -0.582734     0.159952    -0.366520
v    -0.595952     0.065502    -0.318528
v    -0.592794     0.041518    -0.318528
v    -0.588463    -0.003461    -0.313642
v    -0.592582    -0.114951    -0.221367
v    -0.567375    -0.175807    -0.221367
v    -0.560999    -0.197383    -0.214350
v    -0.567330    -0.264031    -0.121382
v    -0.557374    -0.284956    -0.111514
v    -0.492602    -0.369369    -0.111514
v    -0.484825    -0.424715    -0.031638
v    -0.476714    -0.435889    -0.023630
v    -0.367230    -0.519899    -0.023630
v    -0.350411    -0.556084     0.029970
v    -0.352168    -0.558626     0.038927
v    -0.217906    -0.610969     0.029970
v    -0.225686    -0.628006     0.085469
v    -0.218228    -0.650803     0.152504
v    -0.206636    -0.607736     0.015475
v    -0.102646    -0.621427     0.015475
v    -0.106338    -0.634236     0.056330
v    -0.073117    -0.608632    -0.015736
v    -0.026294    -0.583278    -0.074701
v     0.101697    -0.566428    -0.074701
v     0.176904    -0.518930    -0.145040
v     0.182934    -0.512762    -0.155094
v     0.227149    -0.474446    -0.209886
v     0.402211    -0.401933    -0.209886
v     0.436648    -0.369530    -0.243161
v     0.449598    -0.359906    -0.247759
v     0.474564    -0.328260    -0.276515
v     0.572726    -0.252938    -0.276515
v     0.572830    -0.253042    -0.276092
v     0.604812    -0.241274    -0.223245
v     0.573433    -0.247902    -0.283784
v     0.574673    -0.245509    -0.285157
v     0.604640    -0.206455    -0.285157
v     0.609181    -0.202872    -0.281031
v     0.612440    -0.201358    -0.276204
v     0.613529    -0.202111    -0.272363
v     0.633496    -0.193415    -0.227535
v     0.626081    -0.168425    -0.276204
v     0.627948    -0.165409    -0.274510
v     0.635201    -0.157039    -0.264138
v     0.643430    -0.142430    -0.253788
v     0.651310    -0.129953    -0.242119
v     0.655495    -0.098167    -0.242119
v     0.668352    -0.058266    -0.218751
v     0.676281    -0.029076    -0.203457
v     0.673338     0.006935    -0.200093
v     0.667359     0.044683    -0.200093
v     0.664440     0.078807    -0.195743
v     0.677195     0.102702    -0.166802
v     0.677092     0.103113    -0.166678
v     0.608908     0.236931    -0.166678
v     0.613658     0.240675    -0.156563
v     0.573297     0.238718    -0.206963
v     0.522745     0.262631    -0.238689
v     0.448717     0.336660    -0.238689
v     0.414566     0.351873    -0.256469
v     0.403430     0.404850    -0.184594
v     0.305981     0.321069    -0.387340
v     0.286929     0.326168    -0.394343
v     0.177743     0.381801    -0.394343
v     0.183793     0.394855    -0.369824
v     0.170890     0.468440    -0.244640
v     0.096427     0.338395    -0.492832
v    -0.056772     0.362660    -0.492832
v    -0.056772     0.393921    -0.438130
v    -0.052716     0.411463    -0.406311
v    -0.062352     0.357723    -0.499925
v    -0.289835     0.321693    -0.499925
v    -0.302241     0.320632    -0.498344
v    -0.343841     0.342838    -0.447957
v    -0.350913     0.341070    -0.445826
v    -0.459412     0.285787    -0.445826
v    -0.485874     0.278705    -0.436100
v    -0.505107     0.284162    -0.412919
v    -0.510909     0.281577    -0.409898
v    -0.528733     0.263753    -0.409898
v    -0.532351     0.262041    -0.407628
v    -0.536008     0.261858    -0.403491
v    -0.540114     0.258972    -0.400431
v    -0.548885     0.241758    -0.400431
v    -0.551725     0.239720    -0.397695
v    -0.556318     0.233637    -0.393890
v    -0.562153     0.227296    -0.388004
v    -0.569139     0.183187    -0.388004
v    -0.569464     0.179210    -0.388375
v    -0.580009     0.163551    -0.372505
v    -0.575563     0.109142    -0.367422
v    -0.561288     0.019016    -0.367422
v    -0.559849     0.002189    -0.365277
v    -0.565056    -0.007565    -0.353463
v    -0.560541    -0.025627    -0.348020
v    -0.482545    -0.178704    -0.348020
v    -0.487477    -0.196091    -0.327064
v    -0.504251    -0.209312    -0.291341
v    -0.486150    -0.362917    -0.129960
v    -0.354347    -0.329221    -0.327064
v    -0.353783    -0.340449    -0.314363
v    -0.381236    -0.375280    -0.240186
v    -0.356052    -0.495087    -0.077642
v    -0.185220    -0.426337    -0.314363
v    -0.214091    -0.488627    -0.197364
v    -0.202770    -0.553183    -0.087540
v    -0.183948    -0.425657    -0.315904
v    -0.015645    -0.452314    -0.315904
v    -0.015645    -0.462162    -0.298670
v    -0.026294    -0.508215    -0.215136
v     0.007851    -0.431524    -0.345771
v     0.241155    -0.394572    -0.345771
v     0.249283    -0.387092    -0.353317
v     0.275403    -0.367368    -0.369652
v     0.292920    -0.362990    -0.364373
v     0.434835    -0.290681    -0.364373
v     0.485302    -0.277175    -0.345824
v     0.495823    -0.267734    -0.348036
v     0.528442    -0.253203    -0.331053
v     0.546313    -0.235332    -0.331053
v     0.577617    -0.220524    -0.311407
v     0.577734    -0.220394    -0.311380
v     0.594544    -0.208577    -0.298854
v     0.600593    -0.196705    -0.298854
v     0.608638    -0.190932    -0.291100
v     0.623586    -0.171136    -0.278720
v     0.633755    -0.128746    -0.274510
v     0.638560    -0.123316    -0.267608
v     0.624300    -0.128746    -0.286032
v     0.621794    -0.095243    -0.282619
v     0.585616     0.086639    -0.282619
v     0.561482     0.105811    -0.299295
v     0.543853     0.109610    -0.313143
v     0.444235     0.154247    -0.377186
v     0.364930     0.272936    -0.377186
v     0.307463     0.298364    -0.407266
v     0.209850     0.268219    -0.494778
v     0.168416     0.278251    -0.510978
v     0.119041     0.311243    -0.510978
v     0.097207     0.316205    -0.518132
v     0.095583     0.332551    -0.500116
v     0.036269     0.272575    -0.580816
v    -0.013041     0.258430    -0.607748
v    -0.019917     0.258917    -0.608739
v    -0.065329     0.267950    -0.608739
v    -0.062352     0.281123    -0.593262
v    -0.081187     0.253750    -0.622981
v    -0.082673     0.251856    -0.624778
v    -0.180873     0.232323    -0.624778
v    -0.221085     0.229475    -0.618986
v    -0.240462     0.235034    -0.608403
v    -0.306078     0.282013    -0.540907
v    -0.337254     0.274927    -0.530691
v    -0.383748     0.243861    -0.530691
v    -0.396398     0.240799    -0.525746
v    -0.486531     0.268634    -0.444939
v    -0.492166     0.266141    -0.441990
v    -0.508397     0.241848    -0.441990
v    -0.521967     0.238924    -0.431331
v    -0.530709     0.243564    -0.420465
v    -0.534049     0.178183    -0.431331
v    -0.538595     0.179210    -0.425990
v    -0.516016     0.158044    -0.449418
v    -0.500157     0.145596    -0.464465
v    -0.469853    -0.006752    -0.464465
v    -0.454771    -0.018733    -0.474887
v    -0.468176    -0.169521    -0.370132
v    -0.426476    -0.024830    -0.497112
v    -0.410330    -0.032065    -0.507493
v    -0.321634    -0.164808    -0.507493
v    -0.335041    -0.178214    -0.486971
v    -0.327884    -0.287815    -0.390785
v    -0.299018    -0.157823    -0.527769
v    -0.174581    -0.240970    -0.527769
v    -0.173175    -0.247493    -0.522645
v    -0.187976    -0.275377    -0.487982
v    -0.177487    -0.380956    -0.371620
v    -0.022743    -0.277415    -0.522645
v     0.008590    -0.317334    -0.484770
v     0.007851    -0.320603    -0.480928
v     0.030118    -0.315724    -0.482577
v     0.171544    -0.287592    -0.482577
v     0.249445    -0.282076    -0.471357
v     0.281591    -0.305091    -0.438290
v     0.370257    -0.284940    -0.409237
v     0.397773    -0.266554    -0.409237
v     0.477820    -0.247173    -0.377941
v     0.496783    -0.253029    -0.360941
v     0.535126    -0.236063    -0.340871
v     0.540253    -0.228390    -0.340871
v     0.562904    -0.218240    -0.326308
v     0.577267    -0.215145    -0.315026
v     0.600463    -0.196718    -0.298998
v     0.611242    -0.142528    -0.298998
v     0.613654    -0.140635    -0.296709
v     0.535565    -0.142528    -0.361105
v     0.494128    -0.132132    -0.393414
v     0.466034    -0.105899    -0.412188
v     0.351225    -0.039484    -0.483066
v     0.297675     0.160366    -0.483066
v     0.205324     0.214901    -0.524618
v     0.162110     0.212738    -0.548027
v     0.092767     0.229850    -0.574970
v     0.054072     0.268546    -0.574970
v    -0.051162     0.229960    -0.636012
v    -0.061283     0.230521    -0.637583
v    -0.082674     0.236252    -0.637583
v    -0.099937     0.217765    -0.649937
v    -0.110484     0.211875    -0.653049
v    -0.122013     0.211069    -0.651829
v    -0.161166     0.200578    -0.651829
v    -0.180926     0.199483    -0.648761
v    -0.251178     0.232608    -0.604884
v    -0.285990     0.197796    -0.604884
v    -0.344841     0.200741    -0.573006
v    -0.395905     0.234999    -0.528991
v    -0.466304     0.232060    -0.478133
v    -0.435082     0.145596    -0.517870
v    -0.363941     0.129460    -0.573006
v    -0.370763     0.129460    -0.568021
v    -0.317577     0.102638    -0.601630
v    -0.280025    -0.037506    -0.601630
v    -0.275388    -0.040244    -0.603716
v    -0.284102    -0.142907    -0.546260
v    -0.263054    -0.039627    -0.610397
v    -0.180425    -0.122256    -0.610397
v    -0.179420    -0.126330    -0.608814
v    -0.179806    -0.134054    -0.604630
v    -0.176256    -0.140066    -0.601925
v    -0.172429    -0.231718    -0.535712
v    -0.079878    -0.165891    -0.601925
v    -0.064370    -0.192698    -0.585375
v    -0.022743    -0.237278    -0.555585
v     0.023286    -0.234057    -0.550714
v     0.106752    -0.211693    -0.550714
v     0.158010    -0.208854    -0.542754
v     0.249644    -0.277289    -0.474815
v     0.324539    -0.260338    -0.450222
v     0.364093    -0.220784    -0.450222
v     0.468967    -0.226032    -0.393414
v     0.476452    -0.231054    -0.386962
v     0.276575    -0.039484    -0.522967
v     0.145829     0.001752    -0.586946
v     0.100993     0.040300    -0.605391
v     0.006419     0.080451    -0.639125
v    -0.052813     0.223452    -0.639125
v    -0.051334     0.224931    -0.638219
v    -0.082713     0.211373    -0.649712
v    -0.097742     0.217599    -0.649712
v    -0.124120     0.196015    -0.659574
v    -0.128772     0.192149    -0.660974
v    -0.135864     0.191610    -0.660247
v    -0.165731     0.179238    -0.660247
v    -0.169936     0.179005    -0.659594
v    -0.171597     0.179676    -0.659006
v    -0.180555     0.188635    -0.653522
v    -0.270423     0.191703    -0.614078
v    -0.204899     0.099278    -0.659006
v    -0.214832     0.095061    -0.655463
v    -0.238856     0.102638    -0.643706
v    -0.214443     0.089952    -0.654938
v    -0.259937    -0.038407    -0.612238
v    -0.181187     0.009664    -0.654938
v    -0.179444    -0.021836    -0.650046
v    -0.185106    -0.035852    -0.645083
v    -0.178068    -0.053218    -0.640699
v    -0.130042    -0.073111    -0.640699
v    -0.116861    -0.104158    -0.629625
v    -0.079878    -0.147174    -0.611929
v    -0.076096    -0.146886    -0.611541
v     0.019602    -0.107247    -0.611541
v     0.089059    -0.135304    -0.586946
v     0.157847    -0.204093    -0.544843
v     0.337085    -0.210212    -0.466172
v    -0.054295     0.080451    -0.657542
v    -0.080508     0.093006    -0.663916
v    -0.106764     0.117003    -0.668866
v    -0.108724     0.131790    -0.667602
v    -0.087990     0.206097    -0.651976
v    -0.138583     0.161649    -0.667602
v    -0.138583     0.171663    -0.665956
v    -0.141990     0.148065    -0.669276
v    -0.157089     0.132966    -0.669276
v    -0.160156     0.109830    -0.671252
v    -0.171701     0.099278    -0.669076
v    -0.166702     0.061574    -0.665855
v    -0.149163     0.044035    -0.665855
v    -0.145217     0.028297    -0.663916
v    -0.145217    -0.012285    -0.657244
v    -0.130042    -0.043968    -0.649539
v    -0.010250    -0.077395    -0.624348
v    -0.141990     0.117003    -0.672335
v    -0.149163     0.109830    -0.672335
f      1      2      3
f      1      3      4
f      5      6      7
f      5      7      8
f      5      8      1
f      5      1      4
f      6      9     10
f      6     10     11
f      6     11     12
f      6     12      7
f      7     12     13
f      7     13      8
f     14     15     16
f     14     16     17
f     14     17     18
f     14     18     19
f      3      2     20
f      3     20     14
f      3     14     19
f      3     19     21
f     21     19     18
f     21     18     22
f     21     22     23
f     23     22     24
f     23     24     25
f     23     25     26
f     23     26     27
f      4      3     21
f      4     21     23
f      4     23     27
f      4     27     28
f      4     28      5
f     27     26     29
f     27     29     30
f     27     30     31
f     27     31     32
f     27     32     28
f      5     28     32
f      5     32     33
f      5     33     34
f      5     34      9
f      5      9      6
f     34     35     36
f     34     36     10
f     34     10      9
f     33     37     38
f     33     38     39
f     33     39     35
f     33     35     34
f     10     36     40
f     10     40     41
f     10     41     11
f     11     41     42
f     11     42     13
f     11     13     12
f      8     13     42
f      8     42     43
f      8     43     20
f      8     20      2
f      8      2      1
f     44     45     46
f     44     46     47
f     44     47     48
f     44     48     49
f     16     49     48
f     16     48     50
f     16     50     17
f     50     48     47
f     50     47     51
f     50     51     52
f     18     17     50
f     18     50     52
f     18     52     53
f     18     53     24
f     18     24     22
f     24     53     54
f     24     54     55
f     24     55     56
f     24     56     25
f     55     57     58
f     55     58     59
f     55     59     60
f     55     60     56
f     25     56     60
f     25     60     61
f     25     61     62
f     25     62     63
f     25     63     29
f     25     29     26
f     62     64     65
f     62     65     63
f     29     63     65
f     29     65     66
f     29     66     67
f     29     67     30
f     66     68     69
f     66     69     70
f     66     70     71
f     66     71     72
f     66     72     67
f     30     67     72
f     30     72     73
f     30     73     74
f     30     74     75
f     30     75     31
f     32     31     75
f     32     75     76
f     32     76     77
f     32     77     37
f     32     37     33
f     76     78     79
f     76     79     80
f     76     80     77
f     77     80     81
f     77     81     38
f     77     38     37
f     79     82     83
f     79     83     81
f     79     81     80
f     38     81     83
f     38     83     84
f     38     84     85
f     38     85     39
f     39     85     86
f     39     86     40
f     39     40     36
f     39     36     35
f     42     41     40
f     42     40     86
f     42     86     87
f     42     87     88
f     42     88     43
f     43     88     89
f     43     89     15
f     43     15     14
f     43     14     20
f     89     90     91
f     89     91     44
f     89     44     49
f     89     49     16
f     89     16     15
f     92     93     94
f     92     94     95
f     92     95     96
f     97     96     95
f     97     95     98
f     97     98     46
f     97     46     45
f     98     95     94
f     98     94     99
f     98     99    100
f     98    100    101
f     47     46     98
f     47     98    101
f     47    101    102
f     47    102     51
f     52     51    102
f     52    102    103
f     52    103    104
f     52    104     54
f     52     54     53
f     54    104    105
f     54    105     57
f     54     57     55
f    105    106    107
f    105    107    108
f    105    108     58
f    105     58     57
f    107    109    110
f    107    110    111
f    107    111    108
f     58    108    111
f     58    111    112
f     58    112    113
f     58    113     59
f     60     59    113
f     60    113    114
f     60    114    115
f     60    115     61
f     61    115    116
f     61    116    117
f     61    117     64
f     61     64     62
f     65     64    117
f     65    117    118
f     65    118     68
f     65     68     66
f     69    119    120
f     69    120    121
f     69    121    122
f     69    122     70
f     70    122    123
f     70    123    124
f     70    124     71
f     72     71    124
f     72    124    125
f     72    125    126
f     72    126    127
f     72    127    128
f     72    128    129
f     72    129    130
f     72    130     73
f     73    130    131
f     73    131    132
f     73    132     74
f     75     74    132
f     75    132    133
f     75    133    134
f     75    134     78
f     75     78     76
f    134    135    136
f    134    136    137
f    134    137     82
f    134     82     79
f    134     79     78
f    138    139    140
f    138    140    141
f    138    141    142
f    138    142    136
f    138    136    135
f    136    142    143
f    136    143    144
f    136    144    137
f    143    142    141
f    143    141    145
f    143    145    146
f    147    144    143
f    147    143    146
f    147    146    148
f    147    148    149
f     83     82    137
f     83    137    144
f     83    144    147
f     83    147     84
f     86     85     84
f     86     84    147
f     86    147    149
f     86    149    150
f     86    150    151
f     86    151     87
f     87    151    152
f     87    152     90
f     87     90     89
f     87     89     88
f    152    153    154
f    152    154    155
f    152    155    156
f    152    156     91
f    152     91     90
f     91    156     97
f     91     97     45
f     91     45     44
f    155    157    158
f    155    158    159
f    155    159     92
f    155     92     96
f    155     96     97
f    155     97    156
f    160    161    162
f    160    162    163
f    160    163    164
f    159    164    163
f    159    163    165
f    159    165     93
f    159     93     92
f    163    162    166
f    163    166    167
f    163    167    165
f     94     93    165
f     94    165    167
f     94    167    168
f     94    168     99
f    100     99    168
f    100    168    169
f    100    169    170
f    102    101    100
f    102    100    170
f    102    170    171
f    102    171    172
f    102    172    103
f    103    172    173
f    103    173    174
f    103    174    106
f    103    106    105
f    103    105    104
f    174    175    176
f    174    176    109
f    174    109    107
f    174    107    106
f    177    178    179
f    177    179    180
f    177    180    181
f    177    181    182
f    177    182    176
f    177    176    175
f    181    183    184
f    181    184    185
f    181    185    182
f    176    182    185
f    176    185    186
f    176    186    110
f    176    110    109
f    111    110    186
f    111    186    187
f    111    187    188
f    111    188    189
f    111    189    112
f    113    112    189
f    113    189    190
f    113    190    191
f    113    191    114
f    114    191    192
f    114    192    116
f    114    116    115
f    118    193    119
f    118    119     69
f    118     69     68
f    194    120    119
f    194    119    193
f    124    123    195
f    124    195    125
f    125    195    196
f    125    196    197
f    125    197    126
f    128    198    199
f    128    199    200
f    128    200    201
f    128    201    129
f    129    201    202
f    129    202    131
f    129    131    130
f    132    131    202
f    132    202    203
f    132    203    204
f    132    204    205
f    132    205    133
f    133    205    206
f    133    206    207
f    133    207    208
f    133    208    138
f    133    138    135
f    133    135    134
f    208    209    210
f    208    210    211
f    208    211    212
f    208    212    139
f    208    139    138
f    212    213    140
f    212    140    139
f    211    214    215
f    211    215    216
f    211    216    213
f    211    213    212
f    140    213    216
f    140    216    217
f    140    217    218
f    140    218    145
f    140    145    141
f    217    216    215
f    217    215    219
f    220    218    217
f    220    217    219
f    220    219    221
f    220    221    222
f    220    222    223
f    220    223    224
f    146    145    218
f    146    218    220
f    146    220    148
f    149    148    220
f    149    220    224
f    149    224    225
f    149    225    226
f    149    226    227
f    149    227    150
f    150    227    228
f    150    228    229
f    150    229    153
f    150    153    152
f    150    152    151
f    229    230    231
f    229    231    154
f    229    154    153
f    154    231    232
f    154    232    233
f    154    233    234
f    154    234    235
f    154    235    157
f    154    157    155
f    234    236    237
f    234    237    238
f    234    238    235
f    235    238    239
f    235    239    158
f    235    158    157
f    158    239    240
f    158    240    241
f    158    241    242
f    158    242    160
f    158    160    164
f    158    164    159
f    241    243    244
f    241    244    245
f    241    245    242
f    242    245    246
f    242    246    247
f    242    247    161
f    242    161    160
f    246    248    249
f    246    249    250
f    246    250    251
f    246    251    247
f    166    162    161
f    166    161    247
f    166    247    251
f    166    251    252
f    252    251    250
f    252    250    253
f    252    253    254
f    168    167    166
f    168    166    252
f    168    252    254
f    168    254    255
f    168    255    256
f    168    256    169
f    170    169    256
f    170    256    257
f    170    257    258
f    170    258    171
f    171    258    259
f    171    259    260
f    171    260    173
f    171    173    172
f    173    260    261
f    173    261    262
f    173    262    177
f    173    177    175
f    173    175    174
f    262    263    264
f    262    264    178
f    262    178    177
f    264    265    266
f    264    266    267
f    264    267    268
f    264    268    179
f    264    179    178
f    179    268    269
f    179    269    270
f    179    270    271
f    179    271    180
f    180    271    272
f    180    272    183
f    180    183    181
f    184    183    272
f    184    272    273
f    184    273    274
f    186    185    184
f    186    184    274
f    186    274    275
f    186    275    187
f    189    188    276
f    189    276    277
f    189    277    190
f    190    277    278
f    190    278    279
f    190    279    192
f    190    192    191
f    116    192    279
f    116    279    280
f    116    280    194
f    116    194    193
f    116    193    118
f    116    118    117
f    280    281    282
f    280    282    121
f    280    121    120
f    280    120    194
f    121    282    283
f    121    283    196
f    121    196    195
f    121    195    123
f    121    123    122
f    126    197    284
f    126    284    127
f    127    284    285
f    127    285    198
f    127    198    128
f    199    286    287
f    199    287    288
f    199    288    289
f    199    289    200
f    202    201    200
f    202    200    289
f    202    289    290
f    202    290    203
f    203    290    291
f    203    291    292
f    203    292    293
f    203    293    204
f    204    293    294
f    204    294    295
f    204    295    296
f    204    296    206
f    204    206    205
f    206    296    297
f    206    297    298
f    206    298    207
f    207    298    299
f    207    299    300
f    207    300    209
f    207    209    208
f    300    301    302
f    300    302    303
f    300    303    210
f    300    210    209
f    210    303    304
f    210    304    305
f    210    305    214
f    210    214    211
f    304    306    307
f    304    307    308
f    304    308    305
f    219    215    214
f    219    214    305
f    219    305    308
f    219    308    221
f    221    308    307
f    221    307    309
f    221    309    310
f    221    310    222
f    222    310    311
f    222    311    312
f    222    312    313
f    222    313    314
f    222    314    223
f    224    223    314
f    224    314    315
f    224    315    225
f    225    315    316
f    225    316    317
f    225    317    318
f    225    318    226
f    226    318    319
f    226    319    320
f    226    320    321
f    226    321    228
f    226    228    227
f    228    321    322
f    228    322    323
f    228    323    230
f    228    230    229
f    323    324    325
f    323    325    232
f    323    232    231
f    323    231    230
f    232    325    326
f    232    326    327
f    232    327    328
f    232    328    233
f    233    328    329
f    233    329    330
f    233    330    236
f    233    236    234
f    330    331    332
f    330    332    333
f    330    333    237
f    330    237    236
f    237    333    334
f    237    334    240
f    237    240    239
f    237    239    238
f    240    334    335
f    240    335    336
f    240    336    243
f    240    243    241
f    336    337    338
f    336    338    244
f    336    244    243
f    244    338    339
f    244    339    340
f    244    340    248
f    244    248    246
f    244    246    245
f    339    341    342
f    339    342    343
f    339    343    340
f    340    343    344
f    340    344    249
f    340    249    248
f    344    343    342
f    344    342    345
f    344    345    346
f    344    346    347
f    344    347    348
f    250    249    344
f    250    344    348
f    250    348    349
f    250    349    253
f    254    253    349
f    254    349    350
f    254    350    351
f    254    351    255
f    256    255    351
f    256    351    352
f    256    352    353
f    256    353    257
f    257    353    354
f    257    354    355
f    257    355    259
f    257    259    258
f    259    355    356
f    259    356    357
f    259    357    261
f    259    261    260
f    261    357    358
f    261    358    359
f    261    359    360
f    261    360    263
f    261    263    262
f    360    361    265
f    360    265    264
f    360    264    263
f    362    363    364
f    362    364    365
f    362    365    266
f    362    266    265
f    362    265    361
f    266    365    366
f    266    366    367
f    266    367    368
f    266    368    267
f    267    368    269
f    267    269    268
f    269    368    367
f    269    367    369
f    269    369    370
f    269    370    270
f    270    370    273
f    270    273    272
f    270    272    271
f    274    273    370
f    274    370    369
f    274    369    371
f    274    371    372
f    274    372    373
f    274    373    275
f    187    275    373
f    187    373    374
f    187    374    276
f    187    276    188
f    276    374    375
f    276    375    376
f    276    376    377
f    276    377    378
f    276    378    278
f    276    278    277
f    279    278    378
f    279    378    281
f    279    281    280
f    378    377    379
f    378    379    380
f    378    380    381
f    378    381    382
f    378    382    283
f    378    283    282
f    378    282    281
f    196    283    382
f    196    382    383
f    196    383    285
f    196    285    284
f    196    284    197
f    382    381    384
f    382    384    385
f    382    385    386
f    382    386    383
f    285    383    386
f    285    386    286
f    285    286    199
f    285    199    198
f    386    385    387
f    386    387    287
f    386    287    286
f    287    387    388
f    287    388    389
f    287    389    288
f    289    288    389
f    289    389    390
f    289    390    291
f    289    291    290
f    291    390    391
f    291    391    392
f    291    392    393
f    291    393    292
f    292    393    394
f    292    394    395
f    292    395    396
f    292    396    294
f    292    294    293
f    294    396    397
f    294    397    398
f    294    398    295
f    295    398    399
f    295    399    400
f    295    400    297
f    295    297    296
f    297    400    401
f    297    401    402
f    297    402    299
f    297    299    298
f    299    402    403
f    299    403    404
f    299    404    301
f    299    301    300
f    404    405    406
f    404    406    302
f    404    302    301
f    302    406    407
f    302    407    408
f    302    408    306
f    302    306    304
f    302    304    303
f    307    306    408
f    307    408    409
f    307    409    410
f    307    410    309
f    309    410    411
f    309    411    311
f    309    311    310
f    311    411    412
f    311    412    413
f    311    413    312
f    312    413    414
f    312    414    415
f    312    415    416
f    312    416    417
f    312    417    418
f    312    418    313
f    314    313    418
f    314    418    419
f    314    419    316
f    314    316    315
f    316    419    420
f    316    420    421
f    316    421    422
f    316    422    423
f    316    423    317
f    317    423    424
f    317    424    319
f    317    319    318
f    320    425    426
f    320    426    322
f    320    322    321
f    322    426    427
f    322    427    428
f    322    428    324
f    322    324    323
f    428    429    430
f    428    430    326
f    428    326    325
f    428    325    324
f    326    430    431
f    326    431    432
f    326    432    433
f    326    433    327
f    327    433    434
f    327    434    329
f    327    329    328
f    329    434    435
f    329    435    436
f    329    436    437
f    329    437    331
f    329    331    330
f    437    438    439
f    437    439    440
f    437    440    332
f    437    332    331
f    332    440    441
f    332    441    335
f    332    335    334
f    332    334    333
f    335    441    442
f    335    442    443
f    335    443    444
f    335    444    337
f    335    337    336
f    443    445    446
f    443    446    447
f    443    447    448
f    443    448    444
f    444    448    449
f    444    449    450
f    444    450    341
f    444    341    339
f    444    339    338
f    444    338    337
f    449    451    452
f    449    452    453
f    449    453    450
f    450    453    454
f    450    454    345
f    450    345    342
f    450    342    341
f    455    454    453
f    455    453    452
f    455    452    456
f    455    456    457
f    345    454    455
f    345    455    346
f    347    346    455
f    347    455    457
f    347    457    458
f    347    458    459
f    349    348    347
f    349    347    459
f    349    459    460
f    349    460    461
f    349    461    350
f    351    350    461
f    351    461    462
f    351    462    463
f    351    463    352
f    352    463    464
f    352    464    465
f    352    465    354
f    352    354    353
f    354    465    466
f    354    466    467
f    354    467    356
f    354    356    355
f    356    467    468
f    356    468    469
f    356    469    358
f    356    358    357
f    358    469    470
f    358    470    471
f    358    471    472
f    358    472    359
f    359    472    473
f    359    473    362
f    359    362    361
f    359    361    360
f    473    474    475
f    473    475    363
f    473    363    362
f    475    476    477
f    475    477    364
f    475    364    363
f    364    477    478
f    364    478    366
f    364    366    365
f    478    477    476
f    478    476    479
f    478    479    480
f    478    480    481
f    478    481    482
f    369    367    366
f    369    366    478
f    369    478    482
f    369    482    371
f    371    482    481
f    371    481    483
f    371    483    484
f    371    484    485
f    371    485    372
f    373    372    485
f    373    485    486
f    373    486    375
f    373    375    374
f    375    486    487
f    375    487    488
f    375    488    489
f    375    489    376
f    376    489    490
f    376    490    491
f    376    491    379
f    376    379    377
f    490    492    493
f    490    493    494
f    490    494    495
f    490    495    491
f    379    491    495
f    379    495    496
f    379    496    380
f    495    494    497
f    495    497    498
f    495    498    499
f    495    499    500
f    495    500    496
f    380    496    500
f    380    500    501
f    380    501    384
f    380    384    381
f    500    499    502
f    500    502    503
f    500    503    504
f    500    504    505
f    500    505    506
f    500    506    501
f    384    501    506
f    384    506    507
f    384    507    388
f    384    388    387
f    384    387    385
f    507    506    505
f    507    505    508
f    507    508    509
f    509    508    510
f    509    510    511
f    509    511    512
f    389    388    507
f    389    507    509
f    389    509    512
f    389    512    513
f    389    513    391
f    389    391    390
f    391    513    514
f    391    514    515
f    391    515    516
f    391    516    392
f    392    516    517
f    392    517    394
f    392    394    393
f    394    517    518
f    394    518    519
f    394    519    520
f    394    520    395
f    395    520    521
f    395    521    397
f    395    397    396
f    397    521    522
f    397    522    523
f    397    523    399
f    397    399    398
f    399    523    524
f    399    524    525
f    399    525    401
f    399    401    400
f    401    525    526
f    401    526    527
f    401    527    403
f    401    403    402
f    403    527    528
f    403    528    529
f    403    529    405
f    403    405    404
f    529    530    531
f    529    531    407
f    529    407    406
f    529    406    405
f    407    531    532
f    407    532    533
f    407    533    409
f    407    409    408
f    409    533    534
f    409    534    412
f    409    412    411
f    409    411    410
f    412    534    535
f    412    535    536
f    412    536    414
f    412    414    413
f    414    536    537
f    414    537    415
f    416    538    539
f    416    539    417
f    418    417    539
f    418    539    420
f    418    420    419
f    421    540    541
f    421    541    542
f    421    542    422
f    422    542    543
f    422    543    544
f    422    544    424
f    422    424    423
f    319    424    544
f    319    544    545
f    319    545    546
f    319    546    425
f    319    425    320
f    546    547    548
f    546    548    427
f    546    427    426
f    546    426    425
f    427    548    549
f    427    549    550
f    427    550    429
f    427    429    428
f    550    551    431
f    550    431    430
f    550    430    429
f    431    551    552
f    431    552    553
f    431    553    432
f    432    553    554
f    432    554    435
f    432    435    434
f    432    434    433
f    435    554    555
f    435    555    556
f    435    556    436
f    436    556    557
f    436    557    438
f    436    438    437
f    557    558    559
f    557    559    560
f    557    560    561
f    557    561    439
f    557    439    438
f    439    561    562
f    439    562    442
f    439    442    441
f    439    441    440
f    442    562    563
f    442    563    445
f    442    445    443
f    563    564    565
f    563    565    446
f    563    446    445
f    446    565    566
f    446    566    567
f    446    567    568
f    446    568    569
f    446    569    570
f    446    570    447
f    447    570    571
f    447    571    451
f    447    451    449
f    447    449    448
f    569    572    573
f    569    573    574
f    569    574    571
f    569    571    570
f    571    574    575
f    571    575    456
f    571    456    452
f    571    452    451
f    576    575    574
f    576    574    573
f    576    573    577
f    576    577    578
f    457    456    575
f    457    575    576
f    457    576    458
f    459    458    576
f    459    576    578
f    459    578    579
f    459    579    460
f    461    460    579
f    461    579    580
f    461    580    581
f    461    581    462
f    462    581    582
f    462    582    583
f    462    583    464
f    462    464    463
f    464    583    584
f    464    584    585
f    464    585    586
f    464    586    466
f    464    466    465
f    466    586    587
f    466    587    588
f    466    588    468
f    466    468    467
f    468    588    589
f    468    589    590
f    468    590    470
f    468    470    469
f    470    590    591
f    470    591    592
f    470    592    471
f    471    592    593
f    471    593    474
f    471    474    473
f    471    473    472
f    593    479    476
f    593    476    475
f    593    475    474
f    591    594    595
f    591    595    480
f    591    480    479
f    591    479    593
f    591    593    592
f    481    480    595
f    481    595    596
f    481    596    483
f    483    596    597
f    483    597    598
f    483    598    599
f    483    599    484
f    485    484    599
f    485    599    600
f    485    600    487
f    485    487    486
f    487    600    601
f    487    601    602
f    487    602    488
f    488    602    603
f    488    603    604
f    488    604    492
f    488    492    490
f    488    490    489
f    604    605    606
f    604    606    607
f    604    607    493
f    604    493    492
f    493    607    608
f    493    608    609
f    493    609    497
f    493    497    494
f    608    610    611
f    608    611    612
f    608    612    613
f    608    613    609
f    497    609    613
f    497    613    614
f    497    614    615
f    497    615    616
f    497    616    498
f    615    617    618
f    615    618    616
f    498    616    618
f    498    618    619
f    498    619    620
f    498    620    502
f    498    502    499
f    502    620    621
f    502    621    622
f    502    622    623
f    502    623    503
f    503    623    624
f    503    624    504
f    510    625    626
f    510    626    627
f    510    627    511
f    627    626    628
f    627    628    629
f    627    629    630
f    627    630    631
f    512    511    627
f    512    627    631
f    512    631    632
f    512    632    514
f    512    514    513
f    514    632    633
f    514    633    634
f    514    634    635
f    514    635    515
f    515    635    636
f    515    636    518
f    515    518    517
f    515    517    516
f    518    636    637
f    518    637    638
f    518    638    639
f    518    639    519
f    519    639    640
f    519    640    522
f    519    522    521
f    519    521    520
f    522    640    641
f    522    641    642
f    522    642    643
f    522    643    524
f    522    524    523
f    524    643    644
f    524    644    526
f    524    526    525
f    526    644    645
f    526    645    646
f    526    646    647
f    526    647    528
f    526    528    527
f    528    647    648
f    528    648    530
f    528    530    529
f    648    649    532
f    648    532    531
f    648    531    530
f    532    649    650
f    532    650    535
f    532    535    534
f    532    534    533
f    535    650    651
f    535    651    652
f    535    652    537
f    535    537    536
f    415    537    652
f    415    652    653
f    415    653    538
f    415    538    416
f    420    539    538
f    420    538    653
f    420    653    654
f    420    654    540
f    420    540    421
f    654    655    656
f    654    656    541
f    654    541    540
f    541    656    657
f    541    657    658
f    541    658    543
f    541    543    542
f    544    543    658
f    544    658    659
f    544    659    660
f    544    660    545
f    545    660    661
f    545    661    662
f    545    662    547
f    545    547    546
f    662    663    664
f    662    664    549
f    662    549    548
f    662    548    547
f    549    664    665
f    549    665    666
f    549    666    552
f    549    552    551
f    549    551    550
f    665    667    668
f    665    668    669
f    665    669    670
f    665    670    666
f    666    670    671
f    666    671    555
f    666    555    554
f    666    554    553
f    666    553    552
f    669    672    673
f    669    673    674
f    669    674    671
f    669    671    670
f    555    671    674
f    555    674    675
f    555    675    558
f    555    558    557
f    555    557    556
f    674    673    676
f    674    676    677
f    674    677    678
f    674    678    675
f    675    678    679
f    675    679    680
f    675    680    559
f    675    559    558
f    559    680    681
f    559    681    682
f    559    682    683
f    559    683    560
f    560    683    564
f    560    564    563
f    560    563    562
f    560    562    561
f    682    684    566
f    682    566    565
f    682    565    564
f    682    564    683
f    566    684    685
f    566    685    686
f    566    686    567
f    568    687    688
f    568    688    572
f    568    572    569
f    688    687    689
f    688    689    690
f    688    690    691
f    688    691    692
f    577    573    572
f    577    572    688
f    577    688    692
f    577    692    693
f    693    692    691
f    693    691    694
f    579    578    577
f    579    577    693
f    579    693    694
f    579    694    695
f    579    695    580
f    580    695    696
f    580    696    697
f    580    697    698
f    580    698    582
f    580    582    581
f    582    698    699
f    582    699    584
f    582    584    583
f    584    699    700
f    584    700    701
f    584    701    702
f    584    702    585
f    585    702    703
f    585    703    587
f    585    587    586
f    587    703    704
f    587    704    705
f    587    705    706
f    587    706    589
f    587    589    588
f    589    706    594
f    589    594    591
f    589    591    590
f    705    597    596
f    705    596    595
f    705    595    594
f    705    594    706
f    704    707    708
f    704    708    598
f    704    598    597
f    704    597    705
f    599    598    708
f    599    708    709
f    599    709    601
f    599    601    600
f    601    709    710
f    601    710    711
f    601    711    712
f    601    712    603
f    601    603    602
f    603    712    713
f    603    713    605
f    603    605    604
f    713    714    715
f    713    715    716
f    713    716    606
f    713    606    605
f    606    716    717
f    606    717    610
f    606    610    608
f    606    608    607
f    717    718    719
f    717    719    720
f    717    720    611
f    717    611    610
f    611    720    721
f    611    721    722
f    611    722    723
f    611    723    612
f    613    612    723
f    613    723    724
f    613    724    725
f    613    725    614
f    614    725    726
f    614    726    727
f    614    727    617
f    614    617    615
f    618    617    727
f    618    727    728
f    618    728    729
f    618    729    619
f    619    729    621
f    619    621    620
f    624    623    622
f    624    622    730
f    624    730    628
f    624    628    626
f    624    626    625
f    628    730    731
f    628    731    732
f    628    732    629
f    631    630    733
f    631    733    633
f    631    633    632
f    633    733    734
f    633    734    735
f    633    735    736
f    633    736    634
f    634    736    737
f    634    737    637
f    634    637    636
f    634    636    635
f    637    737    738
f    637    738    739
f    637    739    638
f    638    739    740
f    638    740    641
f    638    641    640
f    638    640    639
f    641    740    741
f    641    741    742
f    641    742    743
f    641    743    642
f    642    743    645
f    642    645    644
f    642    644    643
f    645    743    742
f    645    742    744
f    645    744    745
f    645    745    646
f    646    745    746
f    646    746    651
f    646    651    650
f    646    650    649
f    646    649    648
f    646    648    647
f    746    745    744
f    746    744    747
f    746    747    748
f    746    748    749
f    653    652    651
f    653    651    746
f    653    746    749
f    653    749    655
f    653    655    654
f    749    748    750
f    749    750    657
f    749    657    656
f    749    656    655
f    658    657    750
f    658    750    751
f    658    751    752
f    658    752    659
f    659    752    753
f    659    753    661
f    659    661    660
f    661    753    754
f    661    754    755
f    661    755    756
f    661    756    663
f    661    663    662
f    756    757    758
f    756    758    667
f    756    667    665
f    756    665    664
f    756    664    663
f    758    759    760
f    758    760    761
f    758    761    668
f    758    668    667
f    668    761    762
f    668    762    672
f    668    672    669
f    760    763    764
f    760    764    765
f    760    765    766
f    760    766    767
f    760    767    768
f    760    768    762
f    760    762    761
f    762    768    769
f    762    769    676
f    762    676    673
f    762    673    672
f    767    770    771
f    767    771    772
f    767    772    769
f    767    769    768
f    676    769    772
f    676    772    773
f    676    773    774
f    676    774    677
f    677    774    775
f    677    775    776
f    677    776    679
f    677    679    678
f    679    776    777
f    679    777    681
f    679    681    680
f    681    777    778
f    681    778    685
f    681    685    684
f    681    684    682
f    778    779    780
f    778    780    781
f    778    781    686
f    778    686    685
f    567    686    781
f    567    781    782
f    567    782    689
f    567    689    687
f    567    687    568
f    690    689    782
f    690    782    783
f    690    783    784
f    694    691    690
f    694    690    784
f    694    784    696
f    694    696    695
f    696    784    783
f    696    783    785
f    696    785    786
f    696    786    787
f    696    787    697
f    697    787    788
f    697    788    789
f    697    789    700
f    697    700    699
f    697    699    698
f    788    790    791
f    788    791    792
f    788    792    793
f    788    793    789
f    700    789    793
f    700    793    794
f    700    794    701
f    793    792    795
f    793    795    796
f    793    796    797
f    793    797    798
f    793    798    794
f    701    794    798
f    701    798    707
f    701    707    704
f    701    704    703
f    701    703    702
f    708    707    798
f    708    798    797
f    708    797    710
f    708    710    709
f    710    797    796
f    710    796    799
f    710    799    800
f    710    800    801
f    710    801    802
f    710    802    711
f    711    802    803
f    711    803    714
f    711    714    713
f    711    713    712
f    803    804    805
f    803    805    806
f    803    806    715
f    803    715    714
f    715    806    807
f    715    807    718
f    715    718    717
f    715    717    716
f    807    808    809
f    807    809    810
f    807    810    719
f    807    719    718
f    719    810    811
f    719    811    721
f    719    721    720
f    721    811    812
f    721    812    813
f    721    813    722
f    723    722    813
f    723    813    814
f    723    814    815
f    723    815    724
f    724    815    816
f    724    816    726
f    724    726    725
f    726    816    817
f    726    817    818
f    726    818    728
f    726    728    727
f    621    729    728
f    621    728    818
f    621    818    819
f    621    819    731
f    621    731    730
f    621    730    622
f    731    819    820
f    731    820    821
f    731    821    822
f    731    822    732
f    629    732    822
f    629    822    823
f    629    823    734
f    629    734    733
f    629    733    630
f    734    823    824
f    734    824    825
f    734    825    826
f    734    826    735
f    735    826    827
f    735    827    738
f    735    738    737
f    735    737    736
f    825    828    829
f    825    829    830
f    825    830    827
f    825    827    826
f    738    827    830
f    738    830    831
f    738    831    741
f    738    741    740
f    738    740    739
f    830    829    832
f    830    832    833
f    830    833    831
f    741    831    833
f    741    833    834
f    741    834    747
f    741    747    744
f    741    744    742
f    834    833    832
f    834    832    835
f    834    835    836
f    834    836    837
f    834    837    838
f    750    748    747
f    750    747    834
f    750    834    838
f    750    838    751
f    751    838    837
f    751    837    754
f    751    754    753
f    751    753    752
f    754    837    836
f    754    836    839
f    754    839    840
f    754    840    755
f    755    840    841
f    755    841    842
f    755    842    843
f    755    843    757
f    755    757    756
f    843    844    845
f    843    845    759
f    843    759    758
f    843    758    757
f    845    846    847
f    845    847    763
f    845    763    760
f    845    760    759
f    847    848    849
f    847    849    764
f    847    764    763
f    764    849    850
f    764    850    851
f    764    851    765
f    765    851    852
f    765    852    853
f    765    853    766
f    766    853    854
f    766    854    770
f    766    770    767
f    772    771    855
f    772    855    856
f    772    856    773
f    773    856    775
f    773    775    774
f    775    856    855
f    775    855    857
f    775    857    858
f    775    858    779
f    775    779    778
f    775    778    777
f    775    777    776
f    780    779    858
f    780    858    859
f    783    782    781
f    783    781    780
f    783    780    859
f    783    859    860
f    783    860    785
f    785    860    861
f    785    861    862
f    785    862    863
f    785    863    786
f    786    863    864
f    786    864    790
f    786    790    788
f    786    788    787
f    864    865    866
f    864    866    867
f    864    867    791
f    864    791    790
f    791    867    868
f    791    868    869
f    791    869    795
f    791    795    792
f    869    868    870
f    869    870    871
f    869    871    872
f    869    872    873
f    869    873    874
f    796    795    869
f    796    869    874
f    796    874    799
f    799    874    873
f    799    873    875
f    799    875    800
f    800    875    876
f    800    876    877
f    800    877    878
f    800    878    879
f    800    879    880
f    800    880    801
f    801    880    881
f    801    881    804
f    801    804    803
f    801    803    802
f    881    882    883
f    881    883    884
f    881    884    805
f    881    805    804
f    805    884    885
f    805    885    808
f    805    808    807
f    805    807    806
f    885    886    887
f    885    887    888
f    885    888    809
f    885    809    808
f    809    888    812
f    809    812    811
f    809    811    810
f    813    812    888
f    813    888    887
f    813    887    889
f    813    889    890
f    813    890    814
f    814    890    817
f    814    817    816
f    814    816    815
f    818    817    890
f    818    890    889
f    818    889    891
f    818    891    820
f    818    820    819
f    820    891    892
f    820    892    893
f    820    893    821
f    822    821    893
f    822    893    894
f    822    894    895
f    822    895    824
f    822    824    823
f    894    896    897
f    894    897    898
f    894    898    899
f    894    899    895
f    824    895    899
f    824    899    900
f    824    900    828
f    824    828    825
f    899    898    901
f    899    901    902
f    899    902    903
f    899    903    904
f    899    904    900
f    832    829    828
f    832    828    900
f    832    900    904
f    832    904    905
f    832    905    835
f    905    904    903
f    905    903    906
f    905    906    907
f    905    907    908
f    836    835    905
f    836    905    908
f    836    908    839
f    839    908    907
f    839    907    909
f    839    909    841
f    839    841    840
f    841    909    910
f    841    910    911
f    841    911    912
f    841    912    842
f    842    912    913
f    842    913    844
f    842    844    843
f    913    914    915
f    913    915    916
f    913    916    846
f    913    846    845
f    913    845    844
f    916    917    848
f    916    848    847
f    916    847    846
f    918    919    920
f    918    920    850
f    918    850    849
f    918    849    848
f    918    848    917
f    850    920    921
f    850    921    852
f    850    852    851
f    852    921    922
f    852    922    923
f    852    923    854
f    852    854    853
f    854    923    857
f    854    857    855
f    854    855    771
f    854    771    770
f    859    858    857
f    859    857    923
f    859    923    922
f    859    922    924
f    859    924    925
f    859    925    926
f    859    926    861
f    859    861    860
f    861    926    927
f    861    927    928
f    861    928    862
f    862    928    929
f    862    929    865
f    862    865    864
f    862    864    863
f    929    930    931
f    929    931    932
f    929    932    866
f    929    866    865
f    866    932    870
f    866    870    868
f    866    868    867
f    871    933    934
f    871    934    935
f    871    935    872
f    873    872    935
f    873    935    876
f    873    876    875
f    876    935    936
f    876    936    937
f    876    937    938
f    876    938    877
f    877    938    939
f    877    939    940
f    877    940    878
f    879    941    882
f    879    882    881
f    879    881    880
f    942    943    944
f    942    944    883
f    942    883    882
f    942    882    941
f    883    944    945
f    883    945    886
f    883    886    885
f    883    885    884
f    946    945    944
f    946    944    943
f    946    943    947
f    946    947    948
f    889    887    886
f    889    886    945
f    889    945    946
f    889    946    892
f    889    892    891
f    893    892    946
f    893    946    948
f    893    948    896
f    893    896    894
f    948    947    949
f    948    949    950
f    948    950    897
f    948    897    896
f    897    950    951
f    897    951    952
f    897    952    901
f    897    901    898
f    951    953    954
f    951    954    955
f    951    955    956
f    951    956    952
f    901    952    956
f    901    956    957
f    901    957    958
f    901    958    902
f    958    957    959
f    958    959    960
f    903    902    958
f    903    958    960
f    903    960    961
f    903    961    906
f    907    906    961
f    907    961    962
f    907    962    910
f    907    910    909
f    910    962    963
f    910    963    964
f    910    964    965
f    910    965    911
f    911    965    966
f    911    966    914
f    911    914    913
f    911    913    912
f    966    967    968
f    966    968    969
f    966    969    915
f    966    915    914
f    915    969    918
f    915    918    917
f    915    917    916
f    968    925    924
f    968    924    919
f    968    919    918
f    968    918    969
f    922    921    920
f    922    920    919
f    922    919    924
f    927    970    971
f    927    971    972
f    927    972    930
f    927    930    929
f    927    929    928
f    973    974    975
f    973    975    931
f    973    931    930
f    973    930    972
f    870    932    931
f    870    931    975
f    870    975    933
f    870    933    871
f    975    974    976
f    975    976    977
f    975    977    934
f    975    934    933
f    935    934    977
f    935    977    936
f    937    978    979
f    937    979    980
f    937    980    939
f    937    939    938
f    939    980    981
f    939    981    982
f    939    982    983
f    939    983    984
f    939    984    940
f    878    940    984
f    878    984    985
f    878    985    942
f    878    942    941
f    878    941    879
f    984    983    986
f    984    986    987
f    984    987    988
f    984    988    985
f    985    988    949
f    985    949    947
f    985    947    943
f    985    943    942
f    949    988    987
f    949    987    989
f    949    989    990
f    949    990    953
f    949    953    951
f    949    951    950
f    989    991    992
f    989    992    993
f    989    993    990
f    990    993    994
f    990    994    954
f    990    954    953
f    955    954    994
f    955    994    995
f    955    995    996
f    959    957    956
f    959    956    955
f    959    955    996
f    959    996    997
f    961    960    959
f    961    959    997
f    961    997    998
f    961    998    963
f    961    963    962
f    963    998    999
f    963    999   1000
f    963   1000   1001
f    963   1001    964
f    964   1001   1002
f    964   1002    967
f    964    967    966
f    964    966    965
f   1000    971    970
f   1000    970   1002
f   1000   1002   1001
f   1002    970    927
f   1002    927    926
f   1002    926    925
f   1002    925    968
f   1002    968    967
f   1003   1004   1005
f   1003   1005   1006
f   1003   1006   1007
f   1003   1007    976
f   1003    976    974
f   1003    974    973
f   1007   1006   1008
f   1007   1008   1009
f   1007   1009    979
f   1007    979    978
f    936    977    976
f    936    976   1007
f    936   1007    978
f    936    978    937
f    979   1009    981
f    979    981    980
f    981   1009   1008
f    981   1008   1010
f    981   1010   1011
f    981   1011    982
f    982   1011   1012
f    982   1012   1013
f    982   1013    986
f    982    986    983
f    986   1013   1014
f    986   1014    991
f    986    991    989
f    986    989    987
f    992    991   1014
f    992   1014   1015
f    992   1015   1016
f    992   1016   1017
f    995    994    993
f    995    993    992
f    995    992   1017
f    995   1017   1018
f    997    996    995
f    997    995   1018
f    997   1018   1019
f    997   1019    999
f    997    999    998
f   1018   1017   1016
f   1018   1016   1004
f   1018   1004   1003
f   1018   1003   1019
f    999   1019   1003
f    999   1003    973
f    999    973    972
f    999    972    971
f    999    971   1000
f   1005   1020   1010
f   1005   1010   1008
f   1005   1008   1006
f   1010   1020   1021
f   1010   1021   1012
f   1010   1012   1011
f   1012   1021   1015
f   1012   1015   1014
f   1012   1014   1013
f   1016   1015   1021
f   1016   1021   1020
f   1016   1020   1005
f   1016   1005   1004
f    505    504    624
f    505    624    625
f    505    625    510
f    505    510    508
