v    -0.242776     0.179255     0.477228
v    -0.291186     0.139034     0.485957
v    -0.388525     0.032531     0.506034
v    -0.392669     0.016002     0.508070
v    -0.392669    -0.048798     0.514452
v    -0.042378    -0.048798     0.479952
v    -0.020267    -0.043254     0.477228
v    -0.426333    -0.017662     0.508070
v    -0.431867    -0.059404     0.511636
v    -0.433586    -0.076160     0.513117
v    -0.434535    -0.086748     0.514067
v    -0.430619    -0.086748     0.514452
v    -0.451450    -0.133420     0.507804
v    -0.456516    -0.152888     0.505387
v    -0.454925    -0.170638     0.503796
v    -0.454237    -0.177348     0.503203
v    -0.450684    -0.204141     0.500914
v    -0.430619    -0.224207     0.500914
v    -0.426030    -0.242507     0.498659
v    -0.207057    -0.213477     0.479952
v     0.242117     0.335764     0.371770
v     0.136356    -0.043254     0.451476
v     0.295528    -0.119490     0.412771
v     0.392183    -0.119490     0.383451
v     0.383529    -0.005635     0.371770
v     0.240455     0.365785     0.367108
v    -0.172874     0.250450     0.454029
v    -0.213649     0.216556     0.466306
v     0.278771     0.460636     0.333520
v     0.129060     0.522648     0.333520
v    -0.063192     0.378023     0.401549
v    -0.388222     0.098840     0.485957
v    -0.399320     0.089481     0.487402
v    -0.403045     0.082641     0.489009
v    -0.419814     0.041262     0.499454
v    -0.424544     0.036532     0.499454
v    -0.427343    -0.014041     0.507309
v    -0.427998    -0.015623     0.507309
v    -0.429006    -0.021762     0.507775
v    -0.451875    -0.208410     0.500016
v    -0.452059    -0.211607     0.499460
v    -0.452061    -0.212767     0.499269
v    -0.449909    -0.251639     0.493232
v    -0.427395    -0.245357     0.497967
v    -0.450074    -0.252048     0.493087
v    -0.452269    -0.264391     0.489067
v    -0.452952    -0.272951     0.486384
v    -0.452088    -0.275714     0.485655
v    -0.446168    -0.290322     0.481968
v    -0.441799    -0.298344     0.480083
v    -0.441463    -0.298774     0.479995
v    -0.427395    -0.304601     0.479995
v    -0.415222    -0.333272     0.469768
v    -0.349075    -0.410209     0.438118
v    -0.298187    -0.452767     0.418814
v    -0.266033    -0.476955     0.407437
v    -0.217441    -0.473261     0.402452
v     0.161470    -0.316311     0.402452
v     0.314553    -0.307838     0.378675
v     0.340769    -0.281622     0.378675
v     0.423669    -0.248026     0.357749
v     0.454661    -0.173205     0.357749
v     0.446804     0.172895     0.312379
v     0.468519    -0.177576     0.350968
v     0.495767    -0.177576     0.336404
v     0.503055    -0.170771     0.331534
v     0.490391     0.010226     0.312379
v     0.430568     0.466030     0.266856
v     0.419512     0.476845     0.269702
v     0.290579     0.472444     0.326293
v     0.390608     0.604554     0.227767
v     0.315635     0.679527     0.227767
v     0.295929     0.629189     0.257495
v     0.208837     0.598321     0.286468
v     0.142950     0.540140     0.323460
v     0.316120     0.689222     0.222515
v     0.305862     0.691971     0.222515
v     0.283015     0.677760     0.233383
v    -0.181531     0.346314     0.401549
v    -0.213661     0.306905     0.418012
v    -0.257777     0.232197     0.451626
v    -0.432524     0.053162     0.489009
v    -0.429411     0.042313     0.494934
v    -0.425108     0.036551     0.499206
v    -0.430054    -0.025673     0.507775
v    -0.452142    -0.214725     0.498883
v    -0.449546    -0.286943     0.481968
v    -0.424935    -0.323582     0.472221
v    -0.415396    -0.333334     0.469711
v    -0.410655    -0.341362     0.466098
v    -0.369112    -0.392317     0.444812
v    -0.357194    -0.404399     0.440061
v     0.151685    -0.604089     0.279656
v    -0.261720    -0.484411     0.402833
v    -0.219387    -0.529746     0.372539
v    -0.123779    -0.618800     0.311245
v    -0.060890    -0.657915     0.281330
v    -0.043713    -0.656714     0.279513
v     0.151497    -0.604407     0.279513
v     0.314851    -0.437281     0.322599
v     0.318471    -0.422610     0.328300
v     0.461492    -0.279589     0.328300
v     0.468291    -0.249550     0.338164
v     0.486116    -0.232114     0.333575
v     0.486350    -0.227885     0.334232
v     0.494331    -0.198101     0.334232
v     0.560550     0.204520     0.223085
v     0.507971    -0.170771     0.327499
v     0.511234    -0.168209     0.324403
v     0.548003    -0.127148     0.287525
v     0.578759    -0.062257     0.251691
v     0.590697    -0.031645     0.236896
v     0.580559     0.103926     0.223085
v     0.542418     0.460576     0.186205
v     0.541668     0.461391     0.186593
v     0.522598     0.545296     0.159101
v     0.415865     0.705033     0.159101
v     0.404343     0.710132     0.165132
v     0.400258     0.710256     0.168107
v     0.399562     0.710041     0.168731
v     0.363745     0.718713     0.182733
v     0.360918     0.719044     0.184021
v     0.337884     0.717089     0.196912
v     0.336364     0.716359     0.198072
v     0.327258     0.705825     0.208205
v     0.345507     0.722547     0.189071
v     0.314608     0.701257     0.214018
v     0.314496     0.701168     0.214105
v     0.332363     0.717155     0.198072
v     0.110099     0.643365     0.233383
v     0.053697     0.572368     0.282441
v    -0.174128     0.362837     0.390926
v    -0.463857     0.139729     0.418012
v    -0.466120     0.134617     0.420688
v    -0.458235     0.109084     0.443578
v    -0.442278     0.093127     0.463360
v    -0.440252     0.069255     0.476720
v    -0.463319     0.101474     0.443578
v    -0.433542    -0.016013     0.503335
v    -0.448169    -0.089552     0.503335
v    -0.466868    -0.164448     0.495005
v    -0.455189    -0.223164     0.495005
v    -0.456776    -0.278292     0.480890
v    -0.449710    -0.288868     0.480890
v    -0.449210    -0.290933     0.480083
v    -0.419759    -0.335279     0.466098
v    -0.263199    -0.484945     0.402154
v    -0.246302    -0.506214     0.387457
v    -0.058083    -0.661492     0.277937
v    -0.016393    -0.698823     0.240494
v     0.014200    -0.713324     0.223600
v     0.033122    -0.711909     0.221672
v     0.082141    -0.702158     0.221672
v     0.101875    -0.700761     0.218830
v     0.148714    -0.657684     0.241133
v     0.149330    -0.656307     0.242018
v     0.399357    -0.444454     0.275305
v     0.371218    -0.508047     0.242018
v     0.442570    -0.401241     0.275305
v     0.464226    -0.311798     0.310274
v     0.493759    -0.231795     0.328053
v     0.481427    -0.286056     0.310274
v     0.498648    -0.226479     0.325522
v     0.499620    -0.212750     0.327499
v     0.636092     0.274463     0.122506
v     0.638588     0.039475     0.164815
v     0.639933     0.043647     0.162371
v     0.655139     0.099633     0.133037
v     0.645926     0.212376     0.122506
v     0.623469     0.422050     0.103691
v     0.620914     0.430159     0.104751
v     0.620183     0.432104     0.105137
v     0.617023     0.439501     0.107036
v     0.605869     0.454272     0.116273
v     0.595962     0.493906     0.104330
v     0.529607     0.624135     0.104330
v     0.526842     0.634467     0.100532
v     0.520213     0.645308     0.099969
v     0.490553     0.678362     0.106918
v     0.487373     0.681058     0.108183
v     0.445975     0.700642     0.134164
v     0.436533     0.703684     0.140963
v     0.427761     0.707592     0.145530
v     0.404359     0.710136     0.165112
v     0.369479     0.718493     0.179420
v     0.366549     0.718962     0.180786
v     0.345488     0.724226     0.187133
v     0.345400     0.723620     0.187888
v     0.332904     0.719551     0.195258
v     0.332904     0.726761     0.186472
v     0.344776     0.724881     0.186472
v     0.258254     0.767420     0.122523
v     0.242732     0.766151     0.121073
v     0.160373     0.753107     0.121073
v     0.158967     0.751813     0.122378
v     0.321786     0.736599     0.172338
v     0.292316     0.756444     0.142470
v     0.133234     0.732382     0.138470
v     0.116646     0.709267     0.160750
v    -0.254311     0.520255     0.160750
v    -0.353741     0.378805     0.266146
v    -0.421396     0.318098     0.280370
v    -0.457146     0.242525     0.327798
v    -0.510510     0.189160     0.327798
v    -0.513101     0.183345     0.330826
v    -0.502305     0.145290     0.376692
v    -0.483798     0.133462     0.405173
v    -0.481828     0.111298     0.420571
v    -0.509203     0.131752     0.376692
v    -0.497456     0.109745     0.403346
v    -0.500704     0.071777     0.408187
v    -0.528115    -0.101289     0.408187
v    -0.533394    -0.165890     0.414221
v    -0.473253    -0.165890     0.487504
v    -0.556421    -0.200086     0.379563
v    -0.543262    -0.283172     0.379563
v    -0.536850    -0.286492     0.386734
v    -0.511323    -0.282802     0.418552
v    -0.472534    -0.286656     0.461303
v    -0.535899    -0.288360     0.386734
v    -0.475870    -0.291371     0.454641
v    -0.472777    -0.289394     0.459401
v    -0.420204    -0.347037     0.454641
v    -0.418955    -0.347593     0.455291
v    -0.307568    -0.474997     0.387457
v    -0.122254    -0.620925     0.309197
v    -0.065383    -0.663869     0.273632
v    -0.029689    -0.696718     0.240494
v     0.022007    -0.720231     0.213676
v     0.040895    -0.732951     0.194532
v     0.048346    -0.732342     0.193836
v     0.080319    -0.727278     0.193836
v     0.098721    -0.725704     0.191491
v     0.099452    -0.725152     0.191948
v     0.140476    -0.714898     0.179585
v     0.237308    -0.665560     0.179585
v     0.266770    -0.657675     0.168756
v     0.350885    -0.582199     0.186441
v     0.368857    -0.544207     0.210284
v     0.462079    -0.399967     0.258185
v     0.443157    -0.469907     0.210284
v     0.466839    -0.416746     0.237963
v     0.484204    -0.317294     0.288572
v     0.519589    -0.224398     0.302442
v     0.508086    -0.270423     0.288572
v     0.526536    -0.215199     0.296689
v     0.535620    -0.205328     0.287525
v     0.666545     0.125956     0.105215
v     0.660474     0.195129     0.099536
v     0.654021     0.244145     0.099536
v     0.638382     0.370084     0.091997
v     0.624704     0.418313     0.102566
v     0.649398     0.292153     0.094320
v     0.610250     0.460250     0.103693
v     0.595997     0.494662     0.103693
v     0.615074     0.446706     0.105137
v     0.614222     0.449287     0.104738
v     0.554637     0.587767     0.094455
v     0.539137     0.616555     0.095718
v     0.536956     0.620153     0.096246
v     0.532577     0.626751     0.097793
v     0.595278     0.497095     0.102901
v     0.500723     0.670980     0.099630
v     0.519871     0.646025     0.099630
v     0.485952     0.682479     0.108183
v     0.452338     0.699892     0.127479
v     0.451668     0.700406     0.127479
v     0.435100     0.708289     0.135293
v     0.375199     0.718753     0.174595
v     0.343552     0.731862     0.174595
v     0.332194     0.739251     0.164813
v     0.340281     0.734696     0.170542
v     0.308306     0.754339     0.142470
v     0.221312     0.783788     0.082801
v     0.196642     0.787500     0.069779
v     0.182132     0.786227     0.068588
v     0.170141     0.784648     0.068588
v     0.254910     0.769231     0.118311
v     0.165831     0.784233     0.068119
v     0.009372     0.759252    -0.004941
v    -0.036817     0.740120    -0.004941
v     0.154208     0.787568     0.053170
v     0.140616     0.787104     0.043692
v     0.117740     0.783746     0.032470
v     0.072318     0.776282     0.011648
v    -0.169355     0.659295     0.015257
v    -0.245327     0.562993     0.102767
v    -0.076303     0.728452    -0.017782
v    -0.390940     0.451260     0.102767
v    -0.472838     0.338436     0.183619
v    -0.476610     0.311592     0.222361
v    -0.501817     0.262930     0.250294
v    -0.522804     0.235581     0.250294
v    -0.528029     0.224598     0.255474
v    -0.524135     0.183597     0.312666
v    -0.520244     0.181844     0.321135
v    -0.518153     0.135900     0.359882
v    -0.542502     0.139253     0.312666
v    -0.544667     0.131250     0.314775
v    -0.554226     0.114280     0.302752
v    -0.562130     0.032203     0.311669
v    -0.579926    -0.102975     0.311669
v    -0.588612    -0.201936     0.319794
v    -0.564423    -0.201936     0.365049
v    -0.606178    -0.242478     0.276945
v    -0.606049    -0.243946     0.276825
v    -0.599422    -0.294281     0.276825
v    -0.587742    -0.293454     0.298880
v    -0.572751    -0.296082     0.324383
v    -0.570430    -0.295764     0.328533
v    -0.599742    -0.295397     0.275389
v    -0.598807    -0.297655     0.275389
v    -0.587701    -0.302817     0.291841
v    -0.550586    -0.299935     0.355456
v    -0.546793    -0.332119     0.321643
v    -0.559585    -0.339458     0.291841
v    -0.556425    -0.341752     0.294105
v    -0.539913    -0.364499     0.277804
v    -0.290579    -0.555820     0.277804
v    -0.260724    -0.593664     0.243416
v    -0.218170    -0.625290     0.228306
v    -0.183020    -0.658364     0.194343
v    -0.024932    -0.723846     0.194343
v    -0.021891    -0.726481     0.190575
v    -0.015857    -0.729880     0.186300
v    -0.004597    -0.736991     0.175768
v     0.040895    -0.742980     0.175768
v     0.042508    -0.743853     0.173738
v     0.049556    -0.746908     0.166288
v     0.058395    -0.746132     0.165562
v     0.087452    -0.742307     0.165562
v     0.095240    -0.741557     0.164716
v     0.096018    -0.741118     0.165267
v     0.126041    -0.732996     0.157354
v     0.166837    -0.716098     0.157354
v     0.196736    -0.707262     0.147631
v     0.221956    -0.693684     0.148738
v     0.266097    -0.660878     0.164411
v     0.291226    -0.648922     0.152559
v     0.383134    -0.578399     0.152559
v     0.383437    -0.578242     0.152385
v     0.428107    -0.533571     0.152385
v     0.437877    -0.514712     0.163211
v     0.502397    -0.409271     0.189720
v     0.493245    -0.442555     0.163211
v     0.503509    -0.420981     0.173386
v     0.512802    -0.374060     0.201171
v     0.584088    -0.196829     0.205069
v     0.580086    -0.211621     0.201171
v     0.604028    -0.161428     0.179988
v     0.614275    -0.145204     0.164815
v     0.668059     0.125956     0.100224
v     0.665019     0.159119     0.097928
v     0.660751     0.196999     0.097928
v     0.658828     0.215740     0.096256
v     0.653574     0.260435     0.094320
v     0.608019     0.466335     0.102901
v     0.519545     0.647490     0.097793
v     0.515757     0.653716     0.095516
v     0.501596     0.670659     0.098189
v     0.517800     0.650640     0.096246
v     0.483524     0.689077     0.097280
v     0.500492     0.672109     0.097280
v     0.477167     0.694730     0.095498
v     0.482514     0.690260     0.096341
v     0.471461     0.699876     0.090672
v     0.426443     0.728163     0.090672
v     0.422935     0.730820     0.087373
v     0.423315     0.730602     0.087539
v     0.419141     0.733141     0.084076
v     0.324145     0.766381     0.084076
v     0.302343     0.772562     0.088885
v     0.295203     0.775197     0.083677
v     0.293335     0.775914     0.082007
v     0.232769     0.782738     0.082007
v     0.172269     0.789286     0.054838
v     0.165599     0.788675     0.054376
v     0.192421     0.788345     0.065428
v     0.162261     0.788394     0.053889
v    -0.005101     0.758588    -0.019554
v    -0.005164     0.758570    -0.019568
v     0.067794     0.775480     0.009054
v    -0.071410     0.739685    -0.043003
v    -0.046316     0.747581    -0.036159
v    -0.098436     0.730418    -0.066850
v    -0.139830     0.709761    -0.083394
v    -0.240496     0.646508    -0.083394
v    -0.244984     0.642460    -0.079598
v    -0.075437     0.739023    -0.048776
v    -0.299586     0.596822    -0.070985
v    -0.365995     0.519055    -0.009258
v    -0.445952     0.439098    -0.009258
v    -0.472816     0.403774     0.012860
v    -0.502137     0.327655     0.135205
v    -0.502422     0.327140     0.135458
v    -0.523041     0.294325     0.135458
v    -0.535016     0.221554     0.239786
v    -0.539278     0.208009     0.243481
v    -0.574383     0.107686     0.243481
v    -0.578451     0.097032     0.235288
v    -0.591178    -0.026984     0.246352
v    -0.574926     0.106586     0.242257
v    -0.611410    -0.206552     0.246352
v    -0.614704    -0.242478     0.248839
v    -0.620064    -0.269275     0.221216
v    -0.616645    -0.299621     0.221216
v    -0.614303    -0.299693     0.228907
v    -0.611300    -0.300675     0.237740
v    -0.611049    -0.306023     0.232359
v    -0.616881    -0.307739     0.210998
v    -0.610965    -0.306060     0.232546
v    -0.607451    -0.321846     0.212747
v    -0.618540    -0.317921     0.186093
v    -0.617714    -0.322941     0.178896
v    -0.615025    -0.327220     0.178896
v    -0.607420    -0.346963     0.147164
v    -0.603261    -0.352432     0.143739
v    -0.510061    -0.445632     0.143739
v    -0.476960    -0.484394     0.112972
v    -0.377268    -0.567721     0.097245
v    -0.365802    -0.578063     0.087547
v    -0.214106    -0.673380     0.087547
v    -0.166029    -0.697372     0.106762
v    -0.151626    -0.705628     0.100491
v    -0.096465    -0.722984     0.115535
v    -0.011925    -0.748409     0.129339
v    -0.000966    -0.748090     0.143133
v    -0.068313    -0.732835     0.115535
v    -0.015331    -0.747854     0.127223
v    -0.014839    -0.747941     0.127505
v     0.007814    -0.748991     0.143917
v     0.049556    -0.752791     0.146894
v     0.028777    -0.751353     0.143917
v     0.047956    -0.753111     0.145244
v     0.081094    -0.749493     0.146051
v     0.061732    -0.751675     0.146051
v     0.088004    -0.748784     0.145435
v     0.093545    -0.746739     0.149476
v     0.107530    -0.742774     0.146391
v     0.136936    -0.732485     0.146391
v     0.175064    -0.719684     0.138195
v     0.162598    -0.724410     0.139392
v     0.171797    -0.721037     0.138195
v     0.235236    -0.687056     0.143430
v     0.298505    -0.647302     0.143430
v     0.324860    -0.632700     0.130488
v     0.327163    -0.631170     0.129942
v     0.380306    -0.586751     0.138325
v     0.401719    -0.570466     0.124917
v     0.444730    -0.527455     0.124917
v     0.465028    -0.510122     0.108806
v     0.482988    -0.488635     0.105417
v     0.505000    -0.464231     0.084773
v     0.542977    -0.403790     0.084773
v     0.557577    -0.385069     0.066020
v     0.570734    -0.362114     0.056026
v     0.573431    -0.353542     0.058365
v     0.645308    -0.135050     0.073560
v     0.625781    -0.203934     0.058365
v     0.647233    -0.129836     0.069757
v     0.654760    -0.056489     0.076300
v     0.669687     0.102687     0.086213
v     0.668765     0.122428     0.096587
v     0.660787    -0.002991     0.076300
v     0.669687     0.094091     0.083021
v     0.665019     0.160460     0.096587
v     0.664501     0.165384     0.096256
v     0.624210     0.419940     0.102566
v     0.620911     0.430169     0.104738
v     0.553803     0.589399     0.094022
v     0.541607     0.612217     0.094022
v     0.499110     0.674322     0.092764
v     0.513116     0.657256     0.092764
v     0.487218     0.687323     0.086743
v     0.490812     0.683729     0.086743
v     0.467902     0.704364     0.074377
v     0.466789     0.705277     0.074377
v     0.443931     0.722328     0.056606
v     0.437662     0.726454     0.047875
v     0.422226     0.735240     0.041841
v     0.409861     0.741849     0.041841
v     0.439401     0.725371     0.049593
v     0.401116     0.745866     0.034436
v     0.378814     0.753670     0.034436
v     0.363190     0.758708     0.037753
v     0.314662     0.772747     0.045328
v     0.312294     0.773362     0.046476
v     0.291446     0.777920     0.066086
v     0.332992     0.767869     0.037753
v     0.248690     0.782738     0.066086
v     0.238888     0.783768     0.065428
v     0.152889     0.788394     0.044516
v     0.161947     0.789286     0.044516
v    -0.049849     0.746887    -0.040350
v    -0.037339     0.750216    -0.035180
v    -0.061030     0.743668    -0.045717
v    -0.166088     0.699499    -0.125915
v    -0.168169     0.698387    -0.125915
v    -0.107041     0.726806    -0.077976
v    -0.160584     0.702209    -0.123309
v    -0.213309     0.672692    -0.143562
v    -0.223244     0.666450    -0.143562
v    -0.237962     0.655471    -0.155005
v    -0.329766     0.580129    -0.155005
v    -0.338133     0.572748    -0.149649
v    -0.376990     0.533891    -0.149649
v    -0.410411     0.496008    -0.125398
v    -0.490126     0.390057    -0.050109
v    -0.489086     0.389699    -0.036229
v    -0.444341     0.454664    -0.125398
v    -0.468276     0.422578    -0.100452
v    -0.526338     0.296885     0.103031
v    -0.513048     0.347172    -0.050109
v    -0.531485     0.307038    -0.016129
v    -0.542121     0.281701     0.016632
v    -0.540492     0.281802     0.034381
v    -0.601862     0.084762     0.016632
v    -0.604553     0.072454     0.028208
v    -0.606169     0.058112     0.028208
v    -0.611410     0.008242     0.031557
v    -0.636293    -0.244394     0.031557
v    -0.636293    -0.272748     0.059912
v    -0.625499    -0.272748     0.169504
v    -0.631041    -0.318831     0.067151
v    -0.625499    -0.321060     0.121192
v    -0.632410    -0.312169     0.059912
v    -0.624559    -0.321946     0.128649
v    -0.628715    -0.326498     0.067151
v    -0.623602    -0.326813     0.122874
v    -0.623223    -0.327218     0.124716
v    -0.628095    -0.327976     0.065240
v    -0.622899    -0.337698     0.065240
v    -0.619488    -0.336523     0.110754
v    -0.611243    -0.355046     0.038384
v    -0.571020    -0.404057     0.038384
v    -0.566027    -0.409717     0.034761
v    -0.488987    -0.476883     0.088427
v    -0.341482    -0.606175     0.002730
v    -0.387293    -0.569346    -0.005258
v    -0.351756    -0.598510    -0.005258
v    -0.254410    -0.657203     0.027074
v    -0.316678    -0.621760     0.002730
v    -0.147316    -0.709672     0.080872
v    -0.207748    -0.682144     0.027074
v    -0.153214    -0.707196     0.073245
v    -0.086679    -0.729225     0.093746
v    -0.050923    -0.740072     0.093746
v     0.016080    -0.751353     0.131219
v     0.042126    -0.753918     0.131219
v     0.047956    -0.753918     0.137050
v     0.070657    -0.751675     0.137125
v     0.069537    -0.751792     0.137050
v     0.087271    -0.749562     0.139261
v     0.085000    -0.750059     0.137125
v     0.113430    -0.741615     0.139392
v     0.112814    -0.741814     0.139261
v     0.181786    -0.716248     0.136413
v     0.239913    -0.685179     0.136413
v     0.255067    -0.676553     0.130488
v     0.348877    -0.614973     0.113061
v     0.407529    -0.566837     0.113061
v     0.459358    -0.519200     0.090280
v     0.443115    -0.535443     0.090280
v     0.503007    -0.469724     0.058607
v     0.513673    -0.456728     0.058607
v     0.546454    -0.412781     0.024440
v     0.556455    -0.397897     0.001399
v     0.566997    -0.379376    -0.005842
v     0.583489    -0.348521    -0.005842
v     0.593724    -0.326241    -0.024705
v     0.601473    -0.304098    -0.024705
v     0.613312    -0.267382    -0.016910
v     0.642196    -0.167765    -0.002087
v     0.651334    -0.125974     0.037221
v     0.634254    -0.198347    -0.016910
v     0.660787    -0.038632     0.040659
v     0.655407    -0.089818     0.037221
v     0.665920     0.013478     0.040659
v     0.664501     0.159257     0.090129
v     0.658394     0.213459     0.090129
v     0.637901     0.371389     0.091046
v     0.624375     0.419102     0.101571
v     0.609553     0.461458     0.101571
v     0.542201     0.610737     0.091802
v     0.546425     0.602271     0.088418
v     0.512797     0.657532     0.091802
v     0.491440     0.682723     0.084692
v     0.508687     0.662089     0.087947
v     0.465836     0.704588     0.064368
v     0.462997     0.707427     0.064368
v     0.421215     0.734289     0.031357
v     0.415239     0.738044     0.031357
v     0.430099     0.729367     0.035719
v     0.402878     0.744213     0.026417
v     0.399216     0.744815     0.021167
v     0.367629     0.755868     0.021167
v     0.358494     0.758458     0.019152
v     0.219936     0.783768     0.046476
v     0.161947     0.789084     0.042462
v     0.135259     0.783746     0.014951
v     0.130269     0.782519     0.009054
v    -0.106361     0.726940    -0.078782
v    -0.146374     0.707182    -0.123309
v    -0.185188     0.687816    -0.142514
v    -0.207526     0.675014    -0.152240
v    -0.214125     0.669867    -0.158850
v    -0.214680     0.669499    -0.158980
v    -0.239102     0.654154    -0.158980
v    -0.313457     0.592678    -0.163701
v    -0.325683     0.582928    -0.160752
v    -0.327511     0.581538    -0.159607
v    -0.242427     0.651155    -0.161793
v    -0.272629     0.625910    -0.166557
v    -0.288988     0.612324    -0.168229
v    -0.378659     0.531218    -0.155104
v    -0.369426     0.539623    -0.159607
v    -0.437989     0.460159    -0.144562
v    -0.394875     0.511693    -0.153108
v    -0.437443     0.460764    -0.145074
v    -0.480076     0.393179    -0.144562
v    -0.489637     0.374166    -0.151334
v    -0.490806     0.371995    -0.151239
v    -0.492456     0.369116    -0.149986
v    -0.488013     0.377273    -0.150919
v    -0.539748     0.218816    -0.190979
v    -0.560448     0.159660    -0.190979
v    -0.574332     0.110685    -0.201783
v    -0.581698     0.008797    -0.238291
v    -0.596810    -0.125323    -0.238291
v    -0.604032    -0.165913    -0.214781
v    -0.606169    -0.174605    -0.204509
v    -0.573648     0.087241    -0.231293
v    -0.619210    -0.239808    -0.137298
v    -0.626387    -0.244394    -0.069023
v    -0.626387    -0.314592     0.001176
v    -0.617234    -0.264804    -0.129841
v    -0.618599    -0.311620    -0.070910
v    -0.624999    -0.315899    -0.009837
v    -0.617599    -0.254110    -0.137298
v    -0.622558    -0.328317     0.004896
v    -0.613730    -0.327573    -0.065400
v    -0.619241    -0.331852    -0.011191
v    -0.614362    -0.323729    -0.070910
v    -0.610091    -0.354649     0.023014
v    -0.580787    -0.380000    -0.065400
v    -0.567615    -0.394719    -0.076776
v    -0.547120    -0.427536    -0.009805
v    -0.568919    -0.393158    -0.076530
v    -0.469662    -0.497282    -0.051717
v    -0.519821    -0.435532    -0.114712
v    -0.438794    -0.516560    -0.114712
v    -0.411514    -0.537305    -0.131793
v    -0.403245    -0.544218    -0.130488
v    -0.382675    -0.562771    -0.113089
v    -0.268064    -0.641272    -0.070212
v    -0.294066    -0.618448    -0.113089
v    -0.287724    -0.623394    -0.106736
v    -0.219932    -0.670711    -0.028382
v    -0.115806    -0.714548     0.028864
v    -0.166325    -0.689469    -0.028382
v    -0.119907    -0.712390     0.023274
v    -0.051836    -0.739102     0.086046
v     0.016611    -0.747941     0.096055
v     0.008142    -0.745860     0.086046
v     0.042126    -0.753045     0.122356
v     0.055788    -0.751792     0.123302
v     0.086141    -0.748847     0.127514
v     0.082794    -0.748750     0.123302
v     0.106743    -0.743007     0.132059
v     0.149299    -0.728116     0.132059
v     0.241646    -0.681940     0.110351
v     0.248581    -0.676532     0.103405
v     0.351645    -0.611772     0.103405
v     0.386491    -0.580342     0.073929
v     0.431615    -0.542625     0.066811
v     0.516198    -0.448602     0.015501
v     0.486816    -0.477983     0.015501
v     0.551496    -0.402186    -0.013562
v     0.561453    -0.376338    -0.055107
v     0.564783    -0.370329    -0.058058
v     0.580965    -0.344575    -0.058058
v     0.586014    -0.334458    -0.062102
v     0.608706    -0.267290    -0.068374
v     0.587435    -0.325825    -0.074478
v     0.605997    -0.272776    -0.074478
v     0.631512    -0.205490    -0.023296
v     0.655407    -0.050510    -0.002087
v     0.662116    -0.005541     0.021054
v     0.655499    -0.049512    -0.002156
v     0.648663     0.147738     0.033639
v     0.628670     0.299602     0.033639
v     0.621565     0.373385     0.041654
v     0.622443     0.376446     0.045592
v     0.611673     0.416252     0.056083
v     0.532023     0.608544     0.056083
v     0.517068     0.624439     0.040725
v     0.509942     0.627751     0.030169
v     0.445139     0.712203     0.030169
v     0.433234     0.720845     0.021638
v     0.417091     0.723113    -0.001660
v     0.399623     0.736517    -0.001660
v     0.401167     0.738752     0.006213
v     0.398938     0.743870     0.017704
v     0.360341     0.740378    -0.035657
v     0.362711     0.745569    -0.018748
v     0.375251     0.734202    -0.035657
v     0.313175     0.726846    -0.096321
v     0.149868     0.748346    -0.096321
v     0.130269     0.750066    -0.097930
v     0.087838     0.731681    -0.142777
v     0.076667     0.725632    -0.156845
v    -0.130337     0.698380    -0.156845
v    -0.149869     0.696499    -0.154723
v    -0.161848     0.689751    -0.163210
v    -0.165605     0.688735    -0.162219
v    -0.203764     0.672929    -0.162219
v    -0.241475     0.651366    -0.162986
v    -0.227944     0.659641    -0.163690
v    -0.265083     0.631700    -0.166557
v    -0.367829     0.540782    -0.160752
v    -0.437722     0.459513    -0.146644
v    -0.402122     0.502248    -0.153108
v    -0.538842     0.210855    -0.202494
v    -0.540285     0.207372    -0.202494
v    -0.535877     0.219473    -0.200839
v    -0.572703     0.087550    -0.234073
v    -0.568349     0.053983    -0.261031
v    -0.574443    -0.009294    -0.267905
v    -0.576597    -0.025656    -0.267905
v    -0.571077     0.081886    -0.241359
v    -0.596203    -0.123924    -0.239770
v    -0.579978    -0.064187    -0.271069
v    -0.603792    -0.168653    -0.214557
v    -0.614993    -0.244300    -0.149534
v    -0.604851    -0.208951    -0.195000
v    -0.603227    -0.172940    -0.214557
v    -0.602286    -0.182719    -0.213494
v    -0.613914    -0.277076    -0.126607
v    -0.611762    -0.322965    -0.080432
v    -0.594880    -0.330318    -0.118336
v    -0.602395    -0.304887    -0.126607
v    -0.577788    -0.353315    -0.126502
v    -0.494497    -0.444850    -0.156557
v    -0.544713    -0.379408    -0.156557
v    -0.426366    -0.496943    -0.198489
v    -0.435984    -0.487324    -0.198489
v    -0.368430    -0.526955    -0.231746
v    -0.322511    -0.562189    -0.231746
v    -0.317541    -0.564554    -0.234090
v    -0.209973    -0.627040    -0.184972
v    -0.304524    -0.563317    -0.252247
v    -0.254134    -0.584190    -0.252247
v    -0.239283    -0.597059    -0.233843
v    -0.180702    -0.645526    -0.157597
v    -0.055223    -0.702813    -0.032324
v    -0.154699    -0.648949    -0.157597
v     0.008142    -0.735040     0.050378
v     0.006570    -0.729587     0.032987
v     0.082875    -0.746105     0.114615
v     0.086846    -0.733967     0.078921
v     0.051134    -0.723720     0.032987
v     0.099913    -0.730431     0.082364
v     0.252663    -0.667160     0.082364
v     0.288454    -0.633484     0.047782
v     0.348613    -0.588773     0.026422
v     0.409381    -0.511745    -0.043574
v     0.499971    -0.442232    -0.043574
v     0.542828    -0.383191    -0.085884
v     0.573743    -0.330076    -0.108544
v     0.545976    -0.360786    -0.118220
v     0.570997    -0.328178    -0.118220
v     0.585087    -0.325135    -0.083075
v     0.586780    -0.289039    -0.119396
v     0.570181    -0.319584    -0.130207
v     0.580148    -0.295523    -0.130207
v     0.594721    -0.276465    -0.107636
v     0.620408    -0.130500    -0.087754
v     0.611859    -0.146287    -0.107636
v     0.541097    -0.146287    -0.240022
v     0.534773    -0.068896    -0.232793
v     0.485849     0.239999    -0.232793
v     0.473184     0.388075    -0.213916
v     0.490918     0.396295    -0.180605
v     0.501273     0.623846     0.011299
v     0.464391     0.394385    -0.222391
v     0.356351     0.606426    -0.222391
v     0.357888     0.611845    -0.215859
v     0.400097     0.645113    -0.125968
v     0.393666     0.699688    -0.068630
v     0.319057     0.650676    -0.215859
v     0.359861     0.702448    -0.105603
v     0.361415     0.703489    -0.102513
v     0.294693     0.643765    -0.245224
v     0.288632     0.646853    -0.245224
v     0.313419     0.700335    -0.144770
v     0.311908     0.708956    -0.130103
v     0.223078     0.611861    -0.324622
v     0.196152     0.614164    -0.328055
v     0.097404     0.629804    -0.328055
v     0.076502     0.648299    -0.301485
v     0.076667     0.649015    -0.300186
v     0.068706     0.647661    -0.300757
v     0.022586     0.640357    -0.300757
v    -0.003137     0.638157    -0.297478
v    -0.145134     0.669108    -0.203964
v    -0.163727     0.679033    -0.181444
v    -0.190555     0.672328    -0.173360
v    -0.201635     0.666682    -0.173360
v    -0.284399     0.614368    -0.170618
v    -0.367872     0.540419    -0.161134
v    -0.363781     0.542354    -0.163701
v    -0.525682     0.239481    -0.200839
v    -0.571030    -0.002386    -0.271961
v    -0.573013    -0.014904    -0.271961
v    -0.566505     0.050528    -0.265216
v    -0.576635    -0.059222    -0.276101
v    -0.594876    -0.140166    -0.238253
v    -0.591374    -0.162277    -0.238253
v    -0.599080    -0.232039    -0.188042
v    -0.521506    -0.384286    -0.188042
v    -0.439053    -0.461288    -0.225843
v    -0.485325    -0.409718    -0.215001
v    -0.367732    -0.495026    -0.270603
v    -0.331445    -0.531313    -0.270603
v    -0.300378    -0.545152    -0.286778
v    -0.299094    -0.551262    -0.278488
v    -0.260218    -0.549493    -0.311273
v    -0.264011    -0.534836    -0.330609
v    -0.255447    -0.539199    -0.330609
v    -0.187598    -0.583889    -0.271212
v    -0.253535    -0.538178    -0.332925
v    -0.236146    -0.540933    -0.332925
v    -0.154699    -0.627900    -0.196977
v    -0.160685    -0.602013    -0.243935
v     0.048004    -0.679551    -0.050418
v     0.057922    -0.622994    -0.146635
v    -0.000405    -0.576627    -0.243935
v     0.048541    -0.602754    -0.184651
v     0.431238    -0.407760    -0.184651
v     0.449177    -0.382240    -0.203666
v     0.464515    -0.368477    -0.206891
v     0.544270    -0.359079    -0.123099
v     0.469181    -0.358614    -0.213082
v     0.529957    -0.297838    -0.213082
v     0.549657    -0.313365    -0.171127
v     0.554237    -0.312402    -0.164913
v     0.527083    -0.287709    -0.225289
v     0.527227    -0.287428    -0.225289
v     0.553658    -0.299678    -0.175643
v     0.578159    -0.295382    -0.133963
v     0.514312    -0.263233    -0.254594
v     0.530986    -0.157954    -0.254594
v     0.540423    -0.147289    -0.241037
v     0.467522    -0.157954    -0.331925
v     0.461132    -0.156510    -0.339433
v     0.430904    -0.122753    -0.369752
v     0.419105     0.035033    -0.353677
v     0.387677     0.193029    -0.353677
v     0.372774     0.403487    -0.323365
v     0.331153     0.448742    -0.344915
v     0.325399     0.474059    -0.336619
v     0.336011     0.593427    -0.253692
v     0.263388     0.566866    -0.336619
v     0.259449     0.583132    -0.330259
v     0.273805     0.597489    -0.308283
v     0.273000     0.609821    -0.297460
v     0.247452     0.586037    -0.334950
v     0.222328     0.602825    -0.334950
v     0.223716     0.605440    -0.331699
v     0.211861     0.595331    -0.345716
v     0.177281     0.597780    -0.350696
v     0.157762     0.601663    -0.350696
v     0.131211     0.603648    -0.353401
v     0.117224     0.610523    -0.347723
v     0.097404     0.628272    -0.329922
v     0.066741     0.625979    -0.326798
v     0.055842     0.623811    -0.326798
v     0.020405     0.621301    -0.321694
v    -0.168694     0.663753    -0.196245
v    -0.285162     0.602679    -0.180876
v    -0.245853     0.612197    -0.196245
v    -0.344210     0.543632    -0.180876
v    -0.364394     0.460269    -0.213468
v    -0.524066     0.221302    -0.213468
v    -0.562795     0.050896    -0.269304
v    -0.544296     0.025058    -0.295883
v    -0.557822    -0.042946    -0.295883
v    -0.559039    -0.059222    -0.297541
v    -0.556643    -0.061898    -0.299945
v    -0.589229    -0.161967    -0.240926
v    -0.512978    -0.169543    -0.324966
v    -0.530272    -0.082598    -0.324966
v    -0.467206    -0.205905    -0.356594
v    -0.236886    -0.484480    -0.397137
v    -0.254805    -0.502400    -0.369706
v    -0.410925    -0.218033    -0.400803
v    -0.403896    -0.221182    -0.405322
v    -0.234066    -0.475351    -0.405322
v    -0.253737    -0.518760    -0.355349
v    -0.250689    -0.518489    -0.357466
v    -0.233472    -0.486761    -0.397137
v    -0.249230    -0.516451    -0.360231
v    -0.236146    -0.512190    -0.367947
v    -0.229807    -0.484138    -0.400906
v    -0.222725    -0.473864    -0.412058
v    -0.005011    -0.544759    -0.283655
v    -0.211646    -0.452930    -0.433117
v    -0.198795    -0.433139    -0.452495
v    -0.180280    -0.409551    -0.474876
v    -0.013018    -0.376280    -0.474876
v    -0.002877    -0.375562    -0.473415
v     0.010824    -0.385372    -0.459322
v     0.143981    -0.355108    -0.415691
v     0.474955    -0.270179    -0.290691
v     0.287742    -0.259050    -0.415691
v     0.398243    -0.232296    -0.372489
v     0.454421    -0.249645    -0.322124
v     0.497364    -0.268716    -0.271026
v     0.496747    -0.261777    -0.275846
v     0.459518    -0.242017    -0.322124
v     0.501187    -0.261336    -0.270953
v     0.447470    -0.225190    -0.339433
v     0.405114    -0.122753    -0.390917
v     0.381696    -0.100886    -0.406565
v     0.365441     0.131450    -0.381978
v     0.334743     0.246017    -0.381978
v     0.323497     0.449061    -0.350446
v     0.268005     0.503341    -0.364732
v     0.260726     0.535506    -0.354170
v     0.219030     0.577201    -0.354170
v     0.217477     0.583493    -0.351725
v     0.212127     0.588962    -0.350317
v     0.195179     0.589901    -0.352949
v     0.172379     0.596010    -0.352949
v     0.135964     0.598558    -0.356803
v     0.096630     0.609083    -0.345544
v     0.019884     0.588518    -0.345544
v     0.019086     0.589708    -0.344518
v    -0.014922     0.426276    -0.411284
v    -0.334391     0.106807    -0.411284
v     0.020766     0.570891    -0.355092
v    -0.354783     0.016705    -0.440870
v    -0.484995     0.011269    -0.346800
v    -0.311807    -0.040841    -0.483535
v    -0.328486    -0.103090    -0.483535
v    -0.369420    -0.103090    -0.453629
v    -0.451101    -0.082598    -0.389940
v    -0.225009    -0.162950    -0.547418
v    -0.214133    -0.171586    -0.553673
v    -0.198547    -0.229756    -0.553673
v    -0.177401    -0.242242    -0.563188
v    -0.168064    -0.251376    -0.565592
v    -0.164325    -0.267896    -0.560167
v    -0.174063    -0.382625    -0.495959
v    -0.174632    -0.384217    -0.494745
v    -0.184983    -0.408425    -0.475032
v    -0.149151    -0.327123    -0.537441
v    -0.147234    -0.284986    -0.560167
v    -0.145584    -0.291671    -0.557569
v    -0.147002    -0.320000    -0.542224
v    -0.180280    -0.406727    -0.477193
v    -0.145136    -0.316775    -0.544215
v    -0.076753    -0.298452    -0.544215
v    -0.005623    -0.294512    -0.533169
v     0.000321    -0.298951    -0.528762
v     0.206927    -0.252191    -0.460919
v     0.223495    -0.235623    -0.460919
v     0.322129    -0.211282    -0.422594
v     0.381009    -0.214228    -0.390700
v     0.397658    -0.225398    -0.376349
v     0.440647    -0.223603    -0.345293
v     0.404970    -0.124802    -0.390700
v     0.294526    -0.100886    -0.453159
v     0.279916     0.091324    -0.433440
v     0.166536     0.365046    -0.433440
v     0.221764     0.501763    -0.385028
v     0.216867     0.513846    -0.381977
v     0.129951     0.549848    -0.381977
v     0.135964     0.568913    -0.372648
v     0.118317     0.536316    -0.387544
v     0.036489     0.343573    -0.456294
v    -0.011421     0.323728    -0.456294
v    -0.159760    -0.042305    -0.548690
v    -0.180822    -0.063367    -0.548690
v    -0.261277    -0.060621    -0.513377
v    -0.184467    -0.129219    -0.558918
v    -0.203416    -0.174966    -0.558918
v    -0.182583    -0.192877    -0.567488
v    -0.169210    -0.217001    -0.571181
v    -0.169076    -0.218754    -0.571001
v    -0.162683    -0.234188    -0.571001
v    -0.161116    -0.240676    -0.570517
v    -0.160538    -0.251119    -0.568895
v    -0.157722    -0.253934    -0.568895
v    -0.152742    -0.261925    -0.567617
v    -0.148295    -0.272897    -0.564848
v    -0.147019    -0.278694    -0.562929
v    -0.143619    -0.286703    -0.560072
v    -0.145136    -0.291513    -0.557719
v    -0.115856    -0.284592    -0.557224
v    -0.100129    -0.278078    -0.557224
v    -0.043342    -0.274935    -0.548404
v    -0.005773    -0.290111    -0.535101
v     0.136047    -0.232637    -0.499302
v     0.166517    -0.159076    -0.499302
v     0.285693    -0.108481    -0.456793
v     0.018199    -0.159076    -0.544293
v     0.163643     0.362153    -0.434681
v    -0.014929    -0.174943    -0.552349
v    -0.142537    -0.047336    -0.552349
v    -0.142537    -0.047112    -0.552312
v     0.036489     0.326672    -0.461421
v    -0.166644    -0.143476    -0.564192
v    -0.177468    -0.154300    -0.564192
v    -0.164030    -0.224033    -0.571869
v    -0.166644    -0.219345    -0.571665
v    -0.161024    -0.240767    -0.570517
v    -0.148295    -0.266790    -0.566700
v    -0.143065    -0.266097    -0.566253
v    -0.104007    -0.227038    -0.566253
v    -0.059800    -0.215953    -0.560808
v    -0.161024    -0.227038    -0.571869
f      1      2      3
f      1      3      4
f      1      4      5
f      1      5      6
f      1      6      7
f      4      8      9
f      4      9     10
f      4     10     11
f      4     11     12
f      4     12      5
f     11     13     14
f     11     14     15
f     11     15     16
f     11     16     17
f     11     17     18
f     11     18     12
f      5     12     18
f      5     18     19
f      5     19     20
f      5     20      6
f     21     22     23
f     21     23     24
f     21     24     25
f     26     27     28
f     26     28      1
f     26      1      7
f     26      7     22
f     26     22     21
f     29     30     31
f     29     31     27
f     29     27     26
f     32     33     34
f     32     34     35
f     32     35      3
f     32      3      2
f      3     35     36
f      3     36     37
f      3     37      8
f      3      8      4
f     37     38     39
f     37     39      9
f     37      9      8
f     16     40     17
f     18     17     40
f     18     40     41
f     18     41     42
f     18     42     43
f     18     43     44
f     18     44     19
f     44     43     45
f     44     45     46
f     44     46     47
f     44     47     48
f     44     48     49
f     44     49     50
f     44     50     51
f     44     51     52
f     20     19     44
f     20     44     52
f     20     52     53
f     20     53     54
f     20     54     55
f     20     55     56
f     20     56     57
f     20     57     58
f      7      6     20
f      7     20     58
f      7     58     59
f      7     59     60
f      7     60     23
f      7     23     22
f     24     23     60
f     24     60     61
f     24     61     62
f     63     25     24
f     63     24     62
f     63     62     64
f     63     64     65
f     63     65     66
f     63     66     67
f     68     69     70
f     68     70     29
f     68     29     26
f     68     26     21
f     68     21     25
f     68     25     63
f     71     72     73
f     71     73     70
f     71     70     69
f     70     73     74
f     70     74     75
f     70     75     30
f     70     30     29
f     76     77     78
f     76     78     74
f     76     74     73
f     76     73     72
f     31     79     80
f     31     80     81
f     31     81     28
f     31     28     27
f     28     81     32
f     28     32      2
f     28      2      1
f     34     82     83
f     34     83     84
f     34     84     36
f     34     36     35
f     36     84     38
f     36     38     37
f      9     39     85
f      9     85     10
f     15     41     40
f     15     40     16
f     42     86     45
f     42     45     43
f     48     87     49
f     52     51     88
f     52     88     89
f     52     89     53
f     53     89     90
f     53     90     91
f     53     91     92
f     53     92     54
f     93     57     56
f     93     56     94
f     93     94     95
f     93     95     96
f     93     96     97
f     93     97     98
f     93     98     99
f     58     57     93
f     58     93    100
f     58    100    101
f     58    101     59
f     60     59    101
f     60    101    102
f     60    102    103
f     60    103     61
f     62     61    103
f     62    103    104
f     62    104    105
f     62    105     64
f     64    105    106
f     64    106     65
f    107     67     66
f    107     66    108
f    107    108    109
f    107    109    110
f    107    110    111
f    107    111    112
f    107    112    113
f    114    115     68
f    114     68     63
f    114     63     67
f    114     67    107
f    116    117    118
f    116    118    119
f    116    119    120
f    116    120     71
f    116     71     69
f    116     69     68
f    116     68    115
f    120    121    122
f    120    122    123
f    120    123    124
f    120    124    125
f    120    125     76
f    120     76     72
f    120     72     71
f    122    126    123
f    125    127    128
f    125    128     77
f    125     77     76
f    124    129    127
f    124    127    125
f     74     78    130
f     74    130    131
f     74    131     75
f     75    131    132
f     75    132     79
f     75     79     31
f     75     31     30
f     80    133    134
f     80    134    135
f     80    135    136
f     80    136     33
f     80     33     32
f     80     32     81
f    136    137     82
f    136     82     34
f    136     34     33
f    135    138    137
f    135    137    136
f     83    139     85
f     83     85     39
f     83     39     38
f     83     38     84
f     10     85    139
f     10    139    140
f     10    140     13
f     10     13     11
f     14    141    142
f     14    142     86
f     14     86     42
f     14     42     41
f     14     41     15
f     45     86    142
f     45    142     46
f     47    143    144
f     47    144     87
f     47     87     48
f     49     87    144
f     49    144    145
f     49    145     50
f     88    146     90
f     88     90     89
f     55    147     94
f     55     94     56
f     94    147    148
f     94    148     95
f     97    149    150
f     97    150    151
f     97    151    152
f     97    152    153
f     97    153     98
f     99     98    153
f     99    153    154
f     99    154    155
f     99    155    156
f    157    100     93
f    157     93     99
f    157     99    156
f    157    156    158
f    102    101    100
f    102    100    157
f    102    157    159
f    102    159    160
f    161    104    103
f    161    103    102
f    161    102    160
f    161    160    162
f    106    105    104
f    106    104    161
f    106    161    163
f    106    163    164
f     66     65    106
f     66    106    164
f     66    164    108
f    165    113    112
f    165    112    166
f    165    166    167
f    165    167    168
f    165    168    169
f    170    171    172
f    170    172    173
f    170    173    174
f    170    174    114
f    170    114    107
f    170    107    113
f    170    113    165
f    174    175    176
f    174    176    116
f    174    116    115
f    174    115    114
f    177    178    179
f    177    179    180
f    177    180    181
f    177    181    182
f    177    182    117
f    177    117    116
f    177    116    176
f    182    183    184
f    182    184    118
f    182    118    117
f    119    185    186
f    119    186    121
f    119    121    120
f    186    187    188
f    186    188    126
f    186    126    122
f    186    122    121
f    123    126    188
f    123    188    189
f    123    189    129
f    123    129    124
f    190    189    188
f    190    188    187
f    190    187    191
f    192    193    194
f    192    194    195
f    192    195    128
f    192    128    127
f    192    127    129
f    192    129    189
f    192    189    190
f    192    190    196
f    192    196    197
f    128    195    198
f    128    198    199
f    128    199    130
f    128    130     78
f    128     78     77
f    130    199    200
f    130    200    201
f    130    201    132
f    130    132    131
f    132    201    202
f    132    202    203
f    132    203    133
f    132    133     80
f    132     80     79
f    203    204    205
f    203    205    206
f    203    206    207
f    203    207    134
f    203    134    133
f    134    207    208
f    134    208    138
f    134    138    135
f    206    209    210
f    206    210    208
f    206    208    207
f    208    210    211
f    208    211    140
f    208    140    139
f    208    139     83
f    208     83     82
f    208     82    137
f    208    137    138
f    140    211    212
f    140    212    213
f    140    213    214
f    140    214    141
f    140    141     14
f    140     14     13
f    213    215    216
f    213    216    217
f    213    217    218
f    213    218    214
f     46    142    141
f     46    141    214
f     46    214    218
f     46    218    219
f     46    219    143
f     46    143     47
f    218    217    220
f    218    220    221
f    218    221    222
f    218    222    219
f    219    222    145
f    219    145    144
f    219    144    143
f     50    145    222
f     50    222    221
f     50    221    223
f     50    223    224
f     50    224    146
f     50    146     88
f     50     88     51
f     90    146    224
f     90    224     91
f     54     92    225
f     54    225    148
f     54    148    147
f     54    147     55
f     96    226    227
f     96    227    149
f     96    149     97
f    227    228    150
f    227    150    149
f    151    229    230
f    151    230    231
f    151    231    232
f    151    232    152
f    153    152    232
f    153    232    233
f    153    233    234
f    153    234    154
f    155    154    234
f    155    234    235
f    155    235    236
f    158    156    155
f    158    155    236
f    158    236    237
f    158    237    238
f    158    238    239
f    240    159    157
f    240    157    158
f    240    158    239
f    240    239    241
f    240    241    242
f    162    160    159
f    162    159    240
f    162    240    243
f    244    163    161
f    244    161    162
f    244    162    243
f    244    243    245
f    108    164    163
f    108    163    244
f    108    244    246
f    108    246    109
f    109    246    247
f    109    247    110
f    169    168    248
f    169    248    249
f    169    249    250
f    251    252    170
f    251    170    165
f    251    165    169
f    251    169    250
f    251    250    253
f    254    255    175
f    254    175    174
f    254    174    173
f    254    173    256
f    254    256    257
f    258    259    260
f    258    260    261
f    258    261    177
f    258    177    176
f    258    176    175
f    258    175    255
f    258    255    262
f    263    179    178
f    263    178    264
f    180    265    266
f    180    266    181
f    181    266    267
f    181    267    268
f    181    268    183
f    181    183    182
f    118    184    269
f    118    269    185
f    118    185    119
f    270    191    187
f    270    187    186
f    270    186    185
f    270    185    269
f    271    196    190
f    271    190    191
f    271    191    270
f    271    270    272
f    273    197    196
f    273    196    271
f    274    275    276
f    274    276    277
f    274    277    193
f    274    193    192
f    274    192    278
f    194    193    277
f    194    277    279
f    280    281    198
f    280    198    195
f    280    195    194
f    280    194    279
f    280    279    282
f    280    282    283
f    280    283    284
f    280    284    285
f    286    287    200
f    286    200    199
f    286    199    198
f    286    198    281
f    286    281    288
f    200    287    289
f    200    289    290
f    200    290    291
f    200    291    202
f    200    202    201
f    202    291    292
f    202    292    204
f    202    204    203
f    292    293    294
f    292    294    295
f    292    295    296
f    292    296    205
f    292    205    204
f    205    296    297
f    205    297    209
f    205    209    206
f    295    298    299
f    295    299    297
f    295    297    296
f    297    299    300
f    297    300    301
f    297    301    212
f    297    212    211
f    297    211    210
f    297    210    209
f    212    301    302
f    212    302    303
f    212    303    304
f    212    304    215
f    212    215    213
f    303    305    306
f    303    306    307
f    303    307    308
f    303    308    304
f    304    308    309
f    304    309    310
f    304    310    216
f    304    216    215
f    309    308    307
f    309    307    311
f    309    311    312
f    309    312    313
f    216    310    314
f    216    314    220
f    216    220    217
f    315    314    310
f    315    310    309
f    315    309    313
f    315    313    316
f    315    316    317
f    221    220    314
f    221    314    315
f    221    315    223
f     91    224    223
f     91    223    315
f     91    315    317
f     91    317    318
f     91    318    319
f     91    319    225
f     91    225     92
f     95    148    225
f     95    225    319
f     95    319    320
f     95    320    321
f     95    321    226
f     95    226     96
f    321    322    323
f    321    323    228
f    321    228    227
f    321    227    226
f    150    228    323
f    150    323    324
f    150    324    325
f    150    325    229
f    150    229    151
f    325    326    327
f    325    327    230
f    325    230    229
f    230    327    328
f    230    328    329
f    230    329    330
f    230    330    331
f    230    331    231
f    232    231    331
f    232    331    332
f    232    332    333
f    232    333    233
f    234    233    333
f    234    333    334
f    234    334    335
f    234    335    235
f    236    235    335
f    236    335    336
f    236    336    337
f    236    337    338
f    236    338    237
f    238    237    338
f    238    338    339
f    238    339    340
f    241    239    238
f    241    238    340
f    241    340    341
f    241    341    342
f    241    342    343
f    344    242    241
f    344    241    343
f    344    343    345
f    344    345    346
f    245    243    240
f    245    240    242
f    245    242    344
f    245    344    347
f    348    247    246
f    348    246    244
f    348    244    245
f    348    245    347
f    348    347    349
f    350    111    110
f    350    110    247
f    350    247    348
f    112    111    350
f    112    350    351
f    112    351    166
f    249    248    352
f    249    352    353
f    249    353    354
f    253    250    249
f    253    249    354
f    253    354    355
f    253    355    356
f    172    256    173
f    262    255    254
f    262    254    357
f    261    358    264
f    261    264    178
f    261    178    177
f    359    360    263
f    359    263    264
f    359    264    358
f    359    358    361
f    362    265    180
f    362    180    179
f    362    179    263
f    362    263    360
f    362    360    363
f    364    267    266
f    364    266    265
f    364    265    362
f    364    362    365
f    366    367    268
f    366    268    267
f    366    267    364
f    368    272    270
f    368    270    269
f    368    269    184
f    368    184    183
f    368    183    268
f    368    268    367
f    368    367    369
f    370    371    372
f    370    372    273
f    370    273    271
f    370    271    272
f    370    272    368
f    373    278    192
f    373    192    197
f    373    197    273
f    373    273    372
f    374    375    274
f    374    274    278
f    374    278    373
f    376    377    276
f    376    276    275
f    376    275    378
f    279    277    276
f    279    276    377
f    279    377    379
f    279    379    282
f    380    381    280
f    380    280    285
f    380    285    382
f    383    288    281
f    383    281    280
f    383    280    381
f    383    381    384
f    385    386    387
f    385    387    388
f    385    388    286
f    385    286    288
f    385    288    383
f    385    383    389
f    388    390    391
f    388    391    289
f    388    289    287
f    388    287    286
f    391    392    393
f    391    393    394
f    391    394    290
f    391    290    289
f    290    394    395
f    290    395    293
f    290    293    292
f    290    292    291
f    395    396    397
f    395    397    294
f    395    294    293
f    294    397    398
f    294    398    298
f    294    298    295
f    399    300    299
f    399    299    298
f    399    298    398
f    400    401    302
f    400    302    301
f    400    301    300
f    400    300    399
f    400    399    402
f    302    401    403
f    302    403    404
f    302    404    305
f    302    305    303
f    404    405    406
f    404    406    407
f    404    407    306
f    404    306    305
f    306    407    408
f    306    408    311
f    306    311    307
f    409    408    407
f    409    407    406
f    409    406    410
f    311    408    409
f    311    409    411
f    311    411    312
f    412    411    409
f    412    409    410
f    412    410    413
f    412    413    414
f    412    414    415
f    313    312    411
f    313    411    412
f    313    412    316
f    317    316    412
f    317    412    415
f    317    415    416
f    317    416    417
f    317    417    418
f    317    418    318
f    319    318    418
f    319    418    419
f    319    419    420
f    319    420    320
f    320    420    421
f    320    421    422
f    320    422    423
f    320    423    322
f    320    322    321
f    423    424    425
f    423    425    324
f    423    324    323
f    423    323    322
f    426    427    326
f    426    326    325
f    426    325    324
f    426    324    425
f    426    425    428
f    426    428    429
f    426    429    430
f    328    327    326
f    328    326    427
f    328    427    431
f    432    329    328
f    432    328    431
f    432    431    433
f    432    433    434
f    435    330    329
f    435    329    432
f    435    432    436
f    332    331    330
f    332    330    435
f    332    435    437
f    332    437    438
f    334    333    332
f    334    332    438
f    334    438    439
f    334    439    440
f    441    336    335
f    441    335    334
f    441    334    440
f    441    440    442
f    441    442    443
f    338    337    444
f    338    444    445
f    338    445    339
f    340    339    445
f    340    445    446
f    340    446    447
f    340    447    448
f    340    448    341
f    341    448    449
f    341    449    450
f    341    450    342
f    343    342    450
f    343    450    451
f    343    451    452
f    343    452    345
f    346    345    452
f    346    452    453
f    346    453    454
f    349    347    344
f    349    344    346
f    349    346    454
f    349    454    455
f    349    455    456
f    349    456    457
f    458    351    350
f    458    350    348
f    458    348    349
f    458    349    457
f    458    457    459
f    167    166    351
f    167    351    458
f    167    458    460
f    167    460    461
f    462    463    352
f    462    352    248
f    462    248    168
f    462    168    167
f    462    167    461
f    462    461    464
f    462    464    465
f    466    353    352
f    466    352    463
f    354    353    466
f    354    466    467
f    354    467    355
f    468    469    171
f    468    171    170
f    468    170    252
f    257    256    172
f    257    172    171
f    257    171    469
f    470    471    259
f    470    259    258
f    361    358    261
f    361    261    260
f    472    363    360
f    472    360    359
f    472    359    473
f    474    365    362
f    474    362    363
f    474    363    472
f    474    472    475
f    476    477    366
f    476    366    364
f    476    364    365
f    476    365    474
f    369    367    366
f    369    366    477
f    369    477    478
f    479    480    481
f    479    481    370
f    479    370    368
f    479    368    369
f    479    369    478
f    479    478    482
f    481    483    484
f    481    484    485
f    481    485    371
f    481    371    370
f    486    487    488
f    486    488    374
f    486    374    373
f    486    373    372
f    486    372    371
f    486    371    485
f    486    485    489
f    488    490    375
f    488    375    374
f    378    275    274
f    378    274    375
f    378    375    490
f    378    490    491
f    492    379    377
f    492    377    376
f    492    376    493
f    283    282    379
f    283    379    492
f    494    384    381
f    494    381    380
f    494    380    495
f    496    389    383
f    496    383    384
f    496    384    494
f    497    498    386
f    497    386    385
f    497    385    499
f    497    499    500
f    501    502    387
f    501    387    386
f    501    386    498
f    387    502    503
f    387    503    504
f    387    504    505
f    387    505    390
f    387    390    388
f    505    506    507
f    505    507    392
f    505    392    391
f    505    391    390
f    508    509    393
f    508    393    392
f    508    392    507
f    508    507    510
f    508    510    511
f    512    396    395
f    512    395    394
f    512    394    393
f    512    393    509
f    513    514    515
f    513    515    516
f    513    516    512
f    513    512    509
f    513    509    508
f    516    402    399
f    516    399    398
f    516    398    397
f    516    397    396
f    516    396    512
f    515    517    518
f    515    518    400
f    515    400    402
f    515    402    516
f    519    520    403
f    519    403    401
f    519    401    400
f    519    400    518
f    521    522    523
f    521    523    405
f    521    405    404
f    521    404    403
f    521    403    520
f    524    525    523
f    524    523    522
f    524    522    526
f    410    406    405
f    410    405    523
f    410    523    525
f    410    525    527
f    410    527    413
f    528    529    527
f    528    527    525
f    528    525    524
f    413    527    529
f    413    529    530
f    413    530    414
f    530    529    528
f    530    528    531
f    530    531    532
f    530    532    533
f    415    414    530
f    415    530    533
f    415    533    416
f    416    533    532
f    416    532    534
f    416    534    535
f    416    535    417
f    418    417    535
f    418    535    536
f    418    536    537
f    418    537    419
f    538    421    420
f    538    420    419
f    538    419    537
f    538    537    539
f    538    539    540
f    541    422    421
f    541    421    538
f    541    538    542
f    543    424    423
f    543    423    422
f    543    422    541
f    543    541    544
f    543    544    545
f    546    428    425
f    546    425    424
f    546    424    543
f    429    428    546
f    429    546    547
f    548    433    431
f    548    431    427
f    548    427    426
f    434    433    548
f    434    548    549
f    434    549    550
f    551    436    432
f    551    432    434
f    551    434    550
f    551    550    552
f    553    437    435
f    553    435    436
f    553    436    551
f    553    551    554
f    555    439    438
f    555    438    437
f    555    437    553
f    555    553    556
f    440    439    555
f    440    555    442
f    557    558    444
f    557    444    337
f    557    337    336
f    557    336    441
f    445    444    558
f    445    558    559
f    445    559    446
f    449    448    447
f    449    447    560
f    449    560    561
f    562    451    450
f    562    450    449
f    562    449    561
f    562    561    563
f    452    451    562
f    452    562    564
f    452    564    565
f    452    565    453
f    454    453    565
f    454    565    566
f    454    566    455
f    456    455    566
f    456    566    567
f    456    567    568
f    456    568    569
f    459    457    456
f    459    456    569
f    459    569    570
f    459    570    571
f    459    571    572
f    573    574    460
f    573    460    458
f    573    458    459
f    573    459    572
f    573    572    575
f    576    464    461
f    576    461    460
f    576    460    574
f    576    574    577
f    465    464    576
f    465    576    578
f    579    467    466
f    579    466    463
f    579    463    462
f    356    355    467
f    356    467    579
f    356    579    580
f    581    582    468
f    581    468    252
f    581    252    251
f    583    357    254
f    583    254    257
f    583    257    469
f    583    469    468
f    583    468    582
f    584    471    470
f    584    470    585
f    586    473    359
f    586    359    361
f    586    361    260
f    586    260    259
f    586    259    471
f    586    471    584
f    587    475    472
f    587    472    473
f    587    473    586
f    587    586    588
f    589    590    476
f    589    476    474
f    589    474    475
f    589    475    587
f    482    478    477
f    482    477    476
f    482    476    590
f    591    592    480
f    591    480    479
f    591    479    593
f    594    483    481
f    594    481    480
f    594    480    592
f    595    596    484
f    595    484    483
f    595    483    594
f    489    485    484
f    489    484    596
f    489    596    597
f    598    491    490
f    598    490    488
f    598    488    487
f    599    493    376
f    599    376    378
f    599    378    491
f    599    491    598
f    600    284    283
f    600    283    492
f    600    492    493
f    600    493    599
f    382    285    284
f    382    284    600
f    382    600    601
f    602    499    385
f    602    385    389
f    602    389    496
f    603    500    499
f    603    499    602
f    604    605    501
f    604    501    498
f    604    498    497
f    606    607    608
f    606    608    503
f    606    503    502
f    606    502    501
f    606    501    605
f    609    610    611
f    609    611    504
f    609    504    503
f    609    503    608
f    609    608    612
f    609    612    613
f    609    613    614
f    615    506    505
f    615    505    504
f    615    504    611
f    615    611    616
f    617    510    507
f    617    507    506
f    617    506    615
f    617    615    618
f    617    618    619
f    511    510    617
f    511    617    620
f    621    622    623
f    621    623    513
f    621    513    508
f    621    508    511
f    621    511    620
f    621    620    624
f    623    625    626
f    623    626    514
f    623    514    513
f    626    627    517
f    626    517    515
f    626    515    514
f    628    629    630
f    628    630    631
f    628    631    519
f    628    519    518
f    628    518    517
f    628    517    627
f    628    627    632
f    631    633    634
f    631    634    521
f    631    521    520
f    631    520    519
f    635    526    522
f    635    522    521
f    635    521    634
f    636    637    638
f    636    638    635
f    636    635    634
f    636    634    633
f    636    633    639
f    638    640    531
f    638    531    528
f    638    528    524
f    638    524    526
f    638    526    635
f    641    642    640
f    641    640    638
f    641    638    637
f    641    637    643
f    534    532    531
f    534    531    640
f    534    640    642
f    534    642    644
f    644    642    641
f    644    641    645
f    646    647    536
f    646    536    535
f    646    535    534
f    646    534    644
f    646    644    645
f    646    645    648
f    649    647    646
f    649    646    650
f    649    650    651
f    540    539    649
f    540    649    651
f    540    651    652
f    540    652    653
f    540    653    654
f    655    542    538
f    655    538    540
f    655    540    654
f    655    654    656
f    655    656    657
f    658    544    541
f    658    541    542
f    658    542    655
f    659    545    544
f    659    544    658
f    659    658    660
f    659    660    661
f    662    547    546
f    662    546    543
f    662    543    545
f    662    545    659
f    663    430    429
f    663    429    547
f    663    547    662
f    663    662    664
f    665    549    548
f    665    548    426
f    665    426    430
f    665    430    663
f    552    550    549
f    552    549    665
f    552    665    666
f    667    554    551
f    667    551    552
f    667    552    666
f    667    666    668
f    669    556    553
f    669    553    554
f    669    554    667
f    443    442    555
f    443    555    556
f    443    556    669
f    443    669    670
f    559    558    557
f    559    557    671
f    560    447    446
f    560    446    559
f    560    559    671
f    560    671    672
f    560    672    673
f    563    561    560
f    563    560    673
f    563    673    674
f    563    674    675
f    676    564    562
f    676    562    563
f    676    563    675
f    676    675    677
f    566    565    564
f    566    564    676
f    566    676    678
f    566    678    567
f    568    567    678
f    568    678    679
f    568    679    680
f    568    680    681
f    570    569    568
f    570    568    681
f    570    681    682
f    683    571    570
f    683    570    682
f    683    682    684
f    683    684    685
f    575    572    571
f    575    571    683
f    575    683    686
f    577    574    573
f    577    573    687
f    688    578    576
f    688    576    577
f    688    577    687
f    688    687    689
f    690    580    579
f    690    579    462
f    690    462    465
f    690    465    578
f    690    578    688
f    691    692    693
f    691    693    581
f    691    581    251
f    691    251    253
f    691    253    356
f    691    356    580
f    691    580    690
f    693    694    583
f    693    583    582
f    693    582    581
f    695    585    470
f    695    470    258
f    695    258    262
f    695    262    357
f    695    357    583
f    695    583    694
f    696    588    586
f    696    586    584
f    696    584    585
f    696    585    695
f    697    698    589
f    697    589    587
f    697    587    588
f    697    588    696
f    699    593    479
f    699    479    482
f    699    482    590
f    699    590    589
f    699    589    698
f    700    701    702
f    700    702    591
f    700    591    593
f    700    593    699
f    702    703    595
f    702    595    594
f    702    594    592
f    702    592    591
f    704    705    703
f    704    703    702
f    704    702    701
f    704    701    706
f    597    596    595
f    597    595    703
f    597    703    705
f    707    708    486
f    707    486    489
f    707    489    597
f    707    597    705
f    707    705    704
f    709    601    600
f    709    600    599
f    709    599    598
f    709    598    487
f    709    487    486
f    709    486    708
f    710    495    380
f    710    380    382
f    710    382    601
f    710    601    709
f    711    712    713
f    711    713    603
f    711    603    602
f    711    602    496
f    711    496    494
f    711    494    495
f    711    495    710
f    713    714    715
f    713    715    604
f    713    604    497
f    713    497    500
f    713    500    603
f    715    716    606
f    715    606    605
f    715    605    604
f    717    612    608
f    717    608    607
f    717    607    718
f    719    613    612
f    719    612    717
f    616    611    610
f    616    610    720
f    721    619    618
f    721    618    722
f    624    620    617
f    624    617    619
f    624    619    721
f    723    724    625
f    723    625    623
f    723    623    622
f    723    622    725
f    632    627    626
f    632    626    625
f    632    625    724
f    632    724    726
f    727    728    729
f    727    729    628
f    727    628    632
f    727    632    726
f    727    726    730
f    731    629    628
f    731    628    729
f    731    729    732
f    639    633    631
f    639    631    630
f    639    630    733
f    639    733    734
f    735    734    733
f    735    733    736
f    735    736    737
f    738    739    643
f    738    643    637
f    738    637    636
f    740    739    738
f    740    738    741
f    648    645    641
f    648    641    643
f    648    643    739
f    648    739    740
f    648    740    742
f    743    650    646
f    743    646    648
f    743    648    742
f    743    742    744
f    745    652    651
f    745    651    650
f    745    650    743
f    745    743    746
f    653    652    745
f    653    745    747
f    653    747    748
f    656    654    653
f    656    653    748
f    656    748    749
f    750    657    656
f    750    656    749
f    750    749    751
f    750    751    752
f    750    752    753
f    754    660    658
f    754    658    655
f    754    655    657
f    754    657    750
f    755    661    660
f    755    660    754
f    755    754    756
f    757    664    662
f    757    662    659
f    757    659    661
f    757    661    755
f    757    755    758
f    668    666    665
f    668    665    663
f    668    663    664
f    668    664    757
f    668    757    759
f    760    759    757
f    760    757    758
f    760    758    761
f    762    670    669
f    762    669    667
f    762    667    668
f    762    668    759
f    762    759    760
f    672    671    557
f    672    557    441
f    672    441    443
f    672    443    670
f    672    670    762
f    672    762    763
f    674    673    672
f    674    672    763
f    674    763    764
f    674    764    765
f    677    675    674
f    677    674    765
f    677    765    766
f    677    766    767
f    679    678    676
f    679    676    677
f    679    677    767
f    679    767    768
f    769    680    679
f    769    679    768
f    769    768    770
f    769    770    771
f    682    681    680
f    682    680    769
f    682    769    772
f    682    772    684
f    773    772    769
f    773    769    771
f    773    771    774
f    773    774    775
f    685    684    772
f    685    772    773
f    685    773    776
f    777    686    683
f    777    683    685
f    777    685    776
f    777    776    778
f    689    687    573
f    689    573    575
f    689    575    686
f    689    686    777
f    691    690    688
f    691    688    689
f    691    689    777
f    691    777    778
f    691    778    779
f    691    779    780
f    780    781    782
f    780    782    783
f    780    783    692
f    780    692    691
f    783    784    697
f    783    697    696
f    783    696    695
f    783    695    694
f    783    694    693
f    783    693    692
f    782    785    786
f    782    786    787
f    782    787    788
f    782    788    784
f    782    784    783
f    788    789    700
f    788    700    699
f    788    699    698
f    788    698    697
f    788    697    784
f    787    790    791
f    787    791    792
f    787    792    789
f    787    789    788
f    792    706    701
f    792    701    700
f    792    700    789
f    793    794    795
f    793    795    791
f    793    791    790
f    791    795    796
f    791    796    707
f    791    707    704
f    791    704    706
f    791    706    792
f    797    798    799
f    797    799    800
f    797    800    801
f    797    801    796
f    797    796    795
f    797    795    794
f    796    801    711
f    796    711    710
f    796    710    709
f    796    709    708
f    796    708    707
f    800    802    712
f    800    712    711
f    800    711    801
f    803    804    805
f    803    805    806
f    803    806    714
f    803    714    713
f    803    713    712
f    803    712    802
f    806    807    716
f    806    716    715
f    806    715    714
f    718    607    606
f    718    606    716
f    718    716    807
f    718    807    808
f    614    613    719
f    614    719    809
f    810    720    610
f    810    610    609
f    810    609    811
f    722    618    615
f    722    615    616
f    722    616    720
f    722    720    810
f    812    725    622
f    812    622    621
f    730    726    724
f    730    724    723
f    813    814    728
f    813    728    727
f    813    727    815
f    732    729    728
f    732    728    814
f    732    814    816
f    817    736    733
f    817    733    630
f    817    630    629
f    817    629    731
f    737    736    817
f    737    817    818
f    819    741    738
f    819    738    636
f    819    636    639
f    819    639    734
f    819    734    735
f    744    742    740
f    744    740    741
f    744    741    819
f    744    819    820
f    821    746    743
f    821    743    744
f    821    744    820
f    821    820    822
f    823    824    747
f    823    747    745
f    823    745    746
f    823    746    821
f    749    748    747
f    749    747    824
f    749    824    825
f    749    825    826
f    749    826    751
f    827    826    825
f    827    825    828
f    827    828    829
f    752    751    826
f    752    826    827
f    830    753    752
f    830    752    827
f    830    827    829
f    830    829    831
f    830    831    832
f    833    756    754
f    833    754    750
f    833    750    753
f    833    753    830
f    833    830    834
f    761    758    755
f    761    755    756
f    761    756    833
f    761    833    835
f    836    835    833
f    836    833    834
f    836    834    837
f    836    837    838
f    764    763    762
f    764    762    760
f    764    760    761
f    764    761    835
f    764    835    836
f    766    765    764
f    766    764    836
f    766    836    838
f    766    838    839
f    768    767    766
f    768    766    839
f    768    839    840
f    768    840    841
f    768    841    842
f    768    842    770
f    842    841    843
f    842    843    844
f    842    844    845
f    771    770    842
f    771    842    845
f    771    845    846
f    771    846    774
f    846    845    844
f    846    844    847
f    846    847    848
f    846    848    849
f    775    774    846
f    775    846    849
f    775    849    850
f    850    849    848
f    850    848    851
f    850    851    852
f    850    852    853
f    778    776    773
f    778    773    775
f    778    775    850
f    778    850    853
f    778    853    779
f    779    853    852
f    779    852    854
f    779    854    855
f    779    855    856
f    779    856    857
f    779    857    781
f    779    781    780
f    781    857    858
f    781    858    859
f    781    859    785
f    781    785    782
f    859    860    861
f    859    861    862
f    859    862    786
f    859    786    785
f    861    863    864
f    861    864    865
f    861    865    862
f    786    862    865
f    786    865    866
f    786    866    793
f    786    793    790
f    786    790    787
f    865    864    867
f    865    867    868
f    865    868    869
f    865    869    866
f    866    869    797
f    866    797    794
f    866    794    793
f    868    870    871
f    868    871    872
f    868    872    798
f    868    798    797
f    868    797    869
f    872    873    874
f    872    874    875
f    872    875    799
f    872    799    798
f    799    875    876
f    799    876    803
f    799    803    802
f    799    802    800
f    876    877    878
f    876    878    804
f    876    804    803
f    805    879    808
f    805    808    807
f    805    807    806
f    880    809    719
f    880    719    717
f    880    717    718
f    880    718    808
f    880    808    879
f    880    879    881
f    882    811    609
f    882    609    614
f    882    614    809
f    882    809    880
f    883    884    812
f    883    812    621
f    883    621    624
f    883    624    721
f    883    721    722
f    883    722    810
f    883    810    811
f    883    811    882
f    885    815    727
f    885    727    730
f    885    730    723
f    885    723    725
f    885    725    812
f    885    812    884
f    886    887    813
f    886    813    815
f    886    815    885
f    888    816    814
f    888    814    813
f    888    813    887
f    889    890    818
f    889    818    817
f    889    817    731
f    889    731    732
f    889    732    816
f    889    816    888
f    891    890    889
f    891    889    892
f    822    820    819
f    822    819    735
f    822    735    737
f    822    737    818
f    822    818    890
f    822    890    891
f    822    891    893
f    894    895    823
f    894    823    821
f    894    821    822
f    894    822    893
f    894    893    896
f    894    896    897
f    894    897    898
f    825    824    823
f    825    823    895
f    825    895    899
f    825    899    828
f    900    899    895
f    900    895    894
f    900    894    901
f    900    901    902
f    829    828    899
f    829    899    900
f    829    900    831
f    903    902    901
f    903    901    904
f    832    831    900
f    832    900    902
f    832    902    903
f    837    834    830
f    837    830    832
f    837    832    903
f    837    903    904
f    837    904    905
f    837    905    906
f    906    905    907
f    906    907    908
f    906    908    909
f    906    909    910
f    906    910    911
f    906    911    912
f    839    838    837
f    839    837    906
f    839    906    912
f    839    912    913
f    839    913    840
f    914    843    841
f    914    841    840
f    914    840    913
f    914    913    915
f    914    915    916
f    914    916    917
f    844    843    914
f    844    914    918
f    844    918    847
f    919    918    914
f    919    914    917
f    919    917    920
f    848    847    918
f    848    918    919
f    848    919    921
f    848    921    851
f    854    921    919
f    854    919    920
f    854    920    922
f    854    922    855
f    852    851    921
f    852    921    854
f    856    923    924
f    856    924    925
f    856    925    858
f    856    858    857
f    858    925    926
f    858    926    927
f    858    927    860
f    858    860    859
f    927    928    929
f    927    929    863
f    927    863    861
f    927    861    860
f    929    930    931
f    929    931    867
f    929    867    864
f    929    864    863
f    867    931    932
f    867    932    870
f    867    870    868
f    932    933    934
f    932    934    871
f    932    871    870
f    871    934    935
f    871    935    873
f    871    873    872
f    936    877    876
f    936    876    875
f    936    875    874
f    937    938    878
f    937    878    877
f    937    877    936
f    881    879    805
f    881    805    804
f    881    804    878
f    881    878    938
f    939    940    883
f    939    883    882
f    939    882    880
f    939    880    881
f    939    881    938
f    939    938    937
f    939    937    941
f    942    943    886
f    942    886    885
f    942    885    884
f    942    884    883
f    942    883    940
f    944    945    946
f    944    946    947
f    944    947    943
f    944    943    942
f    947    892    889
f    947    889    888
f    947    888    887
f    947    887    886
f    947    886    943
f    946    896    893
f    946    893    891
f    946    891    892
f    946    892    947
f    897    896    946
f    897    946    945
f    897    945    948
f    897    948    949
f    897    949    950
f    907    898    897
f    907    897    950
f    907    950    951
f    907    951    952
f    907    952    953
f    907    953    954
f    907    954    955
f    907    955    956
f    907    956    908
f    957    954    953
f    957    953    958
f    957    958    959
f    957    959    960
f    904    901    894
f    904    894    898
f    904    898    907
f    904    907    905
f    955    961    956
f    908    956    961
f    908    961    909
f    909    961    955
f    909    955    954
f    909    954    957
f    909    957    910
f    911    910    957
f    911    957    960
f    911    960    962
f    911    962    963
f    911    963    964
f    911    964    965
f    913    912    911
f    913    911    965
f    913    965    966
f    913    966    915
f    916    915    966
f    916    966    967
f    916    967    968
f    916    968    969
f    916    969    970
f    920    917    916
f    920    916    970
f    920    970    971
f    920    971    922
f    971    970    969
f    971    969    972
f    855    922    971
f    855    971    972
f    855    972    923
f    855    923    856
f    924    973    974
f    924    974    926
f    924    926    925
f    926    974    975
f    926    975    976
f    926    976    928
f    926    928    927
f    976    977    930
f    976    930    929
f    976    929    928
f    978    979    933
f    978    933    932
f    978    932    931
f    978    931    930
f    978    930    977
f    935    934    933
f    935    933    979
f    980    941    937
f    980    937    936
f    980    936    874
f    980    874    873
f    980    873    935
f    980    935    979
f    980    979    978
f    981    982    939
f    981    939    941
f    981    941    980
f    983    984    985
f    983    985    944
f    983    944    942
f    983    942    940
f    983    940    939
f    983    939    982
f    986    987    949
f    986    949    948
f    986    948    985
f    986    985    984
f    985    948    945
f    985    945    944
f    950    949    987
f    950    987    988
f    950    988    989
f    950    989    990
f    950    990    951
f    951    990    991
f    951    991    992
f    951    992    993
f    951    993    952
f    952    993    994
f    952    994    995
f    952    995    996
f    952    996    997
f    952    997    958
f    952    958    953
f    958    997    998
f    958    998    999
f    958    999    959
f    960    959    999
f    960    999    962
f    962    999    998
f    962    998   1000
f    962   1000    963
f    964    963   1000
f    964   1000   1001
f    964   1001   1002
f    964   1002   1003
f    966    965    964
f    966    964   1003
f    966   1003   1004
f    966   1004    967
f    968    967   1004
f    968   1004   1005
f    968   1005   1006
f    972    969    968
f    972    968   1006
f    972   1006    973
f    972    973    924
f    972    924    923
f   1006   1005   1007
f   1006   1007   1008
f   1006   1008    975
f   1006    975    974
f   1006    974    973
f   1007   1009   1010
f   1007   1010   1011
f   1007   1011   1012
f   1007   1012   1008
f    975   1008   1012
f    975   1012    981
f    975    981    980
f    975    980    978
f    975    978    977
f    975    977    976
f   1012   1011    983
f   1012    983    982
f   1012    982    981
f   1010   1013   1014
f   1010   1014    986
f   1010    986    984
f   1010    984    983
f   1010    983   1011
f   1014    988    987
f   1014    987    986
f   1015    991    990
f   1015    990    989
f   1015    989   1016
f    994    993    992
f    994    992   1017
f    996    995   1018
f   1000    998    997
f   1000    997    996
f   1000    996   1018
f   1000   1018   1019
f   1000   1019   1001
f   1002   1001   1019
f   1002   1019   1020
f   1002   1020   1021
f   1004   1003   1002
f   1004   1002   1021
f   1004   1021   1009
f   1004   1009   1007
f   1004   1007   1005
f   1021   1020   1022
f   1021   1022   1015
f   1021   1015   1016
f   1021   1016   1013
f   1021   1013   1010
f   1021   1010   1009
f   1016    989    988
f   1016    988   1014
f   1016   1014   1013
f   1022   1017    992
f   1022    992    991
f   1022    991   1015
f   1019   1018    995
f   1019    995    994
f   1019    994   1017
f   1019   1017   1022
f   1019   1022   1020
f    537    536    647
f    537    647    649
f    537    649    539
