v    -0.089247     8.715180    32.688472
v    -7.796743    16.055641    32.688472
v    -7.930578    15.547261    32.747947
v    -7.930578     8.715180    33.387224
v   -13.213364    10.516021    32.747947
v   -13.627471     7.541214    32.989439
v    -9.163237     7.541214    33.387224
v   -14.337127     6.923480    32.868399
v   -13.872358     3.584836    32.597398
v    -9.163237    -0.900094    32.597398
v     2.466949     8.104694    32.403565
v    -8.727129    -2.556326    32.403565
v    14.369963     2.978463    29.832224
v     8.479237    16.522694    29.832224
v     5.890987    17.521696    30.423320
v     3.131883     8.104694    32.304657
v     4.045426    19.279382    30.423320
v    -7.796743    16.132286    32.676524
v     3.743610    19.988515    30.253251
v    -9.188698    25.090199    30.253251
v    -9.194966    25.076162    30.258017
v    -9.194966    18.912607    32.034244
v   -14.673413    22.914945    30.258017
v   -15.446983    21.097066    30.693929
v   -15.197004    20.507667    30.892202
v   -15.353233    17.819464    31.288877
v   -18.384969    10.848716    31.288877
v   -18.698275     6.923480    31.671452
v   -20.580853     5.382020    30.970740
v   -20.415223     3.306785    30.768485
v   -16.554555    -5.569717    30.768485
v   -16.342833    -9.213898    30.230793
v   -16.240857    -9.310978    30.230793
v    -8.727129    -7.314150    31.660418
v   -15.282920   -11.562223    29.690945
v    -4.588539   -15.781049    29.690945
v    -4.588539   -15.543540    29.759365
v    -3.479989   -18.267846    28.848238
v     3.980532   -26.532163    25.618490
v     6.272647   -26.366207    25.405724
v    18.292914   -21.624378    25.405724
v    21.470303   -21.456855    24.959236
v    21.595064   -19.309283    25.276132
v    15.258567     2.317641    29.596803
v    27.332956    -6.116550    25.276132
v    27.358418    -5.796911    25.307273
v    19.584526     0.568508    28.200735
v    29.237144    -5.796911    24.398758
v    25.383591     7.899893    24.398758
v    22.844305     9.327952    25.432426
v    14.897211    16.731347    27.283536
v    14.831664    17.007179    27.197490
v     4.006320    27.317028    27.197490
v     3.628577    28.774661    26.659405
v     2.474652    29.898227    26.384618
v    -9.188698    25.961305    29.895094
v     2.439463    29.954961    26.360397
v    -8.564176    32.762963    26.360397
v    -8.920113    32.786727    26.394476
v    -9.505008    31.823763    26.959197
v    -9.505008    26.916369    29.451086
v   -14.608454    30.521379    26.959197
v   -14.738568    30.311616    27.048899
v   -14.651477    28.653556    27.902118
v   -14.851447    27.881683    28.187025
v   -19.351654    23.595809    28.187025
v   -19.910956    21.242196    28.921227
v   -20.331918    20.850025    28.823168
v   -20.571843    16.725015    29.431761
v   -22.902020     8.442809    29.431761
v   -23.126863     5.382020    29.739453
v   -26.785407     2.128444    27.527509
v   -26.697990     0.939069    27.407905
v   -24.372449    -7.326750    27.407905
v   -24.247753    -9.470927    27.091596
v   -24.475927    -9.761840    26.886664
v   -24.447854    -9.880073    26.849778
v   -15.527154   -18.375959    26.849778
v   -15.434253   -18.734442    26.717444
v   -12.712623   -21.384323    26.069353
v   -11.967714   -22.585710    25.555881
v     3.980532   -26.655553    25.555881
v     4.929590   -28.217970    24.639532
v    10.990777   -34.399936    20.714949
v    12.980358   -34.267406    20.524445
v    22.490391   -31.840541    20.524445
v    24.310360   -31.744506    20.268721
v    24.028979   -23.893708    23.542341
v    25.750693   -32.768969    19.302624
v    33.961280   -24.949312    19.302558
v    33.371685   -24.197482    19.832156
v    33.464979   -22.593936    20.068751
v    36.061325   -13.365544    20.068751
v    36.213767   -11.290439    20.277339
v    31.337906    -6.954295    23.225313
v    38.344038   -11.290439    18.695597
v    35.994668    -0.041783    18.695597
v    34.412600     1.155230    19.684675
v    27.999784     7.795828    22.688730
v    27.939003     8.050442    22.609474
v    15.600794    25.636640    22.609474
v    15.307988    26.788148    22.181787
v    12.488496    29.473413    22.181787
v    12.432285    29.486405    22.201634
v     3.297056    35.299703    22.201634
v     2.194708    35.538322    22.528454
v     1.870042    35.822641    22.388612
v     0.584828    35.909340    22.556070
v    -7.658468    37.470909    22.556070
v    -8.580628    37.536586    22.641072
v    -8.992123    37.037346    23.091086
v    -8.992123    33.060143    26.191894
v   -14.264072    36.038671    23.091086
v   -14.467633    35.139035    23.762419
v   -14.415404    34.925224    23.936797
v   -19.815574    31.735758    23.762419
v   -19.899793    31.554655    23.852513
v   -19.624809    30.706595    24.574768
v   -19.891762    29.656344    24.964850
v   -25.361462    21.860190    24.964850
v   -25.618948    20.781279    25.300680
v   -25.515666    20.643918    25.434907
v   -25.845620    16.206516    26.042064
v   -28.771006     2.199736    26.042064
v   -28.776620     2.128444    26.048984
v   -32.001015    -1.300882    23.123011
v   -30.419077    -8.875130    23.123011
v   -30.370570    -9.527465    23.033765
v   -31.003123   -10.368932    22.211492
v   -25.475254   -18.247999    22.211492
v   -25.203862   -18.362379    22.339974
v   -24.354691   -19.171073    22.339974
v   -23.441149   -19.381750    22.663138
v   -12.129296   -26.580148    22.663138
v   -11.789419   -26.653725    22.763874
v    -5.793517   -31.905631    20.180716
v    -5.049717   -32.797303    19.595365
v    10.990777   -35.836025    19.595365
v    11.623134   -36.603262    18.903728
v    15.525389   -39.931199    15.732868
v    16.798591   -39.840517    15.615485
v    24.785966   -38.327326    15.615485
v    25.825380   -38.257274    15.480017
v    26.047481   -33.190388    18.957523
v    26.583412   -38.774141    14.774540
v    26.778877   -38.731836    14.716566
v    34.422981   -33.867466    14.716566
v    34.432578   -33.865246    14.713171
v    34.760181   -33.553246    14.713171
v    34.827752   -33.287272    14.811948
v    34.092113   -25.032878    19.200582
v    39.882169   -26.083063    14.811948
v    40.051454   -25.373800    15.032745
v    39.629644   -24.812669    15.581079
v    39.756167   -23.110672    15.813953
v    41.242134   -15.996165    15.813953
v    41.378059   -14.264920    15.981476
v    39.142743   -11.887542    18.009902
v    43.956974   -14.264920    13.138350
v    42.384634    -4.810510    13.138350
v    41.777346    -4.182070    13.692626
v    38.777796    -0.398895    15.940215
v    38.618630    -0.290064    16.079078
v    28.862665    17.945334    16.079078
v    28.609552    18.846016    15.764532
v    21.488844    26.403812    17.274132
v    21.474742    26.434039    17.259182
v    12.629513    34.858045    17.259182
v    12.104028    35.080931    17.506680
v    11.532256    35.569594    17.397914
v    10.273744    35.890408    17.816460
v     3.165962    39.339515    17.816460
v     1.460831    39.745396    18.281360
v     1.347822    39.826677    18.217380
v     0.230914    39.917685    18.346254
v    -7.870777    41.139768    18.346254
v    -8.485702    41.187622    18.398221
v    -8.647219    41.051501    18.583959
v    -8.647219    37.817249    22.327831
v   -14.050327    40.236475    18.583959
v   -14.134284    40.082074    18.748022
v   -14.044582    39.491108    19.447754
v   -14.382566    36.251307    22.839997
v   -19.882622    37.292613    18.748022
v   -19.882884    37.288239    18.752788
v   -19.476480    36.682584    19.638192
v   -26.282577    31.193234    18.752788
v   -26.229630    31.160983    18.826495
v   -26.479740    31.183833    18.550990
v   -32.387767    20.140826    18.550990
v   -32.663729    19.952216    18.310281
v   -33.044933    19.471387    18.024656
v   -33.384353    15.692326    18.482309
v   -36.084046    -0.541284    18.482309
v   -36.150180    -1.311850    18.550728
v   -32.051872    -1.311850    23.068954
v   -36.613709    -1.967384    17.919547
v   -35.259031   -10.113208    17.919547
v   -35.051422   -10.084613    18.153661
v   -31.167643   -10.452106    22.026472
v   -35.581020   -10.687657    17.258529
v   -32.037052   -17.311867    17.258529
v   -31.821414   -17.456214    17.403855
v   -31.668188   -17.618841    17.436367
v   -31.039814   -17.901985    17.793153
v   -24.765403   -23.877582    17.793153
v   -24.010048   -24.198070    18.148960
v   -20.402819   -27.280664    17.462743
v   -20.360448   -27.338180    17.422070
v    -4.833165   -34.872930    17.422070
v    -4.553154   -35.244602    17.081801
v     1.640954   -39.699043    13.577135
v     2.129422   -40.127187    13.166880
v    15.390379   -42.127475    13.166880
v    15.525389   -42.137986    13.178305
v    17.715006   -43.542280    11.170379
v    18.737118   -43.462697    11.083941
v    25.290755   -42.474141    11.083941
v    26.205212   -42.399650    10.978504
v    26.593074   -42.596879    10.553495
v    26.976823   -42.505479    10.448842
v    33.568717   -39.306742    10.448842
v    33.640140   -39.288527    10.425078
v    34.086955   -38.906671    10.510080
v    34.116334   -38.894267    10.496239
v    39.554761   -33.714763    10.496239
v    39.776210   -33.241311    10.730419
v    40.250315   -32.738154    10.629879
v    40.440296   -32.062056    10.865952
v    43.494490   -26.353281    10.865952
v    43.779397   -25.267580    11.176777
v    43.648173   -25.033465    11.446211
v    43.790430   -23.449308    11.638020
v    44.833891   -17.174963    11.638020
v    44.963353   -15.666538    11.771921
v    44.021085   -14.333927    13.055046
v    47.099761   -15.666538     8.155552
v    47.043681   -15.057880     8.108089
v    45.967642    -7.273934     8.108089
v    45.926577    -7.211913     8.163125
v    44.738835    -5.203660     9.514799
v    44.358024    -3.863345     9.179231
v    39.181000     8.039931     9.179231
v    38.701869     9.584329     8.702123
v    32.026996    18.137797    11.587358
v    31.983320    18.170635    11.623266
v    21.229138    31.518291    11.623266
v    20.809742    31.808225    11.895180
v    18.730524    33.788470    11.895180
v    17.720751    34.286665    12.419620
v    11.966732    38.491585    12.419620
v    10.767369    39.035023    12.931395
v    10.464117    39.249682    12.833988
v     9.213701    39.601572    13.201873
v     2.060284    42.423545    13.201873
v     0.810390    42.745599    13.499902
v     0.404705    42.963262    13.239869
v    -0.147808    43.013923    13.294187
v    -8.269868    44.032315    13.294187
v    -8.539824    44.054838    13.314230
v    -8.572402    44.037994    13.351377
v    -8.572402    41.544735    17.782773
v   -13.899452    43.370122    13.351377
v   -13.859105    42.827729    14.324395
v   -14.257739    40.662660    17.823511
v   -14.135525    43.434624    13.076721
v   -19.531581    41.305920    13.076721
v   -19.331350    40.882542    13.952201
v   -20.072930    37.522549    18.282796
v   -20.033041    41.351228    12.443841
v   -26.139797    36.888495    12.443841
v   -26.095860    36.846582    12.557634
v   -26.769608    31.401365    17.992471
v   -27.121498    36.757140    11.162022
v   -27.478545    36.510295    10.930519
v   -32.522647    30.249660    10.930519
v   -33.133852    29.790506    10.428081
v   -33.908662    29.447495     9.389647
v   -34.104193    29.249614     9.207957
v   -38.773032    18.514756     9.207957
v   -39.369678    17.859027     8.435954
v   -39.684681    17.326426     8.077470
v   -40.008303    14.125992     8.407816
v   -41.699071     1.894917     8.407816
v   -41.874298    -0.006790     8.556145
v   -41.403196    -1.042351     9.595950
v   -40.835146    -2.041483    10.791330
v   -36.950191    -2.041483    17.367230
v   -39.761653    -9.806822    10.791330
v   -39.734560    -9.847756    10.827694
v   -39.265809   -10.284191    11.519004
v   -39.153517   -10.276618    11.710814
v   -35.886035   -10.822276    16.740161
v   -36.759361   -16.047088    11.519004
v   -36.590010   -16.218528    11.676343
v   -36.153118   -16.411904    12.261890
v   -36.015300   -16.515448    12.375161
v   -31.925087   -21.592062    12.375161
v   -31.106536   -22.157958    12.905868
v   -30.299474   -22.926566    12.905868
v   -29.433851   -23.353665    13.355490
v   -20.334334   -30.003468    13.355490
v   -19.709681   -30.286481    13.621986
v   -12.234602   -35.577493    11.220649
v   -12.056437   -35.737182    11.064877
v     2.368890   -41.427743    11.064877
v     2.410868   -41.462409    11.017806
v     7.279809   -44.074359     7.896759
v     7.343658   -44.080234     7.903027
v    16.974862   -45.287823     7.903027
v    17.715006   -45.349649     7.958063
v    18.897982   -45.837790     6.826858
v    19.738796   -45.767543     6.764379
v    25.340438   -45.065199     6.764379
v    26.152330   -44.990708     6.684535
v    26.433711   -45.067615     6.357062
v    26.778616   -44.978761     6.274867
v    32.447175   -42.742596     6.274867
v    32.561947   -42.710280     6.241049
v    32.944782   -42.439344     6.364048
v    32.961038   -42.431967     6.357127
v    38.092101   -38.682219     6.357127
v    38.287305   -38.426103     6.531440
v    38.874158   -37.867193     6.531440
v    39.090123   -37.470190     6.747993
v    42.763682   -32.910704     6.747993
v    43.138683   -32.159919     7.084344
v    43.537252   -31.649189     6.912055
v    43.719465   -31.061944     7.093484
v    46.014387   -25.785426     7.093484
v    46.280099   -24.849947     7.327729
v    46.358703   -24.717091     7.238223
v    46.493910   -23.379583     7.376302
v    47.285172   -17.655662     7.376302
v    47.406408   -16.340482     7.478866
v    48.750313   -16.340482     3.470456
v    48.664006   -15.443914     3.411503
v    47.937899    -9.306342     3.411503
v    47.884430    -8.810106     3.369459
v    47.470649    -7.742228     4.109407
v    46.957242    -6.017315     3.747920
v    44.078340     1.818402     3.747920
v    43.556969     3.396422     3.339036
v    40.209446     8.958957     5.639703
v    39.910633     9.529162     5.423216
v    30.817840    23.311164     5.423216
v    30.666247    23.571719     5.301654
v    25.366813    29.610056     6.206578
v    24.376625    30.415355     6.917735
v    18.623717    35.894259     6.917735
v    17.642343    36.605090     7.473708
v    16.871515    37.218710     7.363702
v    16.133134    37.608335     7.691762
v    10.027683    41.261917     7.691762
v     9.409427    41.555768     7.915300
v     8.752196    41.914578     7.656377
v     7.928095    42.161488     7.859742
v     0.457260    44.651158     7.859742
v    -0.239795    44.839376     7.998866
v    -0.900356    45.071532     7.562954
v    -0.958786    45.092880     7.515687
v    -8.621366    45.915153     7.515687
v    -8.621366    44.324468    12.497310
v    -8.679144    45.928668     7.453927
v    -8.703430    45.933303     7.431272
v   -13.799369    45.386470     7.431272
v   -13.809945    45.056125     8.462199
v   -14.270405    43.715875    12.206332
v   -14.292145    45.400115     6.870077
v   -19.235707    43.752696     6.870077
v   -19.156907    43.497625     7.757570
v   -20.097804    41.440408    12.145355
v   -20.119087    43.614225     5.724183
v   -25.756375    40.240784     5.724183
v   -25.780530    40.228053     5.713476
v   -26.837244    39.840387     4.176782
v   -27.303253    39.502860     3.912766
v   -32.172585    34.865423     3.912766
v   -32.752583    34.393668     3.496244
v   -33.657639    33.815237     2.032408
v   -34.322573    33.113155     1.468210
v   -37.914330    27.669048     1.468210
v   -38.948912    26.405640     0.265974
v   -39.204244    26.138229    -0.205976
v   -39.627752    25.478844    -0.750459
v   -43.002891    16.292497    -0.750459
v   -43.060930    16.180532    -0.868822
v   -43.131308    15.998907    -0.994693
v   -43.442655    13.109625    -0.749806
v   -44.406011     4.966608    -0.749806
v   -44.587701     3.079264    -0.625698
v   -44.213026     1.295268     1.121281
v   -43.876936    -0.006790     2.583158
v   -43.059102    -6.919563     2.583158
v   -42.688475    -7.839177     3.364106
v   -42.510115    -8.162080     3.782195
v   -42.022561    -9.102325     4.776235
v   -40.271208   -13.869158     4.776235
v   -40.031153   -14.242984     5.084840
v   -39.490261   -14.809468     6.084625
v   -39.360212   -14.968242     6.235696
v   -36.568596   -19.199537     6.235696
v   -35.943682   -19.859380     6.765946
v   -35.703104   -20.013128     7.155049
v   -35.152028   -20.461248     7.550810
v   -29.843650   -25.516906     7.550810
v   -29.086989   -26.064914     7.979411
v   -26.015036   -28.510319     7.540952
v   -25.099992   -28.993172     7.947486
v   -11.483294   -37.141673     7.947486
v   -11.394832   -37.183717     7.979476
v    -4.316820   -41.047258     5.191321
v    -3.867067   -41.182073     5.302307
v     6.833646   -44.748107     5.302307
v     7.580514   -44.949709     5.451419
v    10.950039   -46.133926     3.227724
v    10.964532   -46.135362     3.228899
v    18.355784   -46.928518     3.228899
v    18.897982   -46.975850     3.262847
v    19.745586   -47.137301     2.472368
v    20.334267   -47.085921     2.435482
v    25.305183   -46.552472     2.435482
v    25.945113   -46.489929     2.383841
v    26.168064   -46.496131     2.129880
v    26.355173   -46.445600     2.092536
v    31.372442   -44.773568     2.092536
v    31.487280   -44.739163     2.064202
v    31.645924   -44.652594     2.126746
v    31.687903   -44.621387     2.164742
v    36.315155   -41.852361     2.164742
v    36.518390   -41.677787     2.320318
v    36.802774   -41.451441     2.360861
v    37.188416   -41.021339     2.685200
v    40.683093   -37.693010     2.685200
v    41.192844   -37.054712     3.064901
v    41.707621   -36.468121     2.977027
v    42.082949   -35.822968     3.277928
v    44.862356   -31.610214     3.277928
v    45.204322   -30.957683     3.525753
v    45.741950   -30.064184     3.156171
v    45.814482   -29.844693     3.213034
v    47.722391   -24.652001     3.213034
v    47.840427   -24.255391     3.296208
v    48.008733   -23.820980     2.995176
v    48.104899   -22.928263     3.070842
v    48.722502   -17.708347     3.070842
v    48.821540   -16.679510     3.138478
v    49.281543   -16.679510    -1.087659
v    48.703242   -11.087270    -1.087659
v    48.664006   -10.731790    -1.065005
v    48.535458    -9.645175    -1.065005
v    48.462795    -9.328801    -0.782253
v    46.344406    -2.677888    -0.782253
v    46.149136    -2.101154    -0.665914
v    44.768932     1.655449    -0.665914
v    44.286079     2.656409     0.139189
v    39.511672    11.163393     0.139189
v    38.528862    12.807744     0.749871
v    32.869182    21.386151     0.749871
v    32.051087    22.430721     1.521417
v    24.850991    30.786308     1.521417
v    23.976359    31.730535     2.095605
v    21.453394    34.133309     2.095605
v    21.135714    34.400197     2.279580
v    15.378758    38.899816     2.279580
v    15.281874    38.968692     2.347738
v    13.964213    39.757148     2.347738
v    13.757257    39.869374     2.274553
v     7.445243    43.082539     2.274553
v     7.084996    43.240138     1.998590
v     5.917558    43.629241     1.998590
v     5.440777    43.775611     1.906995
v    -1.694556    45.837072     1.906995
v    -2.134516    45.928668     1.532581
v    -2.382928    45.977305     1.288347
v    -8.770674    46.576432     1.288347
v    -8.770674    46.033451     6.525760
v    -9.216445    46.576432     0.885013
v   -13.776584    46.148746     0.885013
v   -13.825222    46.033451     1.952564
v   -14.358279    45.494322     6.015944
v   -14.541536    45.998980     0.133052
v   -19.028033    44.702864     0.133052
v   -19.033386    44.619363     0.997630
v   -20.135539    43.634398     5.536029
v   -20.052300    44.293327    -1.065266
v   -20.273488    44.196573    -1.234683
v   -25.122516    41.728122    -1.234683
v   -25.122516    41.728057    -1.233965
v   -26.100757    41.102228    -2.604768
v   -26.872890    40.553633    -3.147945
v   -31.127296    37.228372    -3.147945
v   -31.777999    36.681670    -3.524774
v   -32.537532    35.958305    -4.806854
v   -33.313518    35.120624    -5.316343
v   -36.807934    31.065405    -5.316343
v   -37.500288    30.181437    -5.969200
v   -38.122722    29.299101    -7.266818
v   -38.421338    28.799535    -7.452360
v   -41.154915    23.928832    -7.452360
v   -41.691759    22.815972    -8.347492
v   -41.820633    22.523558    -8.706693
v   -41.887681    22.325546    -8.746583
v   -44.083434    15.431771    -8.746583
v   -44.166347    15.070741    -8.423941
v   -44.260554    14.274452    -8.423941
v   -44.406011    12.956138    -8.339853
v   -45.119192     6.059947    -8.339853
v   -45.119192     3.079264    -5.508218
v   -44.555319    -2.373526    -5.508218
v   -44.437544    -3.440686    -5.440125
v   -44.213026    -4.481013    -4.366241
v   -43.807211    -6.248688    -2.786719
v   -42.460171   -10.477828    -2.786719
v   -42.368837   -10.747524    -2.732336
v   -41.841459   -11.944079    -1.262494
v   -41.528284   -12.593345    -0.740340
v   -39.538964   -16.137770    -0.740340
v   -39.486539   -16.225514    -0.707762
v   -38.763892   -17.249911     0.798770
v   -38.452806   -17.647044     1.092099
v   -35.466117   -21.113126     1.092099
v   -34.286535   -22.386523     1.866517
v   -33.573616   -23.065429     1.866517
v   -32.624428   -23.862958     2.416288
v   -24.818872   -29.963774     2.416288
v   -24.468941   -30.212317     2.662415
v   -15.376475   -35.653486     2.662415
v   -13.435923   -36.705434     1.976067
v    -3.536004   -41.745096     1.976067
v    -1.898574   -42.461476     0.721668
v     2.566248   -43.949402     0.721668
v     4.579332   -44.567592     0.334981
v    11.329479   -46.517740     0.334981
v    13.169817   -46.900967    -1.231092
v    13.426259   -46.928518    -1.231092
v    14.494006   -47.035390    -1.295986
v    19.745586   -47.527971    -1.295986
v    20.516740   -47.527971    -1.993694
v    25.229713   -47.085921    -1.993694
v    25.623973   -47.046424    -2.017654
v    25.663210   -47.038785    -2.056238
v    25.903918   -46.988646    -2.261039
v    30.411045   -45.686523    -2.261039
v    30.421622   -45.683259    -2.263063
v    30.439836   -45.675294    -2.249091
v    34.577773   -43.568852    -2.249091
v    34.721271   -43.476995    -2.048077
v    35.054228   -43.240465    -1.813897
v    38.239124   -40.751187    -1.813897
v    38.440857   -40.581640    -1.697036
v    38.733271   -40.303197    -1.203541
v    39.548951   -39.422624    -0.668003
v    41.928287   -36.661431    -0.668003
v    42.756762   -35.603738     0.113140
v    43.926616   -33.830514     0.113140
v    44.327601   -33.159573    -0.135990
v    46.492213   -29.302822    -0.135990
v    46.956916   -28.339336    -0.910931
v    46.967362   -28.311002    -0.910931
v    47.102046   -27.913216    -0.991167
v    48.564119   -23.322915    -0.991167
v    48.640242   -22.991329    -1.287499
v    48.722502   -22.296037    -1.287499
v    48.725635   -22.267181    -1.289327
v    49.281543   -16.891754    -1.289327
v    48.835381   -16.891754    -5.388353
v    48.703242   -15.519319    -5.298063
v    48.146225   -10.810916    -5.298063
v    47.965514    -9.134119    -5.155936
v    47.896181    -8.955040    -5.280044
v    47.060067    -6.146255    -4.691429
v    45.160189    -0.975172    -4.691429
v    44.050006     2.385082    -3.820779
v    42.329990     5.243158    -5.002906
v    40.678066     8.395738    -3.805894
v    33.965524    18.569922    -3.805894
v    31.828136    22.243939    -2.092014
v    26.528245    28.282799    -2.997004
v    26.329059    28.532190    -2.848675
v    18.775571    35.726018    -2.848675
v    18.551315    35.888449    -2.975721
v    16.972903    37.144937    -2.750420
v    15.925590    37.697515    -3.215711
v     9.712940    41.415338    -3.215711
v     8.461153    42.010287    -3.668402
v     8.417869    42.017076    -3.724548
v     6.614091    42.557577    -4.169665
v    -0.220275    44.835198    -4.169665
v    -1.637300    45.217772    -4.452483
v    -2.379011    45.967904     1.201322
v    -2.217037    45.201646    -5.112717
v    -9.218469    45.952954    -5.112717
v    -9.218469    45.964901    -5.011916
v    -9.216445    45.967904    -4.984953
v   -14.555899    45.964901    -0.182800
v   -10.013844    45.766759    -5.963193
v   -15.314192    45.197990    -5.963193
v   -15.414079    45.161430    -6.044017
v   -16.210891    44.762143    -7.026632
v   -16.472034    44.639341    -7.289603
v   -21.743852    42.882503    -7.289603
v   -22.317452    42.548371    -7.740661
v   -22.849726    42.087389    -8.635336
v   -23.721616    41.439821    -9.425489
v   -28.862341    38.363494    -9.425489
v   -29.692187    37.650640   -10.060588
v   -30.104205    37.065876   -11.053648
v   -31.093805    35.962222   -11.885910
v   -35.535581    31.731971   -11.885910
v   -36.238773    30.851398   -12.409762
v   -36.547770    30.087360   -13.576352
v   -37.023180    29.270179   -13.957555
v   -40.344654    24.235740   -13.957555
v   -40.584449    23.778152   -14.131345
v   -40.708491    23.060532   -15.108737
v   -40.735846    22.977619   -15.130216
v   -43.056360    16.661753   -15.130216
v   -43.099057    16.518385   -15.160248
v   -43.220097    16.206059   -14.943826
v   -43.242424    15.998450   -14.961387
v   -44.142453     8.390711   -14.961387
v   -44.260554     7.933385   -14.447981
v   -44.653966     6.059947   -12.613388
v   -44.555319     5.034635   -12.545948
v   -43.934779    -0.210350   -12.545948
v   -43.784883    -1.601523   -12.428042
v   -43.857089    -3.961143    -9.606265
v   -43.686693    -4.533698    -9.486270
v   -41.981366    -9.175118    -9.486270
v   -41.789361    -9.756487    -9.335656
v   -41.458428   -11.671512    -6.727362
v   -41.268447   -12.034108    -6.589675
v   -38.877946   -15.657398    -6.589675
v   -38.355400   -16.555533    -6.170737
v   -37.990322   -17.458303    -4.792295
v   -37.276554   -18.352195    -4.260543
v   -32.305964   -23.086059    -4.260543
v   -30.896969   -24.657420    -3.075673
v   -26.353869   -28.273920    -2.427191
v   -24.381393   -29.314769    -3.303520
v    -9.546790   -38.192054    -3.303520
v    -6.841874   -39.477660    -4.281696
v    -2.719215   -41.728057    -2.657715
v     2.706808   -43.354062    -3.996658
v     8.614705   -45.322882    -3.996658
v    12.700021   -46.425883    -4.812011
v    13.320431   -46.408648    -5.518598
v    14.645143   -46.538109    -5.625471
v    19.279250   -47.035390    -5.625471
v    20.516740   -47.143438    -5.703030
v    21.066184   -47.038785    -6.215457
v    21.198910   -47.007709    -6.357323
v    26.441285   -46.445143    -6.357323
v    26.530334   -46.412565    -6.429398
v    26.620885   -46.380771    -6.489135
v    30.422536   -45.669222    -2.408389
v    26.719206   -46.334549    -6.588108
v    31.437532   -44.762143    -6.588108
v    31.440143   -44.760576    -6.590197
v    31.473896   -44.744581    -6.577989
v    34.574313   -43.559385    -2.369087
v    35.571421   -42.292517    -6.577989
v    35.801945   -42.207906    -6.242747
v    35.857503   -42.167690    -6.211279
v    38.346519   -39.797233    -6.211279
v    39.310331   -39.255754    -4.267594
v    41.361281   -37.128616    -2.215926
v    44.996191   -31.573262    -2.397159
v    46.330892   -28.974696    -3.658087
v    46.454020   -27.899702    -5.560316
v    47.938551   -23.859302    -5.560250
v    48.008081   -23.625514    -5.609280
v    48.048101   -23.522363    -5.537727
v    48.112342   -22.926240    -5.588258
v    48.725635   -17.741970    -5.588258
v    48.783936   -17.136575    -5.628082
v    47.606182   -17.136575    -9.140778
v    47.441140   -15.345789    -9.001132
v    46.791286   -10.644372    -9.001132
v    46.578977    -8.544589    -8.784383
v    46.329455    -8.122713    -9.068376
v    45.340704    -4.642334    -8.196943
v    42.655439     1.531863    -8.196943
v    41.381846     5.636439    -6.928899
v    36.270565    12.186289    -9.138232
v    34.742750    15.244727    -7.767951
v    23.451135    29.259538    -7.767885
v    23.382847    29.385017    -7.699466
v    19.713857    32.879302    -7.699466
v    18.156924    33.647388    -8.508094
v    11.261778    38.686267    -8.508094
v     9.596014    39.441034    -9.218925
v     9.388405    39.422297    -9.480916
v     7.405941    39.980229   -10.064178
v     0.139449    42.846792   -10.064178
v    -1.565682    43.286099   -10.470778
v    -2.216319    45.180037    -5.180092
v    -2.343430    43.073595   -11.375833
v   -10.027032    44.037015   -11.375833
v   -10.013844    44.080430   -11.244152
v   -10.292222    43.927531   -11.629468
v   -11.232532    43.442654   -12.700871
v   -17.137490    42.702250   -12.700871
v   -17.783623    42.313604   -13.247573
v   -18.201125    41.906874   -13.877449
v   -18.946818    41.291491   -14.713498
v   -24.855498    38.960597   -14.713498
v   -25.998454    37.936330   -15.712695
v   -26.109505    37.708810   -16.032856
v   -27.359921    36.199274   -17.335958
v   -32.435164    32.490330   -17.335958
v   -33.435406    31.177957   -18.229458
v   -33.492335    30.792184   -18.758337
v   -34.134028    29.612472   -19.401662
v   -38.091123    24.701096   -19.401662
v   -38.440728    24.001234   -19.715229
v   -38.394767    23.540056   -20.326368
v   -38.454765    23.346679   -20.386105
v   -41.006586    17.479391   -20.386105
v   -41.078988    17.224581   -20.449889
v   -41.134611    17.130504   -20.386562
v   -41.149627    16.981653   -20.401969
v   -42.107759    10.050664   -20.401969
v   -42.272606     9.760665   -20.054976
v   -42.895888     8.390711   -18.679407
v   -42.784902     7.185864   -18.585460
v   -42.026283     1.698276   -18.585460
v   -41.880173     0.253113   -18.436283
v   -42.554379    -1.984946   -15.701662
v   -42.289515    -2.917421   -15.468200
v   -40.308486    -7.472207   -15.468200
v   -40.103228    -8.133746   -15.263856
v   -40.325656   -10.363644   -12.308896
v   -39.930286   -11.155037   -11.954329
v   -36.673119   -15.197656   -11.954329
v   -35.364467   -17.603629   -10.642283
v   -34.576208   -18.354349   -10.642283
v   -33.679444   -19.530993    -9.841228
v   -18.620128   -30.536199    -9.841228
v   -17.605066   -30.996071   -10.274398
v    -7.425659   -38.201259    -7.004239
v    -1.754553   -39.797233    -8.672810
v     7.843159   -43.583476    -8.672810
v    12.533804   -44.792109    -9.791284
v    12.817340   -44.944160    -9.609594
v    14.348484   -45.084589    -9.760078
v    19.961616   -45.788369    -9.760078
v    21.198910   -45.891781    -9.852000
v    21.616151   -45.719623   -10.251026
v    21.678564   -45.687437   -10.322122
v    27.178360   -44.997824   -10.322122
v    27.252851   -44.953038   -10.385123
v    27.336547   -44.908187   -10.438788
v    31.429306   -44.725387    -6.712673
v    27.406403   -44.850540   -10.517065
v    32.245050   -42.941717   -10.517065
v    32.286115   -42.904896   -10.553038
v    35.517299   -42.219854    -6.886398
v    32.311968   -42.851950   -10.627528
v    32.417600   -42.724381   -10.737600
v    36.386774   -39.823804   -10.737600
v    36.427904   -39.862976   -10.586203
v    38.131207   -39.266069    -8.039604
v    36.432082   -39.516635   -11.158758
v    37.078606   -38.327979   -11.806979
v    39.649752   -35.136750   -11.806979
v    39.439271   -36.037235   -10.734009
v    40.547887   -33.338848   -12.612539
v    42.819828   -30.427498   -11.630447
v    43.713328   -29.523096   -10.800340
v    44.074423   -29.373331   -10.066855
v    45.553339   -25.292519   -10.800340
v    46.244910   -24.532463    -9.905534
v    46.075298   -27.977849    -6.611872
v    46.504160   -24.094200    -9.610508
v    46.509252   -24.043278    -9.615796
v    47.345496   -17.994038    -9.615796
v    47.378400   -17.637382    -9.643608
v    45.738163   -17.637382   -12.420012
v    45.539564   -15.322874   -12.214623
v    44.710044   -10.334918   -12.214623
v    44.483699    -7.814499   -11.909347
v    43.362026    -6.399759   -12.749835
v    42.443652    -2.900447   -11.748026
v    36.215464     8.740968   -11.748026
v    35.186301    12.403364   -10.469211
v    24.077943    24.193630   -12.824130
v    22.495157    24.906746   -13.722853
v    12.670969    34.263097   -13.722853
v    10.333481    35.254786   -14.823961
v    10.302340    35.281423   -14.818020
v     7.638162    35.960459   -15.704012
v     0.014558    39.659872   -15.704012
v    -1.796924    40.091084   -16.197898
v    -2.344214    43.063410   -11.394113
v    -2.799777    39.581268   -17.296917
v   -11.245001    40.855122   -17.296917
v   -11.232532    40.906437   -17.208520
v   -11.964841    40.393487   -17.957021
v   -13.053219    39.476289   -19.208743
v   -19.458918    38.510061   -19.208743
v   -20.643396    37.471953   -20.203631
v   -20.722588    37.326235   -20.358489
v   -21.822521    35.866513   -21.695082
v   -28.106398    32.817150   -21.695082
v   -29.249550    31.268378   -22.791425
v   -29.252422    31.213734   -22.850182
v   -30.005101    29.698323   -23.753670
v   -34.673549    25.252172   -23.753670
v   -35.172658    24.185078   -24.281505
v   -35.126436    24.029894   -24.459213
v   -35.247084    23.600575   -24.609108
v   -38.202893    18.075710   -24.609108
v   -38.292073    17.735833   -24.706384
v   -38.333986    17.683017   -24.675047
v   -38.342734    17.585610   -24.686798
v   -39.419230    11.112470   -24.686798
v   -39.543534    10.978635   -24.525216
v   -40.199655    10.050664   -23.631717
v   -40.100616     8.895891   -23.529218
v   -39.182700     3.376640   -23.529218
v   -39.075566     2.183675   -23.384741
v   -40.305091    -0.009989   -20.860731
v   -40.006344    -1.148244   -20.534825
v   -37.636474    -5.577943   -20.534825
v   -37.327607    -6.677092   -20.151011
v   -37.893243    -8.576187   -17.976606
v   -37.348303    -9.741210   -17.400395
v   -30.665988   -16.105323   -17.400395
v   -29.252096   -18.951909   -15.703228
v   -18.173835   -28.419050   -13.595937
v   -14.671977   -29.311570   -14.760503
v     6.223748   -39.451480   -14.760503
v     8.752849   -40.053545   -15.450051
v    12.105269   -42.464414   -13.553241
v    12.899273   -42.529047   -13.644836
v    20.286935   -43.643473   -13.644836
v    21.678564   -43.751782   -13.762416
v    21.803390   -43.671677   -13.876927
v    21.931611   -43.661688   -13.866090
v    27.787932   -42.778307   -13.866090
v    27.816854   -42.752977   -13.890376
v    27.942529   -42.662556   -13.961472
v    27.976020   -42.618162   -14.002145
v    32.976642   -40.191558   -14.002145
v    33.089912   -40.038137   -14.110780
v    33.287140   -39.869569   -14.148254
v    33.475555   -39.490260   -14.374469
v    37.396874   -35.755593   -14.374469
v    37.669572   -35.172592   -14.662836
v    39.110361   -33.643405   -14.357364
v    39.146007   -33.619511   -14.333339
v    42.528719   -27.296789   -14.333339
v    42.665819   -27.203104   -14.213801
v    43.954101   -25.578209   -13.248487
v    43.975580   -25.556012   -13.228836
v    45.101889   -18.783080   -13.228836
v    45.125914   -18.503200   -13.253710
v    43.261290   -18.503200   -15.309360
v    43.010266   -15.306226   -14.999971
v    41.722115    -9.138493   -14.999971
v    41.505432    -6.224075   -14.601206
v    35.447247     0.049356   -17.439109
v    35.416237     0.179144   -17.398697
v    17.865685    25.194590   -17.398697
v    13.328657    27.106612   -19.547380
v    10.721931    29.589230   -19.547380
v     7.034661    30.439511   -20.851657
v    -0.551534    35.267060   -20.851657
v    -2.393047    35.665629   -21.397576
v    -2.800822    39.574674   -17.304751
v    -4.022121    34.554793   -22.913770
v   -13.082597    36.271219   -22.913770
v   -13.053219    36.395066   -22.775560
v   -14.212823    35.307341   -23.832144
v   -15.351013    33.926353   -25.076946
v   -22.159460    32.636570   -25.076946
v   -23.390422    31.160852   -26.045654
v   -23.852057    30.756473   -26.244580
v   -24.558252    29.255620   -27.161256
v   -30.285307    25.611113   -27.161256
v   -30.834751    24.428528   -27.749284
v   -30.982819    24.287511   -27.749284
v   -31.115545    23.765618   -27.943117
v   -34.775525    18.548900   -27.943117
v   -34.868818    18.157905   -28.064810
v   -34.963483    18.059911   -28.020481
v   -34.977258    18.049465   -28.011863
v   -36.287541    11.776099   -28.011863
v   -36.342316    11.735100   -27.964792
v   -36.927733    11.112470   -27.433563
v   -36.854939    10.184761   -27.343729
v   -35.715639     4.729947   -27.343729
v   -35.673725     4.166009   -27.266562
v   -37.290917     2.014781   -25.164363
v   -37.029840     0.920724   -24.823833
v   -33.521192    -4.080224   -24.823833
v   -32.789274    -6.959322   -23.754519
v   -32.387310    -7.342157   -23.754519
v   -31.072783   -10.171312   -22.347678
v    -2.926823   -28.082306   -22.347678
v    -2.739323   -28.301274   -22.260783
v    -2.607184   -28.391369   -22.232122
v     8.543543   -38.158367   -17.428076
v     8.556796   -38.174296   -17.417630
v    19.969581   -40.336362   -17.417630
v    21.122069   -40.418426   -17.523850
v    21.803390   -40.999469   -16.970228
v    22.095544   -40.978643   -16.943330
v    28.024593   -39.855468   -16.943330
v    28.265889   -39.839146   -16.911862
v    28.464357   -39.665356   -16.997386
v    28.526966   -39.651776   -16.978780
v    33.689692   -36.366405   -16.978780
v    33.778154   -36.176098   -17.073444
v    34.605650   -35.387969   -17.073444
v    34.674787   -35.358852   -17.040736
v    38.730790   -29.577609   -17.040736
v    38.799863   -29.288133   -17.130830
v    40.541358   -27.484812   -16.315086
v    40.548801   -27.385121   -16.328731
v    42.074396   -20.080633   -16.328731
v    42.101359   -19.736904   -16.361961
v    39.284674   -19.736904   -18.453388
v    39.028101   -16.243990   -18.102216
v    34.432643     0.089703   -18.102216
v    34.157921     0.244168   -18.214116
v    12.714906    20.220148   -23.208665
v     5.700483    21.868742   -25.674636
v    -2.490258    29.669532   -25.674636
v    -3.870201    29.966973   -26.084565
v    -4.063838    34.383875   -23.053220
v    -6.762748    27.909626   -28.024855
v   -15.449986    30.126531   -28.024855
v   -15.351013    30.502185   -27.746607
v   -16.693809    28.857900   -28.830219
v   -17.570008    27.415283   -29.676321
v   -24.718855    25.590940   -29.676321
v   -25.404615    24.485000   -30.149055
v   -25.874476    24.027544   -30.260955
v   -26.004264    23.526672   -30.445844
v   -30.695954    19.058325   -30.445844
v   -30.822543    18.525659   -30.611996
v   -31.001948    18.358527   -30.570213
v   -31.091585    18.308127   -30.533718
v   -32.766946    12.353355   -30.533718
v   -32.794105    12.338340   -30.518572
v   -33.426397    11.776099   -30.136259
v   -33.364375    10.931499   -30.051388
v   -31.982996     6.021689   -30.051388
v   -31.941996     5.316931   -29.947387
v   -32.930095     4.056917   -29.059894
v   -32.832558     3.646401   -28.931869
v   -24.150608    -4.622095   -28.931869
v   -23.629237    -6.634134   -28.189114
v    -4.947284   -24.823702   -23.740483
v    17.498257   -33.522039   -22.232122
v    18.280510   -34.809864   -21.476832
v    21.122069   -37.708091   -19.636951
v    21.673602   -37.671336   -19.584135
v    27.897090   -36.083131   -19.584135
v    28.623067   -36.044874   -19.482159
v    28.747632   -35.923638   -19.511799
v    29.267958   -35.811477   -19.357202
v    34.185994   -31.127622   -19.357202
v    34.225165   -31.118417   -19.343427
v    36.073402   -29.396572   -18.912933
v    36.078429   -29.310460   -18.925664
v    38.293572   -21.437073   -18.925664
v    38.357944   -20.561070   -19.013734
v    33.210299   -20.561070   -21.503142
v    28.002265   -16.296675   -23.441539
v    21.665768   -13.734604   -25.486483
v     7.936778    -3.524317   -29.123548
v    -2.984536    21.586382   -29.123613
v    -6.991379    23.132869   -30.038657
v    -6.825618    27.756596   -28.110706
v   -10.024225    21.966083   -31.010369
v   -10.675188    22.000423   -31.101834
v   -16.763404    24.402153   -31.101834
v   -17.570008    24.460518   -31.176717
v   -19.382861    22.452396   -31.961516
v   -19.692902    21.756908   -32.197132
v   -25.853716    19.326583   -32.197132
v   -26.105131    18.735683   -32.338867
v   -26.369472    18.483941   -32.338867
v   -26.615795    18.388885   -32.282591
v   -28.873961    13.196650   -32.282591
v   -29.053954    13.123922   -32.224552
v   -29.994982    12.353355   -31.874294
v   -29.929957    11.538394   -31.794841
v   -27.608007     6.199723   -31.794841
v   -27.564984     5.459253   -31.685553
v   -25.560713     3.550366   -31.685553
v   -23.990005    -0.140821   -30.800410
v    -6.872950    -6.893318   -30.800410
v     5.059312   -21.446018   -26.752307
v    10.738709   -25.942242   -25.205167
v    17.498257   -33.429986   -22.278932
v    19.588639   -33.278654   -22.084903
v    26.796112   -30.435398   -22.084903
v    28.575408   -31.119918   -21.514829
v    28.992975   -30.958793   -21.419446
v    33.141814   -21.419512   -21.419446
v    -5.053896     2.401338   -31.981624
v   -13.232754     9.520479   -33.376583
v   -13.373771    10.533713   -33.294323
v   -20.687203    17.498846   -33.294323
v   -20.709270    17.582868   -33.284465
v   -19.692902    19.603917   -32.817607
v   -21.426433    17.492317   -33.229037
v   -25.063955    14.027998   -33.229037
v   -25.153070    13.387676   -33.281005
v   -25.168281    13.374423   -33.278458
v   -25.557971    13.196650   -33.192673
v   -17.189066     5.775171   -33.278458
v   -16.626630     5.704140   -33.321939
v    -9.444357    -1.780079   -31.981624
v    26.467138   -30.122092   -22.212537
v   -16.626630     9.520479   -33.678986
v   -20.687203    13.387676   -33.678986
f      1      2      3
f      1      3      4
f      4      3      5
f      4      5      6
f      4      6      7
f      7      6      8
f      7      8      9
f      7      9     10
f     11      1      4
f     11      4      7
f     11      7     10
f     11     10     12
f     13     14     15
f     13     15     16
f     16     15     17
f     16     17     18
f     16     18      2
f     16      2      1
f     16      1     11
f     17     19     20
f     17     20     21
f     17     21     22
f     17     22     18
f     21     23     24
f     21     24     25
f     21     25     22
f     18     22     25
f     18     25     26
f     18     26      5
f     18      5      3
f     18      3      2
f      5     26     27
f      5     27     28
f      5     28      8
f      5      8      6
f      9      8     28
f      9     28     29
f      9     29     30
f      9     30     31
f     12     10      9
f     12      9     31
f     12     31     32
f     12     32     33
f     12     33     34
f     34     33     35
f     34     35     36
f     34     36     37
f     37     36     38
f     37     38     39
f     37     39     40
f     37     40     41
f     12     34     37
f     12     37     41
f     12     41     42
f     12     42     43
f     12     43     44
f     12     44     13
f     12     13     16
f     12     16     11
f     43     45     46
f     43     46     47
f     43     47     44
f     46     48     49
f     46     49     50
f     46     50     47
f     44     47     50
f     44     50     51
f     44     51     14
f     44     14     13
f     51     52     53
f     51     53     19
f     51     19     17
f     51     17     15
f     51     15     14
f     53     54     55
f     53     55     56
f     53     56     20
f     53     20     19
f     55     57     58
f     55     58     59
f     55     59     60
f     55     60     61
f     55     61     56
f     61     60     62
f     61     62     63
f     61     63     64
f     20     56     61
f     20     61     64
f     20     64     65
f     20     65     23
f     20     23     21
f     65     66     67
f     65     67     24
f     65     24     23
f     25     24     67
f     25     67     68
f     25     68     69
f     25     69     27
f     25     27     26
f     28     27     69
f     28     69     70
f     28     70     71
f     28     71     29
f     29     71     72
f     29     72     73
f     29     73     74
f     29     74     30
f     31     30     74
f     31     74     75
f     31     75     32
f     32     75     76
f     32     76     77
f     32     77     78
f     32     78     35
f     32     35     33
f     35     78     79
f     35     79     80
f     35     80     38
f     35     38     36
f     38     80     81
f     38     81     82
f     38     82     39
f     39     82     83
f     39     83     84
f     39     84     85
f     39     85     86
f     39     86     40
f     41     40     86
f     41     86     87
f     41     87     88
f     41     88     42
f     87     89     90
f     87     90     91
f     87     91     88
f     42     88     91
f     42     91     92
f     42     92     45
f     42     45     43
f     92     93     94
f     92     94     95
f     92     95     48
f     92     48     46
f     92     46     45
f     94     96     97
f     94     97     98
f     94     98     95
f     95     98     99
f     95     99     49
f     95     49     48
f     50     49     99
f     50     99    100
f     50    100    101
f     50    101     52
f     50     52     51
f    101    102    103
f    101    103    104
f    101    104     54
f    101     54     53
f    101     53     52
f    104    105    106
f    104    106     57
f    104     57     55
f    104     55     54
f    106    107    108
f    106    108     58
f    106     58     57
f     58    108    109
f     58    109    110
f     58    110    111
f     58    111    112
f     58    112     59
f    111    113    114
f    111    114    115
f    111    115    112
f     59    112    115
f     59    115     62
f     59     62     60
f     62    115    114
f     62    114    116
f     62    116    117
f     62    117    118
f     62    118     63
f     64     63    118
f     64    118    119
f     64    119     66
f     64     66     65
f     67     66    119
f     67    119    120
f     67    120    121
f     67    121    122
f     67    122     68
f     69     68    122
f     69    122    123
f     69    123     70
f     70    123    124
f     70    124    125
f     70    125     72
f     70     72     71
f     72    125    126
f     72    126    127
f     72    127     73
f     74     73    127
f     74    127    128
f     74    128     76
f     74     76     75
f     76    128    129
f     76    129    130
f     76    130    131
f     76    131     77
f     77    131    132
f     77    132    133
f     77    133     79
f     77     79     78
f     79    133    134
f     79    134    135
f     79    135     81
f     79     81     80
f     81    135    136
f     81    136     83
f     81     83     82
f     83    136    137
f     83    137    138
f     83    138     84
f     84    138    139
f     84    139    140
f     84    140    141
f     84    141    142
f     84    142     85
f     86     85    142
f     86    142    143
f     86    143    144
f     86    144     89
f     86     89     87
f    143    145    146
f    143    146    147
f    143    147    144
f    144    147    148
f    144    148    149
f    144    149    150
f    144    150    151
f    144    151     90
f    144     90     89
f    151    150    152
f    151    152    153
f    151    153    154
f     91     90    151
f     91    151    154
f     91    154    155
f     91    155     93
f     91     93     92
f    155    156    157
f    155    157    158
f    155    158     96
f    155     96     94
f    155     94     93
f    157    159    160
f    157    160    161
f    157    161    158
f    158    161    162
f    158    162    163
f    158    163     97
f    158     97     96
f     99     98     97
f     99     97    163
f     99    163    164
f     99    164    100
f    100    164    165
f    100    165    166
f    100    166    102
f    100    102    101
f    166    167    168
f    166    168    169
f    166    169    103
f    166    103    102
f    103    169    170
f    103    170    171
f    103    171    105
f    103    105    104
f    171    172    173
f    171    173    107
f    171    107    106
f    171    106    105
f    173    174    175
f    173    175    109
f    173    109    108
f    173    108    107
f    109    175    176
f    109    176    177
f    109    177    178
f    109    178    179
f    109    179    110
f    178    180    181
f    178    181    182
f    178    182    179
f    110    179    182
f    110    182    183
f    110    183    113
f    110    113    111
f    182    181    184
f    182    184    185
f    182    185    186
f    182    186    183
f    114    113    183
f    114    183    186
f    114    186    116
f    116    186    185
f    116    185    187
f    116    187    188
f    116    188    117
f    118    117    188
f    118    188    120
f    118    120    119
f    120    188    187
f    120    187    189
f    120    189    190
f    120    190    121
f    122    121    190
f    122    190    191
f    122    191    192
f    122    192    193
f    122    193    124
f    122    124    123
f    124    193    194
f    124    194    195
f    124    195    196
f    124    196    126
f    124    126    125
f    196    195    197
f    196    197    198
f    196    198    199
f    127    126    196
f    127    196    199
f    127    199    200
f    127    200    129
f    127    129    128
f    199    198    201
f    199    201    202
f    199    202    203
f    199    203    200
f    129    200    203
f    129    203    204
f    129    204    205
f    129    205    130
f    130    205    206
f    130    206    207
f    130    207    132
f    130    132    131
f    132    207    208
f    132    208    134
f    132    134    133
f    134    208    209
f    134    209    210
f    134    210    137
f    134    137    136
f    134    136    135
f    137    210    211
f    137    211    212
f    137    212    139
f    137    139    138
f    139    212    213
f    139    213    214
f    139    214    215
f    139    215    140
f    140    215    216
f    140    216    217
f    140    217    218
f    140    218    141
f    142    141    218
f    142    218    219
f    142    219    145
f    142    145    143
f    219    220    221
f    219    221    222
f    219    222    146
f    219    146    145
f    146    222    223
f    146    223    224
f    146    224    148
f    146    148    147
f    148    224    225
f    148    225    226
f    148    226    227
f    148    227    149
f    149    227    228
f    149    228    229
f    149    229    152
f    149    152    150
f    152    229    230
f    152    230    231
f    152    231    232
f    152    232    153
f    154    153    232
f    154    232    233
f    154    233    156
f    154    156    155
f    233    234    235
f    233    235    236
f    233    236    159
f    233    159    157
f    233    157    156
f    235    237    238
f    235    238    239
f    235    239    240
f    235    240    236
f    236    240    241
f    236    241    160
f    236    160    159
f    160    241    242
f    160    242    243
f    160    243    162
f    160    162    161
f    163    162    243
f    163    243    244
f    163    244    245
f    163    245    246
f    163    246    165
f    163    165    164
f    165    246    247
f    165    247    248
f    165    248    167
f    165    167    166
f    248    249    250
f    248    250    168
f    248    168    167
f    168    250    251
f    168    251    252
f    168    252    170
f    168    170    169
f    170    252    253
f    170    253    254
f    170    254    172
f    170    172    171
f    254    255    256
f    254    256    174
f    254    174    173
f    254    173    172
f    256    257    258
f    256    258    176
f    256    176    175
f    256    175    174
f    176    258    259
f    176    259    260
f    176    260    261
f    176    261    262
f    176    262    177
f    261    263    264
f    261    264    262
f    177    262    264
f    177    264    265
f    177    265    180
f    177    180    178
f    264    263    266
f    264    266    267
f    264    267    268
f    264    268    265
f    184    181    180
f    184    180    265
f    184    265    268
f    184    268    269
f    269    268    267
f    269    267    270
f    269    270    271
f    269    271    272
f    187    185    184
f    187    184    269
f    187    269    272
f    187    272    273
f    187    273    189
f    273    272    271
f    273    271    274
f    273    274    275
f    273    275    276
f    190    189    273
f    190    273    276
f    190    276    277
f    190    277    191
f    191    277    278
f    191    278    279
f    191    279    280
f    191    280    192
f    192    280    281
f    192    281    282
f    192    282    283
f    192    283    194
f    192    194    193
f    194    283    284
f    194    284    285
f    194    285    286
f    194    286    287
f    194    287    288
f    194    288    197
f    194    197    195
f    287    289    290
f    287    290    291
f    287    291    292
f    287    292    288
f    197    288    292
f    197    292    293
f    197    293    201
f    197    201    198
f    292    291    294
f    292    294    295
f    292    295    296
f    292    296    293
f    201    293    296
f    201    296    297
f    201    297    202
f    203    202    297
f    203    297    298
f    203    298    299
f    203    299    204
f    204    299    300
f    204    300    301
f    204    301    206
f    204    206    205
f    206    301    302
f    206    302    303
f    206    303    209
f    206    209    208
f    206    208    207
f    209    303    304
f    209    304    211
f    209    211    210
f    211    304    305
f    211    305    306
f    211    306    213
f    211    213    212
f    213    306    307
f    213    307    308
f    213    308    309
f    213    309    214
f    214    309    310
f    214    310    311
f    214    311    216
f    214    216    215
f    216    311    312
f    216    312    313
f    216    313    314
f    216    314    217
f    218    217    314
f    218    314    315
f    218    315    220
f    218    220    219
f    315    316    317
f    315    317    318
f    315    318    221
f    315    221    220
f    221    318    319
f    221    319    320
f    221    320    223
f    221    223    222
f    223    320    321
f    223    321    322
f    223    322    323
f    223    323    225
f    223    225    224
f    225    323    324
f    225    324    325
f    225    325    226
f    226    325    326
f    226    326    327
f    226    327    228
f    226    228    227
f    228    327    328
f    228    328    329
f    228    329    230
f    228    230    229
f    230    329    330
f    230    330    331
f    230    331    231
f    232    231    331
f    232    331    332
f    232    332    333
f    232    333    234
f    232    234    233
f    333    334    335
f    333    335    237
f    333    237    235
f    333    235    234
f    335    336    337
f    335    337    338
f    335    338    238
f    335    238    237
f    238    338    339
f    238    339    340
f    238    340    239
f    239    340    341
f    239    341    342
f    239    342    242
f    239    242    241
f    239    241    240
f    243    242    342
f    243    342    343
f    243    343    344
f    243    344    244
f    244    344    345
f    244    345    346
f    244    346    245
f    245    346    347
f    245    347    348
f    245    348    349
f    245    349    247
f    245    247    246
f    247    349    350
f    247    350    351
f    247    351    249
f    247    249    248
f    351    352    353
f    351    353    251
f    351    251    250
f    351    250    249
f    251    353    354
f    251    354    355
f    251    355    253
f    251    253    252
f    253    355    356
f    253    356    357
f    253    357    255
f    253    255    254
f    357    358    359
f    357    359    257
f    357    257    256
f    357    256    255
f    359    360    259
f    359    259    258
f    359    258    257
f    259    360    361
f    259    361    362
f    259    362    363
f    259    363    260
f    362    364    365
f    362    365    366
f    362    366    367
f    362    367    363
f    260    363    367
f    260    367    368
f    260    368    266
f    260    266    263
f    260    263    261
f    367    366    369
f    367    369    370
f    367    370    371
f    367    371    368
f    267    266    368
f    267    368    371
f    267    371    372
f    267    372    270
f    372    371    370
f    372    370    373
f    372    373    374
f    271    270    372
f    271    372    374
f    271    374    375
f    271    375    274
f    274    375    376
f    274    376    377
f    274    377    378
f    274    378    275
f    276    275    378
f    276    378    379
f    276    379    278
f    276    278    277
f    278    379    380
f    278    380    381
f    278    381    382
f    278    382    279
f    279    382    383
f    279    383    281
f    279    281    280
f    281    383    384
f    281    384    385
f    281    385    386
f    281    386    282
f    282    386    387
f    282    387    388
f    282    388    389
f    282    389    284
f    282    284    283
f    284    389    390
f    284    390    391
f    284    391    392
f    284    392    393
f    284    393    285
f    285    393    394
f    285    394    395
f    285    395    396
f    285    396    286
f    286    396    397
f    286    397    289
f    286    289    287
f    397    398    399
f    397    399    400
f    397    400    290
f    397    290    289
f    290    400    401
f    290    401    294
f    290    294    291
f    295    294    401
f    295    401    402
f    295    402    403
f    295    403    404
f    297    296    295
f    297    295    404
f    297    404    405
f    297    405    298
f    298    405    406
f    298    406    407
f    298    407    300
f    298    300    299
f    300    407    408
f    300    408    409
f    300    409    302
f    300    302    301
f    302    409    410
f    302    410    411
f    302    411    305
f    302    305    304
f    302    304    303
f    305    411    412
f    305    412    413
f    305    413    307
f    305    307    306
f    307    413    414
f    307    414    415
f    307    415    308
f    308    415    416
f    308    416    417
f    308    417    310
f    308    310    309
f    310    417    418
f    310    418    419
f    310    419    312
f    310    312    311
f    312    419    420
f    312    420    421
f    312    421    422
f    312    422    313
f    314    313    422
f    314    422    423
f    314    423    316
f    314    316    315
f    423    424    425
f    423    425    426
f    423    426    317
f    423    317    316
f    317    426    427
f    317    427    428
f    317    428    429
f    317    429    319
f    317    319    318
f    319    429    430
f    319    430    431
f    319    431    321
f    319    321    320
f    321    431    432
f    321    432    433
f    321    433    322
f    322    433    434
f    322    434    435
f    322    435    324
f    322    324    323
f    324    435    436
f    324    436    437
f    324    437    326
f    324    326    325
f    326    437    438
f    326    438    439
f    326    439    328
f    326    328    327
f    328    439    440
f    328    440    441
f    328    441    330
f    328    330    329
f    331    330    441
f    331    441    442
f    331    442    443
f    331    443    332
f    332    443    444
f    332    444    445
f    332    445    334
f    332    334    333
f    445    446    447
f    445    447    336
f    445    336    335
f    445    335    334
f    447    448    449
f    447    449    450
f    447    450    337
f    447    337    336
f    337    450    451
f    337    451    452
f    337    452    339
f    337    339    338
f    339    452    453
f    339    453    454
f    339    454    341
f    339    341    340
f    342    341    454
f    342    454    455
f    342    455    456
f    342    456    343
f    343    456    457
f    343    457    458
f    343    458    345
f    343    345    344
f    345    458    459
f    345    459    460
f    345    460    347
f    345    347    346
f    347    460    461
f    347    461    462
f    347    462    348
f    348    462    463
f    348    463    464
f    348    464    350
f    348    350    349
f    350    464    465
f    350    465    466
f    350    466    352
f    350    352    351
f    466    467    354
f    466    354    353
f    466    353    352
f    354    467    468
f    354    468    469
f    354    469    356
f    354    356    355
f    356    469    470
f    356    470    471
f    356    471    358
f    356    358    357
f    471    472    473
f    471    473    361
f    471    361    360
f    471    360    359
f    471    359    358
f    473    474    364
f    473    364    362
f    473    362    361
f    475    476    477
f    475    477    365
f    475    365    364
f    475    364    474
f    478    479    480
f    478    480    477
f    478    477    476
f    365    477    480
f    365    480    481
f    365    481    369
f    365    369    366
f    481    480    479
f    481    479    482
f    481    482    483
f    481    483    484
f    370    369    481
f    370    481    484
f    370    484    485
f    370    485    373
f    485    484    483
f    485    483    486
f    485    486    487
f    485    487    488
f    485    488    489
f    374    373    485
f    374    485    489
f    374    489    376
f    374    376    375
f    376    489    488
f    376    488    490
f    376    490    491
f    376    491    492
f    376    492    377
f    378    377    492
f    378    492    493
f    378    493    380
f    378    380    379
f    380    493    494
f    380    494    495
f    380    495    496
f    380    496    381
f    381    496    497
f    381    497    384
f    381    384    383
f    381    383    382
f    384    497    498
f    384    498    499
f    384    499    500
f    384    500    385
f    385    500    501
f    385    501    387
f    385    387    386
f    387    501    502
f    387    502    503
f    387    503    504
f    387    504    505
f    387    505    388
f    388    505    506
f    388    506    507
f    388    507    390
f    388    390    389
f    390    507    508
f    390    508    509
f    390    509    391
f    391    509    510
f    391    510    511
f    391    511    512
f    391    512    392
f    392    512    513
f    392    513    394
f    392    394    393
f    394    513    514
f    394    514    515
f    394    515    516
f    394    516    395
f    395    516    517
f    395    517    398
f    395    398    397
f    395    397    396
f    517    518    519
f    517    519    520
f    517    520    399
f    517    399    398
f    401    400    399
f    401    399    520
f    401    520    521
f    401    521    402
f    402    521    522
f    402    522    523
f    402    523    403
f    404    403    523
f    404    523    524
f    404    524    525
f    404    525    406
f    404    406    405
f    406    525    526
f    406    526    527
f    406    527    408
f    406    408    407
f    408    527    528
f    408    528    410
f    408    410    409
f    410    528    529
f    410    529    530
f    410    530    412
f    410    412    411
f    412    530    531
f    412    531    532
f    412    532    414
f    412    414    413
f    414    532    533
f    414    533    534
f    414    534    416
f    414    416    415
f    416    534    535
f    416    535    536
f    416    536    418
f    416    418    417
f    418    536    537
f    418    537    538
f    418    538    420
f    418    420    419
f    420    538    539
f    420    539    540
f    420    540    421
f    422    421    540
f    422    540    541
f    422    541    424
f    422    424    423
f    541    542    543
f    541    543    544
f    541    544    425
f    541    425    424
f    425    544    545
f    425    545    546
f    425    546    427
f    425    427    426
f    427    546    547
f    427    547    548
f    427    548    428
f    428    548    549
f    428    549    430
f    428    430    429
f    430    549    550
f    430    550    551
f    430    551    552
f    430    552    432
f    430    432    431
f    432    552    553
f    432    553    434
f    432    434    433
f    434    553    554
f    434    554    555
f    434    555    436
f    434    436    435
f    436    555    556
f    436    556    438
f    436    438    437
f    438    556    557
f    438    557    558
f    438    558    440
f    438    440    439
f    441    440    558
f    441    558    559
f    441    559    560
f    441    560    442
f    442    560    561
f    442    561    562
f    442    562    444
f    442    444    443
f    444    562    563
f    444    563    564
f    444    564    446
f    444    446    445
f    564    565    566
f    564    566    448
f    564    448    447
f    564    447    446
f    566    567    568
f    566    568    449
f    566    449    448
f    449    568    569
f    449    569    570
f    449    570    451
f    449    451    450
f    451    570    571
f    451    571    572
f    451    572    453
f    451    453    452
f    454    453    572
f    454    572    573
f    454    573    574
f    454    574    455
f    455    574    575
f    455    575    576
f    455    576    457
f    455    457    456
f    457    576    577
f    457    577    578
f    457    578    459
f    457    459    458
f    459    578    579
f    459    579    580
f    459    580    461
f    459    461    460
f    461    580    581
f    461    581    463
f    461    463    462
f    463    581    582
f    463    582    583
f    463    583    465
f    463    465    464
f    465    583    584
f    465    584    585
f    465    585    468
f    465    468    467
f    465    467    466
f    585    586    470
f    585    470    469
f    585    469    468
f    470    586    587
f    470    587    588
f    470    588    589
f    470    589    472
f    470    472    471
f    589    590    591
f    589    591    475
f    589    475    474
f    589    474    473
f    589    473    472
f    592    593    594
f    592    594    595
f    592    595    591
f    592    591    590
f    591    595    478
f    591    478    476
f    591    476    475
f    594    596    482
f    594    482    479
f    594    479    478
f    594    478    595
f    597    598    596
f    597    596    594
f    597    594    593
f    483    482    596
f    483    596    598
f    483    598    599
f    483    599    486
f    486    599    600
f    486    600    601
f    486    601    602
f    486    602    487
f    488    487    602
f    488    602    603
f    488    603    490
f    490    603    604
f    490    604    605
f    490    605    606
f    490    606    491
f    492    491    606
f    492    606    607
f    492    607    494
f    492    494    493
f    494    607    608
f    494    608    609
f    494    609    610
f    494    610    495
f    495    610    611
f    495    611    498
f    495    498    497
f    495    497    496
f    498    611    612
f    498    612    613
f    498    613    614
f    498    614    499
f    499    614    615
f    499    615    502
f    499    502    501
f    499    501    500
f    502    615    616
f    502    616    617
f    502    617    618
f    502    618    503
f    503    618    619
f    503    619    620
f    503    620    504
f    504    620    621
f    504    621    622
f    504    622    623
f    504    623    506
f    504    506    505
f    506    623    624
f    506    624    508
f    506    508    507
f    508    624    625
f    508    625    510
f    508    510    509
f    510    625    626
f    510    626    627
f    510    627    628
f    510    628    511
f    511    628    629
f    511    629    514
f    511    514    513
f    511    513    512
f    514    629    630
f    514    630    631
f    514    631    632
f    514    632    515
f    515    632    633
f    515    633    518
f    515    518    517
f    515    517    516
f    633    634    635
f    633    635    636
f    633    636    519
f    633    519    518
f    520    519    636
f    520    636    637
f    520    637    522
f    520    522    521
f    523    522    637
f    523    637    638
f    523    638    639
f    523    639    524
f    524    639    640
f    524    640    526
f    524    526    525
f    526    640    641
f    526    641    642
f    526    642    529
f    526    529    528
f    526    528    527
f    529    642    643
f    529    643    644
f    529    644    531
f    529    531    530
f    531    644    645
f    531    645    646
f    531    646    533
f    531    533    532
f    533    646    647
f    533    647    535
f    533    535    534
f    535    647    648
f    535    648    649
f    535    649    650
f    535    650    537
f    535    537    536
f    537    650    651
f    537    651    539
f    537    539    538
f    540    539    651
f    540    651    652
f    540    652    542
f    540    542    541
f    652    653    654
f    652    654    543
f    652    543    542
f    543    654    655
f    543    655    656
f    543    656    657
f    543    657    545
f    543    545    544
f    656    658    659
f    656    659    657
f    545    657    659
f    545    659    660
f    545    660    661
f    545    661    662
f    545    662    547
f    545    547    546
f    661    663    664
f    661    664    662
f    547    662    664
f    547    664    665
f    547    665    550
f    547    550    549
f    547    549    548
f    550    665    666
f    550    666    667
f    550    667    551
f    551    667    668
f    551    668    554
f    551    554    553
f    551    553    552
f    554    668    669
f    554    669    557
f    554    557    556
f    554    556    555
f    558    557    669
f    558    669    670
f    558    670    559
f    559    670    671
f    559    671    672
f    559    672    561
f    559    561    560
f    561    672    673
f    561    673    674
f    561    674    563
f    561    563    562
f    563    674    675
f    563    675    676
f    563    676    565
f    563    565    564
f    676    677    567
f    676    567    566
f    676    566    565
f    678    679    569
f    678    569    568
f    678    568    567
f    678    567    677
f    569    679    680
f    569    680    681
f    569    681    571
f    569    571    570
f    572    571    681
f    572    681    682
f    572    682    683
f    572    683    573
f    573    683    684
f    573    684    685
f    573    685    575
f    573    575    574
f    575    685    686
f    575    686    687
f    575    687    577
f    575    577    576
f    577    687    688
f    577    688    689
f    577    689    579
f    577    579    578
f    579    689    690
f    579    690    582
f    579    582    581
f    579    581    580
f    582    690    691
f    582    691    692
f    582    692    584
f    582    584    583
f    584    692    693
f    584    693    587
f    584    587    586
f    584    586    585
f    693    694    695
f    693    695    696
f    693    696    588
f    693    588    587
f    588    696    697
f    588    697    698
f    588    698    592
f    588    592    590
f    588    590    589
f    697    699    700
f    697    700    701
f    697    701    698
f    698    701    597
f    698    597    593
f    698    593    592
f    700    702    600
f    700    600    599
f    700    599    598
f    700    598    597
f    700    597    701
f    600    702    703
f    600    703    704
f    600    704    601
f    602    601    704
f    602    704    705
f    602    705    604
f    602    604    603
f    604    705    706
f    604    706    707
f    604    707    708
f    604    708    605
f    606    605    708
f    606    708    709
f    606    709    608
f    606    608    607
f    608    709    710
f    608    710    711
f    608    711    712
f    608    712    609
f    609    712    713
f    609    713    612
f    609    612    611
f    609    611    610
f    612    713    714
f    612    714    715
f    612    715    716
f    612    716    613
f    613    716    717
f    613    717    616
f    613    616    615
f    613    615    614
f    616    717    718
f    616    718    719
f    616    719    720
f    616    720    617
f    617    720    721
f    617    721    722
f    617    722    619
f    617    619    618
f    619    722    723
f    619    723    724
f    619    724    725
f    619    725    621
f    619    621    620
f    621    725    726
f    621    726    622
f    622    726    727
f    622    727    626
f    622    626    625
f    622    625    624
f    622    624    623
f    626    727    728
f    626    728    729
f    626    729    730
f    626    730    627
f    627    730    731
f    627    731    630
f    627    630    629
f    627    629    628
f    630    731    732
f    630    732    733
f    630    733    734
f    630    734    631
f    631    734    735
f    631    735    634
f    631    634    633
f    631    633    632
f    635    634    735
f    635    735    736
f    635    736    737
f    637    636    635
f    637    635    737
f    637    737    738
f    637    738    739
f    637    739    638
f    638    739    740
f    638    740    641
f    638    641    640
f    638    640    639
f    641    740    741
f    641    741    742
f    641    742    643
f    641    643    642
f    643    742    743
f    643    743    744
f    643    744    645
f    643    645    644
f    645    744    745
f    645    745    746
f    645    746    648
f    645    648    647
f    645    647    646
f    648    746    747
f    648    747    748
f    648    748    649
f    651    650    649
f    651    649    748
f    651    748    749
f    651    749    653
f    651    653    652
f    749    750    655
f    749    655    654
f    749    654    653
f    655    750    751
f    655    751    752
f    655    752    658
f    655    658    656
f    659    658    752
f    659    752    753
f    659    753    754
f    659    754    755
f    659    755    660
f    754    756    757
f    754    757    755
f    660    755    757
f    660    757    758
f    660    758    759
f    660    759    663
f    660    663    661
f    758    760    761
f    758    761    762
f    758    762    763
f    758    763    759
f    664    663    759
f    664    759    763
f    664    763    764
f    664    764    666
f    664    666    665
f    764    763    762
f    764    762    765
f    764    765    766
f    764    766    767
f    764    767    768
f    768    767    769
f    768    769    770
f    768    770    771
f    768    771    772
f    772    771    773
f    772    773    774
f    772    774    775
f    671    775    774
f    671    774    776
f    671    776    673
f    671    673    672
f    673    776    777
f    673    777    778
f    673    778    675
f    673    675    674
f    675    778    779
f    675    779    678
f    675    678    677
f    675    677    676
f    779    780    781
f    779    781    680
f    779    680    679
f    779    679    678
f    681    680    781
f    681    781    782
f    681    782    783
f    681    783    682
f    682    783    784
f    682    784    785
f    682    785    684
f    682    684    683
f    684    785    786
f    684    786    787
f    684    787    686
f    684    686    685
f    686    787    788
f    686    788    688
f    686    688    687
f    688    788    789
f    688    789    790
f    688    790    691
f    688    691    690
f    688    690    689
f    691    790    791
f    691    791    792
f    691    792    694
f    691    694    693
f    691    693    692
f    792    793    794
f    792    794    695
f    792    695    694
f    695    794    795
f    695    795    796
f    695    796    699
f    695    699    697
f    695    697    696
f    795    797    798
f    795    798    799
f    795    799    796
f    796    799    703
f    796    703    702
f    796    702    700
f    796    700    699
f    704    703    799
f    704    799    798
f    704    798    800
f    704    800    706
f    704    706    705
f    706    800    801
f    706    801    802
f    706    802    707
f    708    707    802
f    708    802    803
f    708    803    710
f    708    710    709
f    710    803    804
f    710    804    805
f    710    805    806
f    710    806    711
f    711    806    807
f    711    807    714
f    711    714    713
f    711    713    712
f    714    807    808
f    714    808    809
f    714    809    810
f    714    810    715
f    715    810    811
f    715    811    718
f    715    718    717
f    715    717    716
f    718    811    812
f    718    812    813
f    718    813    814
f    718    814    719
f    719    814    815
f    719    815    816
f    719    816    721
f    719    721    720
f    721    816    817
f    721    817    818
f    721    818    819
f    721    819    723
f    721    723    722
f    723    819    820
f    723    820    724
f    724    820    821
f    724    821    728
f    724    728    727
f    724    727    726
f    724    726    725
f    728    821    822
f    728    822    823
f    728    823    824
f    728    824    729
f    729    824    825
f    729    825    732
f    729    732    731
f    729    731    730
f    732    825    826
f    732    826    827
f    732    827    828
f    732    828    733
f    733    828    829
f    733    829    736
f    733    736    735
f    733    735    734
f    737    736    829
f    737    829    830
f    737    830    831
f    737    831    738
f    738    831    832
f    738    832    741
f    738    741    740
f    738    740    739
f    741    832    833
f    741    833    834
f    741    834    743
f    741    743    742
f    743    834    835
f    743    835    836
f    743    836    745
f    743    745    744
f    745    836    837
f    745    837    838
f    745    838    747
f    745    747    746
f    748    747    838
f    748    838    839
f    748    839    751
f    748    751    750
f    748    750    749
f    839    840    841
f    839    841    753
f    839    753    752
f    839    752    751
f    753    841    842
f    753    842    756
f    753    756    754
f    757    756    842
f    757    842    843
f    757    843    844
f    757    844    760
f    757    760    758
f    844    845    846
f    844    846    761
f    844    761    760
f    762    761    846
f    762    846    847
f    762    847    848
f    762    848    765
f    765    848    849
f    765    849    850
f    765    850    766
f    766    850    851
f    766    851    852
f    766    852    853
f    766    853    769
f    766    769    767
f    769    853    854
f    769    854    855
f    769    855    770
f    770    855    856
f    770    856    857
f    770    857    773
f    770    773    771
f    774    773    857
f    774    857    858
f    774    858    777
f    774    777    776
f    777    858    859
f    777    859    780
f    777    780    779
f    777    779    778
f    859    860    861
f    859    861    782
f    859    782    781
f    859    781    780
f    782    861    862
f    782    862    863
f    782    863    784
f    782    784    783
f    784    863    864
f    784    864    865
f    784    865    786
f    784    786    785
f    786    865    866
f    786    866    789
f    786    789    788
f    786    788    787
f    789    866    867
f    789    867    868
f    789    868    791
f    789    791    790
f    791    868    869
f    791    869    870
f    791    870    793
f    791    793    792
f    870    871    872
f    870    872    797
f    870    797    795
f    870    795    794
f    870    794    793
f    873    874    875
f    873    875    872
f    873    872    871
f    872    875    801
f    872    801    800
f    872    800    798
f    872    798    797
f    802    801    875
f    802    875    874
f    802    874    876
f    802    876    804
f    802    804    803
f    804    876    877
f    804    877    878
f    804    878    805
f    805    878    879
f    805    879    880
f    805    880    808
f    805    808    807
f    805    807    806
f    808    880    881
f    808    881    882
f    808    882    809
f    809    882    883
f    809    883    884
f    809    884    812
f    809    812    811
f    809    811    810
f    812    884    885
f    812    885    886
f    812    886    813
f    813    886    887
f    813    887    888
f    813    888    889
f    813    889    815
f    813    815    814
f    815    889    890
f    815    890    891
f    815    891    817
f    815    817    816
f    817    891    892
f    817    892    818
f    818    892    893
f    818    893    822
f    818    822    821
f    818    821    820
f    818    820    819
f    822    893    894
f    822    894    895
f    822    895    896
f    822    896    823
f    823    896    897
f    823    897    826
f    823    826    825
f    823    825    824
f    826    897    898
f    826    898    899
f    826    899    827
f    829    828    827
f    829    827    899
f    829    899    900
f    829    900    901
f    829    901    830
f    830    901    902
f    830    902    903
f    830    903    833
f    830    833    832
f    830    832    831
f    833    903    904
f    833    904    905
f    833    905    906
f    833    906    835
f    833    835    834
f    835    906    907
f    835    907    837
f    835    837    836
f    838    837    907
f    838    907    908
f    838    908    909
f    838    909    840
f    838    840    839
f    909    910    843
f    909    843    842
f    909    842    841
f    909    841    840
f    843    910    911
f    843    911    912
f    843    912    845
f    843    845    844
f    846    845    912
f    846    912    913
f    846    913    914
f    846    914    847
f    847    914    915
f    847    915    849
f    847    849    848
f    849    915    916
f    849    916    917
f    849    917    918
f    849    918    851
f    849    851    850
f    851    918    919
f    851    919    852
f    852    919    920
f    852    920    921
f    852    921    854
f    852    854    853
f    854    921    922
f    854    922    923
f    854    923    856
f    854    856    855
f    857    856    923
f    857    923    924
f    857    924    860
f    857    860    859
f    857    859    858
f    924    925    926
f    924    926    862
f    924    862    861
f    924    861    860
f    862    926    927
f    862    927    864
f    862    864    863
f    864    927    928
f    864    928    929
f    864    929    867
f    864    867    866
f    864    866    865
f    867    929    930
f    867    930    931
f    867    931    869
f    867    869    868
f    869    931    932
f    869    932    933
f    869    933    873
f    869    873    871
f    869    871    870
f    932    934    935
f    932    935    936
f    932    936    933
f    933    936    877
f    933    877    876
f    933    876    874
f    933    874    873
f    877    936    935
f    877    935    937
f    877    937    879
f    877    879    878
f    879    937    938
f    879    938    939
f    879    939    881
f    879    881    880
f    881    939    940
f    881    940    941
f    881    941    883
f    881    883    882
f    883    941    942
f    883    942    943
f    883    943    885
f    883    885    884
f    885    943    944
f    885    944    945
f    885    945    946
f    885    946    887
f    885    887    886
f    887    946    947
f    887    947    948
f    887    948    888
f    888    948    949
f    888    949    890
f    888    890    889
f    890    949    950
f    890    950    894
f    890    894    893
f    890    893    892
f    890    892    891
f    894    950    951
f    894    951    952
f    894    952    953
f    894    953    895
f    895    953    954
f    895    954    898
f    895    898    897
f    895    897    896
f    899    898    954
f    899    954    955
f    899    955    956
f    899    956    900
f    900    956    957
f    900    957    902
f    900    902    901
f    904    958    959
f    904    959    905
f    907    906    905
f    907    905    959
f    907    959    960
f    907    960    908
f    908    960    961
f    908    961    911
f    908    911    910
f    908    910    909
f    961    962    963
f    961    963    913
f    961    913    912
f    961    912    911
f    913    963    964
f    913    964    965
f    913    965    916
f    913    916    915
f    913    915    914
f    916    965    966
f    916    966    967
f    916    967    917
f    917    967    968
f    917    968    920
f    917    920    919
f    917    919    918
f    920    968    969
f    920    969    970
f    920    970    922
f    920    922    921
f    923    922    970
f    923    970    971
f    923    971    925
f    923    925    924
f    971    972    973
f    971    973    928
f    971    928    927
f    971    927    926
f    971    926    925
f    928    973    974
f    928    974    975
f    928    975    976
f    928    976    930
f    928    930    929
f    930    976    977
f    930    977    978
f    930    978    934
f    930    934    932
f    930    932    931
f    977    979    980
f    977    980    981
f    977    981    978
f    978    981    982
f    978    982    938
f    978    938    937
f    978    937    935
f    978    935    934
f    938    982    983
f    938    983    940
f    938    940    939
f    940    983    984
f    940    984    985
f    940    985    942
f    940    942    941
f    942    985    986
f    942    986    987
f    942    987    988
f    942    988    944
f    942    944    943
f    944    988    989
f    944    989    990
f    944    990    945
f    945    990    991
f    945    991    947
f    945    947    946
f    947    991    992
f    947    992    951
f    947    951    950
f    947    950    949
f    947    949    948
f    951    992    993
f    951    993    994
f    951    994    952
f    954    953    952
f    954    952    994
f    954    994    995
f    954    995    996
f    954    996    955
f    955    996    997
f    955    997    998
f    955    998    957
f    955    957    956
f    902    957    998
f    902    998    999
f    902    999   1000
f    902   1000    958
f    902    958    904
f    902    904    903
f    959    958   1000
f    959   1000   1001
f    959   1001    962
f    959    962    961
f    959    961    960
f   1001   1002   1003
f   1001   1003    964
f   1001    964    963
f   1001    963    962
f    964   1003   1004
f    964   1004    966
f    964    966    965
f    966   1004   1005
f    966   1005    969
f    966    969    968
f    966    968    967
f    970    969   1005
f    970   1005    972
f    970    972    971
f    975   1006   1007
f    975   1007   1008
f    975   1008    979
f    975    979    977
f    975    977    976
f   1008   1009   1010
f   1008   1010   1011
f   1008   1011    980
f   1008    980    979
f    980   1011    984
f    980    984    983
f    980    983    982
f    980    982    981
f    984   1011   1010
f    984   1010   1012
f    984   1012    986
f    984    986    985
f    986   1012   1013
f    986   1013    987
f    987   1013   1014
f    987   1014   1015
f    987   1015   1016
f    987   1016    989
f    987    989    988
f    989   1016    993
f    989    993    992
f    989    992    991
f    989    991    990
f    994    993   1016
f    994   1016   1015
f    994   1015   1017
f    994   1017    995
f    995   1017   1018
f    995   1018   1019
f    995   1019    997
f    995    997    996
f    999   1020   1002
f    999   1002   1001
f    999   1001   1000
f    998    997   1019
f    998   1019   1006
f    998   1006    975
f    998    975    974
f    998    974   1020
f    998   1020    999
f   1005   1004   1003
f   1005   1003   1002
f   1005   1002   1020
f   1005   1020    974
f   1005    974    973
f   1005    973    972
f   1007   1021   1022
f   1007   1022   1009
f   1007   1009   1008
f   1022   1014   1013
f   1022   1013   1012
f   1022   1012   1010
f   1022   1010   1009
f   1015   1014   1022
f   1015   1022   1021
f   1015   1021   1018
f   1015   1018   1017
f   1019   1018   1021
f   1019   1021   1007
f   1019   1007   1006
f    669    668    667
f    669    667    666
f    669    666    764
f    669    764    768
f    669    768    772
f    669    772    775
f    669    775    671
f    669    671    670
