v    -0.141577     0.186039     0.556413
v    -0.153010     0.173530     0.558772
v    -0.154258     0.168553     0.559385
v    -0.154258     0.164702     0.559764
v    -0.120239     0.164702     0.556413
v    -0.168828     0.153983     0.559385
v    -0.164977     0.153983     0.559764
v    -0.175465     0.152318     0.558567
v    -0.185402     0.143237     0.556694
v    -0.164977     0.122811     0.556694
v    -0.105103     0.160907     0.554549
v    -0.162668     0.113605     0.555560
v    -0.157767     0.108243     0.554549
v     0.046579     0.279606     0.496158
v     0.038968     0.282691     0.498079
v    -0.047164     0.247898     0.528579
v    -0.068538     0.226523     0.537748
v    -0.086848     0.160907     0.551547
v     0.025451     0.107121     0.524240
v     0.118025     0.107121     0.496158
v    -0.130463     0.209244     0.550771
v    -0.107689     0.272968     0.528579
v    -0.130463     0.219325     0.547713
v    -0.138352     0.216057     0.547713
v    -0.155325     0.174176     0.558285
v    -0.175840     0.153661     0.558285
v    -0.216004     0.137384     0.548146
v    -0.220553     0.126401     0.548146
v    -0.259556     0.086570     0.535185
v    -0.256211     0.098556     0.537705
v    -0.281104     0.087988     0.528826
v    -0.325693     0.049652     0.510483
v    -0.317135     0.028990     0.510483
v    -0.330006    -0.002872     0.499201
v    -0.136953    -0.082838     0.499201
v    -0.136953     0.064786     0.543982
v     0.051975     0.012067     0.504251
v    -0.083650    -0.208391     0.454417
v     0.168138    -0.104097     0.454417
v     0.289268     0.034420     0.435077
v     0.222754    -0.126159     0.435077
v     0.586386     0.270736     0.251743
v     0.557086     0.288038     0.264926
v     0.469266     0.283644     0.312496
v     0.380935     0.034420     0.395404
v     0.459955     0.009498     0.356736
v     0.648472     0.009498     0.255972
v     0.645676     0.049464     0.251743
v     0.432274     0.292773     0.326869
v     0.256785     0.468262     0.326869
v     0.148400     0.492793     0.362460
v     0.057242     0.424714     0.430044
v     0.042533     0.387139     0.452235
v    -0.096703     0.337790     0.498555
v    -0.107689     0.302956     0.515600
v    -0.062039     0.456675     0.430044
v    -0.062474     0.456208     0.430356
v    -0.096703     0.397039     0.466885
v    -0.143053     0.384620     0.466885
v    -0.139531     0.314242     0.505007
v    -0.141440     0.306507     0.508013
v    -0.305433     0.142513     0.508013
v    -0.299623     0.140239     0.511444
v    -0.323196     0.143402     0.498391
v    -0.340244     0.133335     0.490721
v    -0.366080     0.036914     0.490721
v    -0.390590     0.017451     0.476624
v    -0.483165    -0.036102     0.419471
v    -0.494274    -0.046475     0.412048
v    -0.483262    -0.087574     0.412048
v    -0.418881    -0.062372     0.450069
v    -0.388468    -0.061334     0.463418
v    -0.540352    -0.164019     0.355371
v    -0.534486    -0.189940     0.346860
v    -0.397533    -0.326892     0.346860
v    -0.390367    -0.355929     0.335577
v    -0.083650    -0.247221     0.437611
v    -0.391462    -0.377807     0.323726
v    -0.352265    -0.444184     0.293861
v    -0.083244    -0.516268     0.293861
v    -0.057711    -0.518055     0.296563
v    -0.057711    -0.329464     0.397367
v     0.343625    -0.471709     0.263855
v    -0.008222    -0.571054     0.261146
v     0.007692    -0.578877     0.254685
v     0.117394    -0.571202     0.243076
v     0.353831    -0.507849     0.243076
v     0.356201    -0.503834     0.244882
v     0.335685    -0.239090     0.365956
v     0.550662    -0.246428     0.271598
v     0.386579    -0.496959     0.234907
v     0.604136    -0.279402     0.234907
v     0.606640    -0.268341     0.238539
v     0.666441    -0.007281     0.243964
v     0.612295    -0.265002     0.235995
v     0.661171    -0.082592     0.235995
v     0.682359    -0.007281     0.230901
v     0.675425     0.085445     0.221454
v     0.669473     0.115367     0.221454
v     0.638937     0.245388     0.218311
v     0.629911     0.263050     0.221447
v     0.624298     0.269153     0.224353
v     0.665263     0.174814     0.212892
v     0.616957     0.301452     0.213770
v     0.616293     0.303310     0.213341
v     0.564910     0.380210     0.213341
v     0.562888     0.388562     0.210076
v     0.495490     0.455960     0.210076
v     0.395904     0.480071     0.249011
v     0.311597     0.536403     0.249011
v     0.189416     0.564172     0.289045
v     0.146696     0.533587     0.332989
v     0.116693     0.535711     0.337310
v    -0.058039     0.472617     0.417614
v     0.040181     0.550930     0.337310
v    -0.022605     0.555625     0.343706
v    -0.058039     0.523896     0.375531
v    -0.068313     0.523127     0.374484
v    -0.150672     0.506745     0.374484
v    -0.145927     0.486343     0.392002
v    -0.149757     0.394613     0.458271
v    -0.174653     0.523915     0.349816
v    -0.217108     0.514266     0.335905
v    -0.356077     0.421409     0.335905
v    -0.345933     0.411265     0.348481
v    -0.398741     0.434585     0.297656
v    -0.590929     0.146955     0.297656
v    -0.581929     0.134384     0.310587
v    -0.541317     0.124940     0.345458
v    -0.616198    -0.037902     0.310587
v    -0.617106    -0.050041     0.311824
v    -0.610441    -0.057484     0.318509
v    -0.538154    -0.057484     0.377833
v    -0.609863    -0.065216     0.317721
v    -0.590083    -0.164655     0.317721
v    -0.588986    -0.165527     0.318479
v    -0.576085    -0.162527     0.329557
v    -0.578678    -0.210880     0.303619
v    -0.541044    -0.267204     0.303619
v    -0.531959    -0.304727     0.288948
v    -0.513318    -0.333041     0.283959
v    -0.462520    -0.383838     0.283959
v    -0.458320    -0.393331     0.278990
v    -0.364856    -0.455781     0.278990
v    -0.351656    -0.458782     0.283315
v    -0.311111    -0.496071     0.264009
v    -0.213503    -0.545951     0.246674
v    -0.173325    -0.548796     0.252461
v    -0.093476    -0.564679     0.252461
v     0.016161    -0.586461     0.247079
v     0.112171    -0.623902     0.200679
v     0.205329    -0.616936     0.191188
v     0.230296    -0.611970     0.191188
v     0.343548    -0.603950     0.174877
v     0.350069    -0.597953     0.177982
v     0.399076    -0.586814     0.161924
v     0.516988    -0.508028     0.161924
v     0.537962    -0.502950     0.153724
v     0.602601    -0.438311     0.153724
v     0.613725    -0.392367     0.171686
v     0.657210    -0.327287     0.171686
v     0.671932    -0.262512     0.192910
v     0.677241    -0.256740     0.190162
v     0.684916    -0.148350     0.205773
v     0.688289    -0.019183     0.224091
v     0.684641    -0.009830     0.228612
v     0.687507    -0.135327     0.205773
v     0.694159    -0.046367     0.214836
v     0.675441     0.085495     0.221425
v     0.678354     0.067103     0.221425
v     0.668437     0.167386     0.210985
v     0.623008     0.289576     0.213770
v     0.624004     0.286682     0.214326
v     0.588868     0.361648     0.202738
v     0.564833     0.388435     0.208370
v     0.609872     0.327301     0.204524
v     0.555973     0.408322     0.198015
v     0.501307     0.462989     0.198015
v     0.494843     0.465868     0.201381
v     0.434653     0.519877     0.188726
v     0.357613     0.540494     0.217043
v     0.311588     0.563945     0.217043
v     0.228764     0.584647     0.242002
v     0.216501     0.583447     0.250647
v     0.188961     0.568747     0.284004
v     0.114462     0.575119     0.293501
v     0.095568     0.578111     0.293501
v     0.030422     0.583435     0.299587
v     0.008294     0.577424     0.311181
v    -0.022605     0.556618     0.342497
v    -0.074456     0.552380     0.337654
v    -0.130761     0.543463     0.337654
v    -0.173070     0.539844     0.332260
v    -0.201300     0.554913     0.298068
v    -0.289681     0.532822     0.271435
v    -0.309909     0.522516     0.271435
v    -0.397467     0.499083     0.239252
v    -0.401498     0.437342     0.293435
v    -0.424558     0.506768     0.206600
v    -0.426376     0.506571     0.205080
v    -0.482905     0.481389     0.175648
v    -0.535715     0.428579     0.175648
v    -0.558160     0.417961     0.161561
v    -0.594680     0.377261     0.153004
v    -0.595035     0.376681     0.153034
v    -0.608979     0.324578     0.172185
v    -0.593300     0.148213     0.294709
v    -0.648686     0.246649     0.172185
v    -0.671182     0.156643     0.199309
v    -0.662987     0.141290     0.217904
v    -0.665392     0.113168     0.221489
v    -0.671276     0.076022     0.221489
v    -0.675594     0.023185     0.226425
v    -0.665335    -0.014586     0.246215
v    -0.662773    -0.022537     0.250871
v    -0.645491    -0.048200     0.276881
v    -0.643862    -0.050041     0.279222
v    -0.633324    -0.116577     0.279222
v    -0.629377    -0.125141     0.282379
v    -0.624540    -0.136461     0.285285
v    -0.604319    -0.163241     0.302032
v    -0.598206    -0.187696     0.294662
v    -0.579824    -0.223773     0.294662
v    -0.572621    -0.250690     0.284768
v    -0.555874    -0.278075     0.283345
v    -0.504629    -0.352545     0.273804
v    -0.457934    -0.399240     0.273804
v    -0.456619    -0.402019     0.272060
v    -0.396609    -0.455866     0.259443
v    -0.388929    -0.457922     0.262266
v    -0.316893    -0.494626     0.262266
v    -0.191678    -0.562431     0.233026
v    -0.108436    -0.569551     0.243638
v    -0.020680    -0.583450     0.243638
v     0.124756    -0.632376     0.187924
v     0.127477    -0.633253     0.186330
v     0.149739    -0.639300     0.174666
v     0.225856    -0.633079     0.167556
v     0.245399    -0.629984     0.167556
v     0.341780    -0.621740     0.155269
v     0.369042    -0.636292     0.122251
v     0.393667    -0.630137     0.114830
v     0.466865    -0.592841     0.114830
v     0.505210    -0.582579     0.100736
v     0.528605    -0.561587     0.105654
v     0.535019    -0.548029     0.114163
v     0.613820    -0.469227     0.114163
v     0.628341    -0.436630     0.131135
v     0.639886    -0.423764     0.128430
v     0.659329    -0.351114     0.155133
v     0.685965    -0.264242     0.175596
v     0.681723    -0.256294     0.185222
v     0.670560    -0.329071     0.155133
v     0.686190    -0.266540     0.173976
v     0.691120    -0.146423     0.199229
v     0.691158    -0.146180     0.199229
v     0.698123    -0.060960     0.207190
v     0.678955     0.069460     0.219720
v     0.683616     0.034054     0.219720
v     0.669749     0.165056     0.209335
v     0.634846     0.260507     0.214326
v     0.613173     0.322859     0.202947
v     0.581760     0.376588     0.195692
v     0.555713     0.410534     0.195692
v     0.516425     0.461207     0.182132
v     0.543476     0.434157     0.182132
v     0.507275     0.473813     0.173098
v     0.432232     0.531395     0.173098
v     0.432061     0.531611     0.172902
v     0.409221     0.548586     0.164792
v     0.351152     0.565746     0.183676
v     0.326166     0.576095     0.183676
v     0.276258     0.589598     0.196830
v     0.249234     0.590520     0.215673
v     0.143935     0.590435     0.258531
v     0.131970     0.592011     0.258531
v     0.063985     0.597977     0.264113
v    -0.051384     0.572187     0.306281
v    -0.117847     0.563437     0.306281
v    -0.201213     0.555409     0.297224
v    -0.316910     0.540151     0.237299
v    -0.330157     0.534664     0.237299
v    -0.229994     0.563666     0.260206
v    -0.486983     0.491853     0.153659
v    -0.503834     0.478922     0.153659
v    -0.451109     0.508920     0.170578
v    -0.531999     0.464332     0.137492
v    -0.552997     0.443335     0.137492
v    -0.555810     0.437903     0.140610
v    -0.582177     0.403541     0.140610
v    -0.606316     0.361502     0.147645
v    -0.628894     0.319568     0.145805
v    -0.648920     0.251798     0.167843
v    -0.655983     0.234746     0.167843
v    -0.674899     0.164829     0.186270
v    -0.674985     0.162300     0.188034
v    -0.673258     0.156279     0.195778
v    -0.678323     0.103679     0.201492
v    -0.678488     0.102430     0.201492
v    -0.682120     0.061043     0.204890
v    -0.677887     0.032916     0.219737
v    -0.676548     0.025388     0.224097
v    -0.655827    -0.075291     0.250871
v    -0.654558    -0.079044     0.252321
v    -0.653698    -0.080406     0.253595
v    -0.621250    -0.148624     0.282079
v    -0.598885    -0.202617     0.282079
v    -0.592639    -0.223755     0.275205
v    -0.544192    -0.302630     0.271763
v    -0.504400    -0.354487     0.271763
v    -0.491507    -0.379377     0.257476
v    -0.470501    -0.400383     0.257476
v    -0.459834    -0.415078     0.246945
v    -0.394673    -0.465078     0.246945
v    -0.381202    -0.482154     0.231429
v    -0.361886    -0.496510     0.224570
v    -0.361406    -0.496651     0.224726
v    -0.190822    -0.567310     0.224726
v    -0.186116    -0.571388     0.218894
v    -0.136464    -0.599355     0.183716
v    -0.097737    -0.603085     0.187924
v     0.216245    -0.668116     0.104374
v     0.255897    -0.664636     0.101118
v     0.317745    -0.656494     0.101118
v     0.366319    -0.651816     0.095841
v     0.401106    -0.661797     0.051097
v     0.417574    -0.657342     0.046757
v     0.474384    -0.633810     0.046757
v     0.489943    -0.629212     0.041698
v     0.496419    -0.624399     0.043997
v     0.498097    -0.623601     0.043206
v     0.570377    -0.568139     0.043206
v     0.579485    -0.555591     0.052198
v     0.591122    -0.543954     0.052198
v     0.609105    -0.509239     0.072125
v     0.644208    -0.463491     0.072125
v     0.657350    -0.435870     0.085152
v     0.655880    -0.420402     0.106730
v     0.672203    -0.365165     0.124693
v     0.684221    -0.336151     0.124693
v     0.694869    -0.296792     0.135066
v     0.695640    -0.163769     0.186512
v     0.697000    -0.153440     0.186512
v     0.703939    -0.074383     0.193003
v     0.689552     0.074143     0.185262
v     0.706007    -0.074383     0.186185
v     0.704784    -0.061046     0.185262
v     0.683093     0.137079     0.179648
v     0.673184     0.163933     0.199235
v     0.667612     0.183587     0.194899
v     0.633941     0.279813     0.194899
v     0.621544     0.319213     0.184153
v     0.611587     0.341822     0.171020
v     0.577381     0.396259     0.171020
v     0.620892     0.323176     0.178472
v     0.559689     0.428191     0.155340
v     0.556538     0.436373     0.142189
v     0.546270     0.449874     0.133736
v     0.498510     0.497634     0.133736
v     0.484207     0.514383     0.120442
v     0.478645     0.519032     0.119564
v     0.471978     0.522726     0.122838
v     0.427342     0.550772     0.122838
v     0.410630     0.559112     0.129518
v     0.404174     0.560175     0.138774
v     0.358377     0.574585     0.151265
v     0.349871     0.577561     0.151265
v     0.304505     0.590422     0.161272
v     0.174025     0.598238     0.222383
v     0.156387     0.600225     0.222383
v     0.091809     0.606145     0.226853
v     0.063985     0.600580     0.255533
v    -0.012646     0.593555     0.250228
v    -0.116595     0.581843     0.250228
v    -0.227780     0.570433     0.240310
v    -0.317390     0.557352     0.179624
v    -0.374227     0.537464     0.179624
v    -0.267193     0.571582     0.190698
v    -0.448913     0.513964     0.159255
v    -0.472296     0.510116     0.125731
v    -0.509250     0.486896     0.125731
v    -0.523476     0.479014     0.118745
v    -0.528960     0.472593     0.123842
v    -0.551521     0.450031     0.123842
v    -0.558020     0.441486     0.129192
v    -0.567922     0.429639     0.127323
v    -0.582040     0.404159     0.139835
v    -0.596565     0.381043     0.139835
v    -0.630581     0.316624     0.144523
v    -0.655920     0.236094     0.166487
v    -0.658845     0.227736     0.166487
v    -0.675065     0.170518     0.179109
v    -0.680048     0.112968     0.192434
v    -0.680704     0.107140     0.192434
v    -0.684047     0.070678     0.194959
v    -0.669321    -0.038757     0.224097
v    -0.669027    -0.039522     0.224781
v    -0.653710    -0.082037     0.251661
v    -0.619832    -0.178854     0.251661
v    -0.612197    -0.203120     0.245042
v    -0.602942    -0.219268     0.252072
v    -0.588299    -0.248609     0.240345
v    -0.538615    -0.327680     0.240345
v    -0.514701    -0.370843     0.219151
v    -0.510674    -0.381297     0.202349
v    -0.493269    -0.404183     0.188019
v    -0.446713    -0.450739     0.188019
v    -0.428965    -0.471522     0.171523
v    -0.414991    -0.492346     0.134294
v    -0.402052    -0.504017     0.123349
v    -0.342249    -0.541593     0.123349
v    -0.315401    -0.562531     0.096456
v    -0.310092    -0.565574     0.094145
v    -0.290699    -0.577435     0.077291
v    -0.135723    -0.631664     0.077291
v    -0.124888    -0.634735     0.079681
v    -0.071568    -0.654412     0.040788
v    -0.038405    -0.657815     0.043746
v     0.131181    -0.676923     0.043746
v     0.216245    -0.684721     0.049635
v     0.240280    -0.689528     0.024860
v     0.300187    -0.684037     0.020713
v     0.349441    -0.678487     0.020713
v     0.397251    -0.673581     0.016448
v     0.400136    -0.673665     0.012816
v     0.426552    -0.666176     0.006989
v     0.457096    -0.655488     0.006989
v     0.473162    -0.650433     0.002607
v     0.483208    -0.644675     0.006981
v     0.493708    -0.639435     0.002784
v     0.530325    -0.616427     0.002784
v     0.534378    -0.614182     0.000794
v     0.559547    -0.593144     0.004765
v     0.562409    -0.589793     0.007425
v     0.606642    -0.545561     0.007425
v     0.614368    -0.535401     0.013787
v     0.624409    -0.523388     0.011892
v     0.635218    -0.503878     0.021471
v     0.673255    -0.428943     0.049442
v     0.664069    -0.457962     0.021471
v     0.670649    -0.444777     0.026741
v     0.681028    -0.404238     0.056180
v     0.698528    -0.354228     0.056180
v     0.702976    -0.338534     0.059642
v     0.701694    -0.294559     0.114997
v     0.708326    -0.229933     0.120763
v     0.714278    -0.177106     0.120763
v     0.718136    -0.135025     0.123676
v     0.704784     0.053692     0.070524
v     0.723766    -0.135025     0.066518
v     0.711054    -0.005961     0.066518
v     0.698923     0.105714     0.070524
v     0.694391     0.126441     0.090020
v     0.659156     0.242594     0.090020
v     0.651116     0.267526     0.095313
v     0.638037     0.304905     0.095313
v     0.630434     0.321455     0.081302
v     0.587587     0.401617     0.081302
v     0.584081     0.407776     0.078894
v     0.577516     0.418224     0.078894
v     0.564866     0.435183     0.065709
v     0.525452     0.483208     0.065709
v     0.524333     0.484477     0.064897
v     0.512025     0.496785     0.064897
v     0.511151     0.497556     0.065456
v     0.481740     0.521692     0.065456
v     0.470071     0.530398     0.074529
v     0.467066     0.532416     0.079180
v     0.452695     0.540597     0.084799
v     0.441588     0.546533     0.084799
v     0.407852     0.562031     0.113361
v     0.407251     0.562283     0.114139
v     0.375478     0.572529     0.120885
v     0.304084     0.590869     0.157719
v     0.343244     0.582307     0.120885
v     0.262397     0.595566     0.157719
v     0.218074     0.600225     0.160696
v     0.091809     0.612661     0.160696
v    -0.145451     0.593555     0.117423
v     0.048536     0.612661     0.117423
v    -0.257602     0.581767     0.109891
v    -0.335940     0.564937     0.032885
v    -0.441075     0.533045     0.032885
v    -0.280353     0.577092     0.085170
v    -0.453751     0.528958     0.030194
v    -0.472942     0.510948     0.117543
v    -0.490251     0.509701     0.027340
v    -0.508311     0.497567     0.055297
v    -0.508064     0.496852     0.064845
v    -0.455957     0.528031     0.027340
v    -0.523486     0.479025     0.118631
v    -0.516586     0.490776     0.055297
v    -0.536404     0.470957     0.092269
v    -0.543417     0.463009     0.097358
v    -0.566259     0.434785     0.100685
v    -0.572208     0.425931     0.114392
v    -0.563066     0.439066     0.097358
v    -0.593709     0.388157     0.129160
v    -0.626476     0.326854     0.129160
v    -0.631746     0.315382     0.138872
v    -0.633229     0.311144     0.138872
v    -0.656846     0.237905     0.154422
v    -0.674173     0.180785     0.154422
v    -0.676576     0.169096     0.167123
v    -0.680704     0.129813     0.169762
v    -0.685917     0.076886     0.169762
v    -0.685917     0.070678     0.175970
v    -0.677887    -0.010851     0.175970
v    -0.675573    -0.032869     0.174491
v    -0.674121    -0.039933     0.166815
v    -0.639656    -0.153551     0.166815
v    -0.629679    -0.184490     0.160247
v    -0.623772    -0.198563     0.142050
v    -0.615270    -0.217069     0.126382
v    -0.557813    -0.324563     0.126382
v    -0.539925    -0.355991     0.114095
v    -0.533662    -0.365312     0.099667
v    -0.512817    -0.393256     0.077941
v    -0.459583    -0.458122     0.077941
v    -0.447058    -0.472319     0.068853
v    -0.439550    -0.479827     0.054846
v    -0.422241    -0.495098     0.043765
v    -0.379232    -0.530394     0.043765
v    -0.366209    -0.540109     0.033640
v    -0.357267    -0.545728     0.033640
v    -0.337367    -0.557055     0.025860
v    -0.279399    -0.588039     0.025860
v    -0.269566    -0.592556     0.017535
v    -0.186090    -0.621766     0.017535
v    -0.158104    -0.630790     0.011593
v    -0.068102    -0.658092     0.011593
v    -0.064208    -0.658943     0.007930
v     0.095364    -0.676923     0.007930
v     0.124090    -0.679942     0.006001
v     0.240280    -0.691386     0.006001
v     0.246279    -0.691386     0.000001
v     0.320898    -0.684037     0.000001
v     0.322760    -0.683841    -0.000124
v     0.398600    -0.675296    -0.000124
v     0.403290    -0.674270    -0.004535
v     0.436265    -0.664267    -0.004535
v     0.444643    -0.661566    -0.006313
v     0.471202    -0.652272    -0.006313
v     0.476158    -0.649996    -0.010509
v     0.502568    -0.635879    -0.010509
v     0.512160    -0.630419    -0.014259
v     0.530062    -0.619171    -0.014259
v     0.536195    -0.614596    -0.019028
v     0.571206    -0.585863    -0.019028
v     0.580208    -0.577921    -0.024791
v     0.596783    -0.561347    -0.024791
v     0.600886    -0.556696    -0.027768
v     0.637554    -0.512016    -0.027768
v     0.643050    -0.504648    -0.033496
v     0.648256    -0.496362    -0.033496
v     0.649615    -0.493975    -0.032563
v     0.681509    -0.433205    -0.025931
v     0.678206    -0.440485    -0.032563
v     0.681068    -0.434254    -0.027288
v     0.685345    -0.421309    -0.023405
v     0.702477    -0.364833    -0.023405
v     0.709588    -0.332309     0.007187
v     0.711163    -0.318327     0.007187
v     0.714278    -0.288691     0.009178
v     0.723766    -0.192365     0.009178
v     0.721309    -0.192365    -0.015763
v     0.711054    -0.080498    -0.008019
v     0.691600     0.105152     0.004968
v     0.691811     0.112410     0.014105
v     0.706540    -0.040433    -0.008019
v     0.668759     0.193727     0.032044
v     0.652224     0.240983     0.032044
v     0.625122     0.327116     0.055536
v     0.608664     0.355831     0.043034
v     0.597121     0.377271     0.042093
v     0.593054     0.385419     0.045349
v     0.562213     0.434503     0.045349
v     0.559047     0.440216     0.048155
v     0.534957     0.469037     0.043608
v     0.529463     0.476263     0.048132
v     0.503820     0.501905     0.048132
v     0.503813     0.501913     0.048139
v     0.488508     0.514706     0.050553
v     0.485215     0.517676     0.053339
v     0.459783     0.534527     0.059092
v     0.465526     0.530048     0.053339
v     0.452904     0.538469     0.062086
v     0.445086     0.543251     0.068882
v     0.370361     0.569399     0.068882
v     0.349950     0.575185     0.064379
v     0.200921     0.583613    -0.009846
v     0.094832     0.595566    -0.009846
v     0.346537     0.575085     0.060082
v     0.220429     0.581611    -0.008106
v     0.048536     0.599810    -0.013051
v    -0.065049     0.577092    -0.130135
v    -0.356542     0.535166    -0.210741
v    -0.359628     0.539781    -0.166695
v    -0.133253     0.560325    -0.210741
v    -0.456405     0.520762    -0.051879
v    -0.370921     0.527601    -0.230340
v    -0.418142     0.511077    -0.230340
v    -0.441429     0.507245    -0.196955
v    -0.455156     0.506999    -0.161711
v    -0.461865     0.515639    -0.076728
v    -0.488600     0.504908    -0.036613
v    -0.482634     0.496414    -0.117546
v    -0.489487     0.503883    -0.039706
v    -0.514237     0.488427     0.010802
v    -0.490031     0.489018    -0.117546
v    -0.519714     0.469098    -0.064479
v    -0.523906     0.472944    -0.020794
v    -0.580213     0.372814    -0.064479
v    -0.594867     0.356700    -0.034543
v    -0.596951     0.358318    -0.014048
v    -0.650908     0.196543    -0.034543
v    -0.652122     0.194237    -0.031399
v    -0.655730     0.196649     0.003036
v    -0.671387     0.181906     0.127257
v    -0.665386     0.076516    -0.031399
v    -0.670808     0.076516     0.016728
v    -0.671387     0.076886     0.022238
v    -0.670808    -0.041266     0.134510
v    -0.664527     0.073025    -0.035525
v    -0.649654    -0.058982    -0.035525
v    -0.651022    -0.059897    -0.022464
v    -0.646122    -0.065694    -0.044675
v    -0.580003    -0.254652    -0.044675
v    -0.578801    -0.256617    -0.046383
v    -0.571076    -0.272095    -0.040197
v    -0.478801    -0.422684    -0.024689
v    -0.496299    -0.391103    -0.040197
v    -0.461090    -0.445337    -0.015539
v    -0.473433    -0.429106    -0.025702
v    -0.399019    -0.509600    -0.003624
v    -0.411839    -0.494588    -0.015539
v    -0.377120    -0.527904    -0.000169
v    -0.375513    -0.529354     0.001191
v    -0.320925    -0.563654     0.001191
v    -0.311910    -0.568153    -0.002412
v    -0.269934    -0.592211     0.015863
v    -0.146342    -0.633102    -0.002361
v    -0.203117    -0.613235    -0.002361
v    -0.064738    -0.658380     0.003459
v    -0.089812    -0.649127    -0.014831
v     0.138595    -0.679942    -0.008504
v     0.069364    -0.672142    -0.008504
v     0.246279    -0.689814    -0.015959
v     0.306392    -0.683841    -0.016492
v     0.250546    -0.688960    -0.020358
v     0.404466    -0.673020    -0.014450
v     0.381586    -0.675368    -0.016492
v     0.426996    -0.665034    -0.027250
v     0.423171    -0.666118    -0.028094
v     0.479836    -0.646544    -0.027250
v     0.494822    -0.637378    -0.040274
v     0.495966    -0.636338    -0.042400
v     0.502132    -0.631529    -0.048576
v     0.544668    -0.604802    -0.048576
v     0.561554    -0.589571    -0.062859
v     0.615827    -0.532772    -0.076591
v     0.565140    -0.584228    -0.072412
v     0.569636    -0.578963    -0.076591
v     0.625992    -0.519405    -0.084961
v     0.627592    -0.515253    -0.091634
v     0.663808    -0.457615    -0.091634
v     0.664299    -0.456632    -0.092026
v     0.666629    -0.452822    -0.088716
v     0.689746    -0.390096    -0.079678
v     0.685736    -0.398218    -0.088716
v     0.697254    -0.369751    -0.064837
v     0.697610    -0.366283    -0.065146
v     0.711163    -0.245993    -0.065146
v     0.711655    -0.240632    -0.065518
v     0.709839    -0.240632    -0.071503
v     0.697579    -0.100948    -0.060035
v     0.692412    -0.061698    -0.060035
v     0.678139     0.086520    -0.043932
v     0.684181     0.107579    -0.016846
v     0.653091     0.222494     0.013440
v     0.635556     0.264828     0.013440
v     0.571012     0.412401     0.029619
v     0.563722     0.427723     0.036846
v     0.540573     0.457892     0.036846
v     0.534762     0.469109     0.043285
v     0.504899     0.498972     0.043285
v     0.495626     0.503776     0.037962
v     0.478470     0.516940     0.037962
v     0.469344     0.521282     0.033658
v     0.447876     0.519243     0.003713
v     0.408963     0.535361     0.003713
v     0.405888     0.540674     0.014777
v    -0.032656     0.520985    -0.296788
v    -0.132906     0.534183    -0.296788
v     0.089214     0.524198    -0.237612
v     0.012191     0.516667    -0.291916
v    -0.133253     0.534214    -0.296817
v    -0.210558     0.500718    -0.378523
v    -0.371017     0.524477    -0.240600
v    -0.264898     0.473304    -0.440780
v    -0.360692     0.460692    -0.440780
v    -0.370582     0.463530    -0.428060
v    -0.382453     0.489522    -0.343388
v    -0.255732     0.476258    -0.435412
v    -0.407986     0.488324    -0.317696
v    -0.412184     0.490818    -0.304539
v    -0.379366     0.459892    -0.428060
v    -0.388960     0.460803    -0.414677
v    -0.427373     0.487436    -0.285488
v    -0.398251     0.453674    -0.414677
v    -0.428621     0.484044    -0.291094
v    -0.464444     0.470863    -0.231901
v    -0.453841     0.375603    -0.424615
v    -0.481407     0.394660    -0.327476
v    -0.399219     0.446787    -0.424615
v    -0.551172     0.364273    -0.170842
v    -0.452486     0.361338    -0.444513
v    -0.508904     0.225133    -0.444513
v    -0.510777     0.222972    -0.441835
v    -0.531036     0.203165    -0.408810
v    -0.558146     0.215546    -0.320498
v    -0.612660     0.197710    -0.160198
v    -0.573433     0.075803    -0.330055
v    -0.594609     0.075803    -0.264983
v    -0.539571     0.138340    -0.408810
v    -0.604247     0.073025    -0.234242
v    -0.624883    -0.066342    -0.114449
v    -0.586553    -0.078883    -0.227160
v    -0.563600     0.001117    -0.330055
v    -0.586310    -0.079780    -0.226923
v    -0.578029    -0.256390    -0.049211
v    -0.535476    -0.274925    -0.144748
v    -0.546536    -0.175805    -0.226923
v    -0.531042    -0.228237    -0.209872
v    -0.510452    -0.327522    -0.119941
v    -0.444733    -0.439667    -0.073127
v    -0.478650    -0.368968    -0.119941
v    -0.445740    -0.432498    -0.083473
v    -0.419007    -0.475107    -0.047730
v    -0.349987    -0.533944    -0.034200
v    -0.361733    -0.519055    -0.047730
v    -0.315716    -0.559414    -0.022032
v    -0.291988    -0.566426    -0.029748
v    -0.175900    -0.614511    -0.029748
v    -0.093439    -0.638042    -0.047425
v    -0.097611    -0.635692    -0.050381
v     0.126934    -0.663617    -0.057988
v     0.003793    -0.647406    -0.057988
v     0.250546    -0.674466    -0.068138
v     0.285620    -0.661159    -0.098979
v     0.280151    -0.661639    -0.099428
v     0.431058    -0.642012    -0.098979
v     0.435557    -0.639171    -0.103186
v     0.437459    -0.637225    -0.106358
v     0.455225    -0.621829    -0.128374
v     0.517613    -0.595987    -0.128374
v     0.519255    -0.594442    -0.129961
v     0.525990    -0.579953    -0.151424
v     0.529312    -0.575741    -0.155251
v     0.587151    -0.531360    -0.155251
v     0.589260    -0.528455    -0.157333
v     0.626754    -0.514659    -0.095377
v     0.589609    -0.525970    -0.160919
v     0.590461    -0.524325    -0.161863
v     0.629720    -0.473161    -0.161863
v     0.632544    -0.470933    -0.159297
v     0.636942    -0.468889    -0.152782
v     0.638565    -0.467165    -0.151116
v     0.663373    -0.456359    -0.095417
v     0.655614    -0.426004    -0.151116
v     0.665322    -0.414802    -0.137234
v     0.670624    -0.405389    -0.130566
v     0.672396    -0.402582    -0.127940
v     0.686858    -0.293670    -0.127561
v     0.686695    -0.293972    -0.127940
v     0.674177    -0.293972    -0.151359
v     0.664233    -0.172286    -0.139992
v     0.643448    -0.041053    -0.139992
v     0.637446     0.029119    -0.131047
v     0.668947     0.088132    -0.059570
v     0.633896     0.228366    -0.017310
v     0.570945     0.351916    -0.017310
v     0.553789     0.416021     0.006252
v     0.547272     0.423284     0.004725
v     0.543708     0.431283     0.008890
v     0.467954     0.507037     0.008890
v     0.448214     0.515831    -0.001388
v     0.447617     0.518668     0.002461
v     0.291129     0.502198    -0.143718
v     0.274284     0.510781    -0.143718
v     0.347231     0.487184    -0.123097
v     0.261055     0.514087    -0.147704
v    -0.149255     0.464475    -0.427987
v    -0.181121     0.467200    -0.432050
v    -0.219734     0.473316    -0.432050
v    -0.041642     0.487931    -0.357118
v    -0.309888     0.443008    -0.486379
v    -0.360350     0.455866    -0.449894
v    -0.353774     0.427593    -0.501190
v    -0.355421     0.428472    -0.499195
v    -0.362482     0.443707    -0.470579
v    -0.321540     0.432698    -0.501190
v    -0.372276     0.444153    -0.462320
v    -0.364001     0.424100    -0.499195
v    -0.373861     0.436611    -0.472551
v    -0.387443     0.435011    -0.458283
v    -0.368271     0.399921    -0.522906
v    -0.394691     0.373501    -0.522906
v    -0.364851     0.407151    -0.518369
v    -0.397832     0.366450    -0.526577
v    -0.442835     0.356991    -0.465522
v    -0.400224     0.327416    -0.553164
v    -0.434175     0.260784    -0.553164
v    -0.438321     0.257808    -0.549167
v    -0.393687     0.351840    -0.544186
v    -0.444301     0.249889    -0.544215
v    -0.459036     0.233878    -0.529350
v    -0.496545     0.167120    -0.482217
v    -0.462746     0.210453    -0.529350
v    -0.466318     0.202916    -0.525188
v    -0.480080     0.185727    -0.505871
v    -0.525721     0.138340    -0.434721
v    -0.514118     0.141023    -0.455768
v    -0.560633     0.001327    -0.335658
v    -0.516104     0.073899    -0.433689
v    -0.555338     0.000398    -0.344666
v    -0.508796     0.107425    -0.455768
v    -0.541108    -0.056534    -0.327510
v    -0.516699    -0.231252    -0.229332
v    -0.516614    -0.104606    -0.327510
v    -0.499215    -0.169621    -0.303613
v    -0.487030    -0.297853    -0.194656
v    -0.380843    -0.440146    -0.151656
v    -0.413255    -0.371628    -0.194656
v    -0.377387    -0.444583    -0.148767
v    -0.379931    -0.440964    -0.151464
v    -0.150860    -0.560004    -0.148767
v    -0.109051    -0.570454    -0.161366
v     0.191028    -0.599696    -0.193363
v    -0.094007    -0.562423    -0.179588
v     0.014045    -0.571665    -0.193363
v     0.280151    -0.606980    -0.201688
v     0.285065    -0.603671    -0.206668
v     0.300747    -0.602389    -0.205203
v     0.404368    -0.585977    -0.205203
v     0.462382    -0.581015    -0.197808
v     0.467325    -0.577283    -0.200899
v     0.468039    -0.576288    -0.201858
v     0.521339    -0.549130    -0.201858
v     0.535714    -0.545283    -0.196574
v     0.551025    -0.531545    -0.199793
v     0.554164    -0.530146    -0.198159
v     0.591085    -0.493225    -0.198159
v     0.594305    -0.491702    -0.196138
v     0.606493    -0.478119    -0.193282
v     0.606647    -0.478011    -0.193168
v     0.628537    -0.435050    -0.193168
v     0.630836    -0.433399    -0.190951
v     0.633275    -0.430169    -0.188931
v     0.633548    -0.429873    -0.188656
v     0.649321    -0.330288    -0.188656
v     0.651003    -0.328387    -0.186240
v     0.604080    -0.330288    -0.243782
v     0.563881    -0.285396    -0.284100
v     0.562970    -0.284681    -0.284965
v     0.506602    -0.001300    -0.284965
v     0.530197     0.031655    -0.251066
v     0.543081     0.038494    -0.235049
v     0.296237     0.381800    -0.251066
v     0.350564     0.436128    -0.167904
v     0.195650     0.350737    -0.341244
v     0.006803     0.476921    -0.341244
v    -0.230806     0.406086    -0.511875
v    -0.316470     0.423126    -0.511875
v    -0.321540     0.423505    -0.512392
v    -0.330632     0.415363    -0.520558
v    -0.353062     0.422667    -0.507329
v    -0.339540     0.404014    -0.531326
v    -0.352174     0.401501    -0.531326
v    -0.354694     0.406248    -0.525425
v    -0.357116     0.378570    -0.549339
v    -0.370238     0.369802    -0.549339
v    -0.377725     0.352882    -0.558195
v    -0.378318     0.325948    -0.574165
v    -0.397536     0.297186    -0.574165
v    -0.374402     0.342123    -0.567841
v    -0.400961     0.282117    -0.579102
v    -0.410053     0.272231    -0.574395
v    -0.423075     0.261886    -0.565397
v    -0.433766     0.240812    -0.558089
v    -0.439803     0.236074    -0.552362
v    -0.425774     0.248315    -0.565397
v    -0.502230     0.117706    -0.465753
v    -0.460862     0.175485    -0.525188
v    -0.505064     0.025321    -0.417772
v    -0.442204    -0.173343    -0.353645
v    -0.453167    -0.052348    -0.417772
v    -0.431928    -0.140068    -0.383477
v    -0.423432    -0.215766    -0.331439
v    -0.153968    -0.420875    -0.308444
v    -0.169996    -0.385107    -0.331439
v    -0.103449    -0.467389    -0.284329
v    -0.103597    -0.467202    -0.284458
v     0.168283    -0.521440    -0.284329
v     0.241955    -0.538757    -0.277446
v     0.285065    -0.577360    -0.238728
v     0.213623    -0.524830    -0.288948
v     0.360566    -0.571714    -0.231037
v     0.469732    -0.559246    -0.220640
v     0.397549    -0.564358    -0.231037
v     0.475690    -0.553766    -0.223477
v     0.503189    -0.547517    -0.214467
v     0.551788    -0.519867    -0.210041
v     0.540468    -0.522608    -0.214467
v     0.577545    -0.494110    -0.210041
v     0.603880    -0.448726    -0.213702
v     0.579812    -0.484747    -0.213702
v     0.606491    -0.437240    -0.217465
v     0.588764    -0.412480    -0.242934
v     0.603459    -0.338604    -0.242934
v     0.540695    -0.284681    -0.303246
v     0.516620    -0.278641    -0.322018
v     0.417127    -0.185737    -0.388504
v     0.481629    -0.007107    -0.306408
v     0.394849    -0.172850    -0.402257
v     0.273201    -0.076251    -0.472224
v     0.252106     0.002475    -0.472224
v     0.163503     0.054797    -0.512090
v     0.162849     0.055437    -0.512258
v     0.187197     0.342284    -0.351724
v     0.036784     0.086547    -0.561241
v     0.011361     0.100393    -0.567214
v    -0.197846     0.309601    -0.567214
v    -0.230133     0.316908    -0.577816
v    -0.233392     0.394968    -0.521422
v    -0.249963     0.302098    -0.592518
v    -0.329787     0.323487    -0.592518
v    -0.337350     0.336561    -0.584446
v    -0.337350     0.357430    -0.569200
v    -0.339540     0.366160    -0.562392
v    -0.355576     0.371950    -0.555022
v    -0.351590     0.332745    -0.584446
v    -0.356884     0.340636    -0.577645
v    -0.350899     0.318937    -0.591926
v    -0.375624     0.294212    -0.591926
v    -0.376703     0.289444    -0.593492
v    -0.388211     0.282649    -0.588314
v    -0.406795     0.263209    -0.578542
v    -0.390966     0.272365    -0.588314
v    -0.421632     0.249354    -0.568627
v    -0.457034     0.176375    -0.528475
v    -0.448337     0.176012    -0.534758
v    -0.414220     0.221694    -0.568627
v    -0.437752     0.129247    -0.519402
v    -0.277102    -0.126926    -0.470126
v    -0.308398    -0.000107    -0.519402
v    -0.249906    -0.154729    -0.462968
v    -0.174266    -0.282820    -0.405335
v     0.093391    -0.396071    -0.374991
v     0.064958    -0.346919    -0.405335
v     0.312904    -0.533793    -0.269938
v     0.477215    -0.517239    -0.249866
v     0.454181    -0.495938    -0.269938
v     0.471705    -0.509025    -0.256946
v     0.570398    -0.410331    -0.256946
v     0.573682    -0.412535    -0.254115
v     0.586667    -0.411993    -0.244735
v     0.504851    -0.322564    -0.322018
v     0.249902    -0.068903    -0.483625
v     0.150079     0.016921    -0.524690
v     0.084234     0.044875    -0.548176
v     0.039613     0.079719    -0.561241
v    -0.085564     0.139673    -0.591680
v    -0.131694     0.160043    -0.602614
v    -0.200625     0.203007    -0.613634
v    -0.229831     0.225083    -0.616661
v    -0.252575     0.247827    -0.616661
v    -0.253462     0.250015    -0.616109
v    -0.251849     0.297280    -0.595363
v    -0.302252     0.270225    -0.616109
v    -0.302344     0.270273    -0.616104
v    -0.309048     0.274131    -0.615636
v    -0.311475     0.276147    -0.615199
v    -0.316378     0.278865    -0.614448
v    -0.325310     0.289254    -0.610174
v    -0.329787     0.303448    -0.603229
v    -0.347260     0.309641    -0.597416
v    -0.336617     0.284571    -0.610174
v    -0.346541     0.288579    -0.606660
v    -0.348817     0.287657    -0.606086
v    -0.374367     0.288530    -0.594871
v    -0.352027     0.279908    -0.606086
v    -0.359638     0.276677    -0.603371
v    -0.370166     0.276677    -0.598815
v    -0.383835     0.272365    -0.592125
v    -0.399793     0.227341    -0.577147
v    -0.340861     0.231346    -0.603371
v    -0.340751     0.229357    -0.603062
v    -0.303438     0.145200    -0.583180
v    -0.335358     0.223964    -0.603062
v    -0.057161    -0.086415    -0.527088
v    -0.123923     0.070842    -0.583180
v     0.022079    -0.178580    -0.489173
v     0.064958    -0.314534    -0.422646
v     0.434431    -0.445485    -0.299734
v     0.220167    -0.096530    -0.489173
v     0.235836    -0.102859    -0.483625
v     0.429341    -0.296364    -0.365186
v     0.438740    -0.296685    -0.361061
v    -0.246355     0.235329    -0.617693
v    -0.257483     0.246457    -0.617693
v    -0.260315     0.246833    -0.617935
v    -0.318021     0.278648    -0.614308
v    -0.335600     0.283553    -0.610611
v    -0.328168     0.276835    -0.612937
v    -0.334583     0.279908    -0.611378
v    -0.319833     0.276835    -0.614308
v    -0.273340     0.241269    -0.616104
v    -0.123923     0.095961    -0.590800
v    -0.251911     0.238428    -0.617935
v    -0.147192     0.144544    -0.602614
v     0.086351     0.037286    -0.546580
f      1      2      3
f      1      3      4
f      1      4      5
f      4      3      6
f      4      6      7
f      7      6      8
f      7      8      9
f      7      9     10
f     11      5      4
f     11      4      7
f     11      7     10
f     11     10     12
f     11     12     13
f     14     15     16
f     14     16     17
f     14     17     18
f     14     18     19
f     14     19     20
f     17     21      1
f     17      1      5
f     17      5     11
f     17     11     18
f     16     22     23
f     16     23     21
f     16     21     17
f     23     24     25
f     23     25      2
f     23      2      1
f     23      1     21
f     25     26      8
f     25      8      6
f     25      6      3
f     25      3      2
f      8     26     27
f      8     27     28
f      8     28      9
f     29     30     31
f     29     31     32
f     29     32     33
f     10      9     28
f     10     28     30
f     10     30     29
f     10     29     12
f     13     12     29
f     13     29     33
f     13     33     34
f     13     34     35
f     13     35     36
f     37     36     35
f     37     35     38
f     37     38     39
f     19     18     11
f     19     11     13
f     19     13     36
f     19     36     37
f     40     20     19
f     40     19     37
f     40     37     39
f     40     39     41
f     42     43     44
f     42     44     45
f     42     45     46
f     42     46     47
f     42     47     48
f     44     49     14
f     44     14     20
f     44     20     40
f     44     40     45
f     50     51     52
f     50     52     53
f     50     53     15
f     50     15     14
f     50     14     49
f     53     54     55
f     53     55     22
f     53     22     16
f     53     16     15
f     52     56     57
f     52     57     58
f     52     58     54
f     52     54     53
f     58     59     60
f     58     60     55
f     58     55     54
f     55     60     61
f     55     61     24
f     55     24     23
f     55     23     22
f     61     62     63
f     61     63     27
f     61     27     26
f     61     26     25
f     61     25     24
f     28     27     63
f     28     63     31
f     28     31     30
f     32     31     63
f     32     63     62
f     32     62     64
f     32     64     65
f     32     65     66
f     67     68     69
f     67     69     70
f     67     70     71
f     34     33     32
f     34     32     66
f     34     66     67
f     34     67     71
f     34     71     72
f     72     71     70
f     72     70     73
f     72     73     74
f     72     74     75
f     38     35     34
f     38     34     72
f     38     72     75
f     38     75     76
f     38     76     77
f     77     76     78
f     77     78     79
f     77     79     80
f     77     80     81
f     77     81     82
f     83     82     81
f     83     81     84
f     83     84     85
f     83     85     86
f     83     86     87
f     83     87     88
f     41     39     38
f     41     38     77
f     41     77     82
f     41     82     83
f     41     83     89
f     90     89     83
f     90     83     88
f     90     88     91
f     90     91     92
f     90     92     93
f     46     45     40
f     46     40     41
f     46     41     89
f     46     89     90
f     94     47     46
f     94     46     90
f     94     90     93
f     94     93     95
f     94     95     96
f     97     98     99
f     97     99     48
f     97     48     47
f     97     47     94
f    100    101    102
f    100    102     42
f    100     42     48
f    100     48     99
f    100     99    103
f    102    104    105
f    102    105    106
f    102    106     43
f    102     43     42
f    107    108    109
f    107    109     50
f    107     50     49
f    107     49     44
f    107     44     43
f    107     43    106
f    109    110    111
f    109    111    112
f    109    112     51
f    109     51     50
f    112    113    114
f    112    114     56
f    112     56     52
f    112     52     51
f    115    116    117
f    115    117    114
f    115    114    113
f    114    117    118
f    114    118    119
f    114    119    120
f    114    120     57
f    114     57     56
f     57    120    121
f     57    121     59
f     57     59     58
f    119    122    123
f    119    123    124
f    119    124    125
f    119    125    121
f    119    121    120
f    121    125     64
f    121     64     62
f    121     62     61
f    121     61     60
f    121     60     59
f     64    125    124
f     64    124    126
f     64    126    127
f     64    127    128
f     64    128    129
f     64    129     65
f     66     65    129
f     66    129     68
f     66     68     67
f    129    128    130
f    129    130    131
f    129    131    132
f    129    132    133
f    129    133     69
f    129     69     68
f    133    132    134
f    133    134    135
f    133    135    136
f    133    136    137
f     70     69    133
f     70    133    137
f     70    137     73
f     73    137    136
f     73    136    138
f     73    138    139
f     73    139     74
f     75     74    139
f     75    139    140
f     75    140    141
f     75    141    142
f     75    142     78
f     75     78     76
f     78    142    143
f     78    143    144
f     78    144    145
f     78    145     79
f     79    145    146
f     79    146    147
f     79    147    148
f     79    148     80
f     81     80    148
f     81    148    149
f     81    149     84
f     85    150    151
f     85    151    152
f     85    152    153
f     85    153     86
f     86    153    154
f     86    154    155
f     86    155     87
f     88     87    155
f     88    155    156
f     88    156    157
f     88    157     91
f     91    157    158
f     91    158    159
f     91    159    160
f     91    160     92
f     93     92    160
f     93    160    161
f     93    161    162
f     93    162     95
f     96     95    162
f     96    162    163
f     96    163    164
f    165    166     97
f    165     97     94
f    165     94     96
f    165     96    164
f    165    164    167
f    165    167    168
f    169     98     97
f    169     97    166
f    169    166    170
f    103     99     98
f    103     98    169
f    103    169    171
f    172    104    102
f    172    102    101
f    172    101    173
f    174    175    107
f    174    107    106
f    174    106    105
f    174    105    176
f    177    178    179
f    177    179    108
f    177    108    107
f    177    107    175
f    180    181    110
f    180    110    109
f    180    109    108
f    180    108    179
f    182    183    184
f    182    184    185
f    182    185    111
f    182    111    110
f    182    110    181
f    111    185    186
f    111    186    115
f    111    115    113
f    111    113    112
f    186    187    188
f    186    188    189
f    186    189    190
f    186    190    116
f    186    116    115
f    190    191    192
f    190    192    118
f    190    118    117
f    190    117    116
f    118    192    193
f    118    193    122
f    118    122    119
f    193    194    195
f    193    195    196
f    193    196    123
f    193    123    122
f    123    196    197
f    123    197    198
f    123    198    126
f    123    126    124
f    197    199    200
f    197    200    201
f    197    201    202
f    197    202    198
f    126    198    202
f    126    202    203
f    126    203    204
f    126    204    205
f    126    205    206
f    126    206    207
f    126    207    127
f    206    208    209
f    206    209    210
f    206    210    207
f    127    207    210
f    127    210    211
f    127    211    130
f    127    130    128
f    130    211    212
f    130    212    213
f    130    213    214
f    130    214    215
f    130    215    216
f    130    216    217
f    130    217    131
f    131    217    218
f    131    218    219
f    131    219    134
f    131    134    132
f    134    219    220
f    134    220    221
f    134    221    135
f    136    135    221
f    136    221    222
f    136    222    223
f    136    223    138
f    139    138    223
f    139    223    224
f    139    224    225
f    139    225    140
f    141    226    227
f    141    227    143
f    141    143    142
f    143    227    228
f    143    228    229
f    143    229    230
f    143    230    144
f    144    230    231
f    144    231    146
f    144    146    145
f    148    147    232
f    148    232    233
f    148    233    149
f     84    149    233
f     84    233    234
f     84    234    150
f     84    150     85
f    151    235    236
f    151    236    237
f    151    237    238
f    151    238    239
f    151    239    152
f    152    239    240
f    152    240    154
f    152    154    153
f    155    154    240
f    155    240    241
f    155    241    242
f    155    242    243
f    155    243    156
f    156    243    244
f    156    244    245
f    156    245    246
f    156    246    158
f    156    158    157
f    159    158    246
f    159    246    247
f    159    247    248
f    161    160    159
f    161    159    248
f    161    248    249
f    161    249    250
f    251    252    163
f    251    163    162
f    251    162    161
f    251    161    250
f    251    250    253
f    251    253    254
f    164    163    252
f    164    252    255
f    164    255    167
f    168    167    255
f    168    255    256
f    168    256    257
f    258    170    166
f    258    166    165
f    258    165    259
f    260    171    169
f    260    169    170
f    260    170    258
f    261    173    101
f    261    101    100
f    176    105    104
f    176    104    172
f    176    172    262
f    263    264    177
f    263    177    175
f    263    175    174
f    265    178    177
f    265    177    264
f    265    264    266
f    267    268    180
f    267    180    179
f    267    179    178
f    267    178    265
f    269    270    271
f    269    271    182
f    269    182    181
f    269    181    180
f    269    180    268
f    271    272    273
f    271    273    274
f    271    274    183
f    271    183    182
f    184    275    187
f    184    187    186
f    184    186    185
f    276    277    188
f    276    188    187
f    276    187    275
f    189    278    279
f    189    279    191
f    189    191    190
f    279    280    194
f    279    194    193
f    279    193    192
f    279    192    191
f    281    282    195
f    281    195    194
f    281    194    280
f    281    280    283
f    195    282    199
f    195    199    197
f    195    197    196
f    284    285    201
f    284    201    200
f    284    200    286
f    202    201    285
f    202    285    287
f    202    287    288
f    202    288    289
f    202    289    203
f    203    289    290
f    203    290    204
f    205    291    292
f    205    292    293
f    205    293    208
f    205    208    206
f    293    294    295
f    293    295    296
f    293    296    297
f    293    297    209
f    293    209    208
f    210    209    297
f    210    297    298
f    210    298    212
f    210    212    211
f    212    298    299
f    212    299    300
f    212    300    301
f    212    301    302
f    212    302    213
f    215    303    304
f    215    304    305
f    215    305    216
f    216    305    218
f    216    218    217
f    221    220    306
f    221    306    307
f    221    307    222
f    223    222    307
f    223    307    308
f    223    308    224
f    140    225    309
f    140    309    310
f    140    310    226
f    140    226    141
f    310    311    312
f    310    312    228
f    310    228    227
f    310    227    226
f    228    312    313
f    228    313    314
f    228    314    229
f    229    314    315
f    229    315    316
f    229    316    317
f    229    317    231
f    229    231    230
f    146    231    317
f    146    317    318
f    146    318    232
f    146    232    147
f    233    232    318
f    233    318    319
f    233    319    320
f    233    320    321
f    233    321    234
f    234    321    235
f    234    235    151
f    234    151    150
f    237    322    323
f    237    323    324
f    237    324    238
f    240    239    238
f    240    238    324
f    240    324    325
f    240    325    241
f    241    325    326
f    241    326    327
f    241    327    328
f    241    328    242
f    242    328    329
f    242    329    330
f    242    330    244
f    242    244    243
f    244    330    331
f    244    331    332
f    244    332    333
f    244    333    245
f    246    245    333
f    246    333    334
f    246    334    335
f    246    335    247
f    248    247    335
f    248    335    336
f    248    336    337
f    248    337    338
f    248    338    249
f    250    249    338
f    250    338    339
f    250    339    253
f    254    253    339
f    254    339    340
f    254    340    341
f    255    252    251
f    255    251    342
f    255    342    256
f    257    256    342
f    257    342    343
f    257    343    344
f    345    259    165
f    345    165    168
f    345    168    257
f    345    257    344
f    345    344    346
f    345    346    347
f    348    349    260
f    348    260    258
f    348    258    259
f    348    259    345
f    350    351    261
f    350    261    100
f    350    100    103
f    350    103    171
f    350    171    260
f    350    260    349
f    352    262    172
f    352    172    173
f    352    173    261
f    352    261    351
f    353    354    263
f    353    263    174
f    353    174    176
f    353    176    262
f    353    262    352
f    353    352    355
f    356    266    264
f    356    264    263
f    356    263    354
f    357    358    359
f    357    359    267
f    357    267    265
f    357    265    266
f    357    266    356
f    359    360    361
f    359    361    362
f    359    362    269
f    359    269    268
f    359    268    267
f    362    363    364
f    362    364    365
f    362    365    270
f    362    270    269
f    365    366    272
f    365    272    271
f    365    271    270
f    367    368    273
f    367    273    272
f    367    272    366
f    274    369    276
f    274    276    275
f    274    275    184
f    274    184    183
f    370    371    372
f    370    372    277
f    370    277    276
f    370    276    369
f    188    277    372
f    188    372    373
f    188    373    374
f    188    374    278
f    188    278    189
f    375    283    280
f    375    280    279
f    375    279    278
f    375    278    374
f    376    377    281
f    376    281    283
f    376    283    375
f    376    375    378
f    379    286    200
f    379    200    199
f    379    199    282
f    379    282    281
f    379    281    377
f    380    381    284
f    380    284    286
f    380    286    379
f    382    383    287
f    382    287    285
f    382    285    284
f    382    284    381
f    287    383    384
f    287    384    385
f    287    385    288
f    288    385    386
f    288    386    387
f    288    387    290
f    288    290    289
f    204    290    387
f    204    387    388
f    204    388    291
f    204    291    205
f    292    389    390
f    292    390    294
f    292    294    293
f    390    391    392
f    390    392    295
f    390    295    294
f    297    296    393
f    297    393    299
f    297    299    298
f    299    393    394
f    299    394    395
f    299    395    300
f    213    302    396
f    213    396    397
f    213    397    214
f    214    397    303
f    214    303    215
f    218    305    304
f    218    304    398
f    218    398    399
f    218    399    306
f    218    306    220
f    218    220    219
f    307    306    399
f    307    399    400
f    307    400    401
f    307    401    308
f    224    308    401
f    224    401    402
f    224    402    403
f    224    403    309
f    224    309    225
f    309    403    404
f    309    404    311
f    309    311    310
f    404    405    406
f    404    406    407
f    404    407    313
f    404    313    312
f    404    312    311
f    313    407    408
f    313    408    315
f    313    315    314
f    316    315    408
f    316    408    409
f    316    409    410
f    316    410    411
f    318    317    316
f    318    316    411
f    318    411    412
f    318    412    413
f    318    413    319
f    319    413    414
f    319    414    415
f    319    415    416
f    319    416    320
f    320    416    417
f    320    417    418
f    320    418    236
f    320    236    235
f    320    235    321
f    236    418    419
f    236    419    420
f    236    420    322
f    236    322    237
f    420    421    422
f    420    422    423
f    420    423    323
f    420    323    322
f    324    323    423
f    324    423    424
f    324    424    326
f    324    326    325
f    326    424    425
f    326    425    426
f    326    426    427
f    326    427    327
f    327    427    428
f    327    428    429
f    327    429    329
f    327    329    328
f    329    429    430
f    329    430    431
f    329    431    331
f    329    331    330
f    332    331    431
f    332    431    432
f    332    432    433
f    332    433    434
f    334    333    332
f    334    332    434
f    334    434    435
f    334    435    436
f    336    335    334
f    336    334    436
f    336    436    437
f    336    437    438
f    439    337    336
f    439    336    438
f    439    438    440
f    439    440    441
f    339    338    337
f    339    337    439
f    339    439    442
f    339    442    340
f    341    340    442
f    341    442    443
f    341    443    444
f    341    444    445
f    343    342    251
f    343    251    254
f    343    254    341
f    343    341    445
f    343    445    446
f    346    344    343
f    346    343    446
f    346    446    447
f    346    447    448
f    449    347    346
f    449    346    448
f    449    448    450
f    449    450    451
f    452    453    348
f    452    348    345
f    452    345    347
f    452    347    449
f    454    455    350
f    454    350    349
f    454    349    348
f    454    348    453
f    456    355    352
f    456    352    351
f    456    351    350
f    456    350    455
f    457    458    353
f    457    353    355
f    457    355    456
f    459    460    357
f    459    357    356
f    459    356    354
f    459    354    353
f    459    353    458
f    461    462    358
f    461    358    357
f    461    357    460
f    463    464    465
f    463    465    360
f    463    360    359
f    463    359    358
f    463    358    462
f    465    466    467
f    465    467    468
f    465    468    361
f    465    361    360
f    361    468    469
f    361    469    363
f    361    363    362
f    469    470    471
f    469    471    472
f    469    472    364
f    469    364    363
f    364    472    473
f    364    473    367
f    364    367    366
f    364    366    365
f    474    368    367
f    474    367    473
f    474    473    475
f    476    477    370
f    476    370    369
f    476    369    274
f    476    274    273
f    476    273    368
f    476    368    474
f    478    371    370
f    478    370    477
f    479    373    372
f    479    372    371
f    479    371    478
f    479    478    480
f    481    378    375
f    481    375    374
f    481    374    373
f    481    373    479
f    482    483    376
f    482    376    378
f    482    378    481
f    482    481    484
f    485    486    380
f    485    380    379
f    485    379    377
f    485    377    376
f    485    376    483
f    487    488    489
f    487    489    486
f    487    486    485
f    487    485    490
f    489    491    382
f    489    382    381
f    489    381    380
f    489    380    486
f    492    493    491
f    492    491    489
f    492    489    488
f    494    384    383
f    494    383    382
f    494    382    491
f    494    491    493
f    495    496    386
f    495    386    385
f    495    385    384
f    495    384    494
f    495    494    497
f    387    386    496
f    387    496    498
f    387    498    388
f    388    498    499
f    388    499    500
f    388    500    389
f    388    389    292
f    388    292    291
f    501    502    391
f    501    391    390
f    501    390    389
f    501    389    500
f    503    504    392
f    503    392    391
f    503    391    502
f    295    392    504
f    295    504    505
f    295    505    394
f    295    394    393
f    295    393    296
f    394    505    506
f    394    506    507
f    394    507    395
f    300    395    507
f    300    507    508
f    300    508    301
f    301    508    509
f    301    509    396
f    301    396    302
f    396    509    510
f    396    510    511
f    396    511    398
f    396    398    304
f    396    304    303
f    396    303    397
f    399    398    511
f    399    511    512
f    399    512    400
f    401    400    512
f    401    512    513
f    401    513    514
f    401    514    515
f    401    515    402
f    402    515    516
f    402    516    405
f    402    405    404
f    402    404    403
f    516    517    518
f    516    518    519
f    516    519    406
f    516    406    405
f    408    407    406
f    408    406    519
f    408    519    520
f    408    520    409
f    409    520    521
f    409    521    522
f    409    522    523
f    409    523    410
f    411    410    523
f    411    523    524
f    411    524    525
f    411    525    412
f    412    525    526
f    412    526    527
f    412    527    414
f    412    414    413
f    414    527    528
f    414    528    529
f    414    529    415
f    415    529    530
f    415    530    531
f    415    531    417
f    415    417    416
f    417    531    532
f    417    532    533
f    417    533    419
f    417    419    418
f    419    533    534
f    419    534    535
f    419    535    421
f    419    421    420
f    535    536    537
f    535    537    422
f    535    422    421
f    423    422    537
f    423    537    538
f    423    538    539
f    423    539    425
f    423    425    424
f    425    539    540
f    425    540    541
f    425    541    426
f    426    541    542
f    426    542    543
f    426    543    428
f    426    428    427
f    428    543    544
f    428    544    545
f    428    545    430
f    428    430    429
f    431    430    545
f    431    545    546
f    431    546    547
f    431    547    432
f    433    432    547
f    433    547    548
f    433    548    549
f    435    434    433
f    435    433    549
f    435    549    550
f    435    550    551
f    437    436    435
f    437    435    551
f    437    551    552
f    437    552    553
f    440    438    437
f    440    437    553
f    440    553    554
f    440    554    555
f    440    555    556
f    557    441    440
f    557    440    556
f    557    556    558
f    557    558    559
f    560    443    442
f    560    442    439
f    560    439    441
f    560    441    557
f    444    443    560
f    444    560    561
f    444    561    562
f    446    445    444
f    446    444    562
f    446    562    563
f    446    563    564
f    446    564    447
f    448    447    564
f    448    564    565
f    448    565    450
f    451    450    565
f    451    565    566
f    451    566    567
f    568    569    452
f    568    452    449
f    568    449    451
f    568    451    567
f    568    567    570
f    569    571    454
f    569    454    453
f    569    453    452
f    572    573    457
f    572    457    456
f    572    456    455
f    572    455    454
f    572    454    571
f    574    575    576
f    574    576    459
f    574    459    458
f    574    458    457
f    574    457    573
f    576    577    578
f    576    578    461
f    576    461    460
f    576    460    459
f    578    579    580
f    578    580    463
f    578    463    462
f    578    462    461
f    580    581    582
f    580    582    464
f    580    464    463
f    583    584    466
f    583    466    465
f    583    465    464
f    583    464    582
f    585    467    466
f    585    466    584
f    585    584    586
f    587    588    470
f    587    470    469
f    587    469    468
f    587    468    467
f    587    467    585
f    589    471    470
f    589    470    588
f    475    473    472
f    475    472    471
f    475    471    589
f    475    589    590
f    591    592    476
f    591    476    474
f    591    474    475
f    591    475    590
f    591    590    593
f    591    593    594
f    595    480    478
f    595    478    477
f    595    477    476
f    595    476    592
f    596    484    481
f    596    481    479
f    596    479    480
f    596    480    595
f    597    598    482
f    597    482    484
f    597    484    596
f    597    596    599
f    600    490    485
f    600    485    483
f    600    483    482
f    600    482    598
f    601    602    603
f    601    603    604
f    601    604    605
f    601    605    600
f    601    600    598
f    601    598    597
f    605    606    487
f    605    487    490
f    605    490    600
f    604    607    608
f    604    608    606
f    604    606    605
f    608    609    492
f    608    492    488
f    608    488    487
f    608    487    606
f    610    611    612
f    610    612    609
f    610    609    608
f    610    608    607
f    612    497    494
f    612    494    493
f    612    493    492
f    612    492    609
f    613    614    615
f    613    615    495
f    613    495    497
f    613    497    612
f    613    612    611
f    615    499    498
f    615    498    496
f    615    496    495
f    616    617    618
f    616    618    501
f    616    501    500
f    616    500    499
f    616    499    615
f    616    615    614
f    618    619    503
f    618    503    502
f    618    502    501
f    620    621    622
f    620    622    619
f    620    619    618
f    620    618    617
f    506    505    504
f    506    504    503
f    506    503    619
f    506    619    622
f    510    509    508
f    510    508    507
f    510    507    506
f    510    506    622
f    510    622    621
f    510    621    623
f    623    621    620
f    623    620    624
f    623    624    625
f    623    625    626
f    512    511    510
f    512    510    623
f    512    623    626
f    512    626    513
f    513    626    625
f    513    625    627
f    513    627    628
f    513    628    514
f    514    628    629
f    514    629    630
f    514    630    517
f    514    517    516
f    514    516    515
f    631    518    517
f    631    517    630
f    631    630    632
f    633    521    520
f    633    520    519
f    633    519    518
f    633    518    631
f    633    631    634
f    635    522    521
f    635    521    633
f    635    633    636
f    523    522    635
f    523    635    637
f    523    637    638
f    523    638    524
f    524    638    639
f    524    639    526
f    524    526    525
f    526    639    640
f    526    640    641
f    526    641    528
f    526    528    527
f    642    530    529
f    642    529    528
f    642    528    641
f    642    641    643
f    644    532    531
f    644    531    530
f    644    530    642
f    644    642    645
f    646    534    533
f    646    533    532
f    646    532    644
f    646    644    647
f    648    536    535
f    648    535    534
f    648    534    646
f    649    538    537
f    649    537    536
f    649    536    648
f    649    648    650
f    651    540    539
f    651    539    538
f    651    538    649
f    651    649    652
f    653    542    541
f    653    541    540
f    653    540    651
f    653    651    654
f    544    543    542
f    544    542    653
f    544    653    655
f    546    545    544
f    546    544    655
f    546    655    656
f    548    547    546
f    548    546    656
f    548    656    657
f    548    657    658
f    548    658    659
f    550    549    548
f    550    548    659
f    550    659    660
f    661    552    551
f    661    551    550
f    661    550    660
f    661    660    662
f    661    662    663
f    553    552    661
f    553    661    664
f    553    664    554
f    555    554    664
f    555    664    665
f    555    665    666
f    558    556    555
f    558    555    666
f    558    666    667
f    558    667    668
f    669    559    558
f    669    558    668
f    669    668    670
f    671    561    560
f    671    560    557
f    671    557    559
f    671    559    669
f    563    562    561
f    563    561    671
f    563    671    672
f    563    672    673
f    565    564    563
f    565    563    673
f    565    673    674
f    565    674    566
f    567    566    674
f    567    674    675
f    567    675    676
f    567    676    570
f    570    676    677
f    570    677    678
f    570    678    679
f    570    679    568
f    568    679    680
f    568    680    572
f    568    572    571
f    568    571    569
f    680    681    574
f    680    574    573
f    680    573    572
f    682    683    577
f    682    577    576
f    682    576    575
f    684    685    579
f    684    579    578
f    684    578    577
f    684    577    683
f    686    581    580
f    686    580    579
f    686    579    685
f    687    688    583
f    687    583    582
f    687    582    581
f    687    581    686
f    689    586    584
f    689    584    583
f    689    583    688
f    690    691    692
f    690    692    587
f    690    587    585
f    690    585    586
f    690    586    689
f    593    590    589
f    593    589    588
f    593    588    587
f    593    587    692
f    693    694    591
f    693    591    594
f    693    594    695
f    693    695    696
f    697    599    596
f    697    596    595
f    697    595    592
f    697    592    591
f    697    591    694
f    698    699    601
f    698    601    597
f    698    597    599
f    698    599    697
f    700    701    702
f    700    702    703
f    700    703    699
f    700    699    698
f    700    698    704
f    703    705    706
f    703    706    602
f    703    602    601
f    703    601    699
f    702    707    708
f    702    708    705
f    702    705    703
f    706    709    603
f    706    603    602
f    708    710    711
f    708    711    709
f    708    709    706
f    708    706    705
f    603    709    711
f    603    711    712
f    603    712    610
f    603    610    607
f    603    607    604
f    713    714    712
f    713    712    711
f    713    711    710
f    713    710    715
f    712    714    716
f    712    716    613
f    712    613    611
f    712    611    610
f    717    718    719
f    717    719    720
f    717    720    721
f    717    721    716
f    717    716    714
f    717    714    713
f    721    722    616
f    721    616    614
f    721    614    613
f    721    613    716
f    723    724    722
f    723    722    721
f    723    721    720
f    723    720    725
f    726    624    620
f    726    620    617
f    726    617    616
f    726    616    722
f    726    722    724
f    627    625    624
f    627    624    726
f    627    726    727
f    728    727    726
f    728    726    724
f    728    724    723
f    728    723    729
f    730    731    629
f    730    629    628
f    730    628    627
f    730    627    727
f    730    727    728
f    732    731    730
f    732    730    733
f    732    733    734
f    632    630    629
f    632    629    731
f    632    731    732
f    632    732    735
f    736    634    631
f    736    631    632
f    736    632    735
f    736    735    737
f    736    737    738
f    739    636    633
f    739    633    634
f    739    634    736
f    740    637    635
f    740    635    636
f    740    636    739
f    740    739    741
f    742    640    639
f    742    639    638
f    742    638    637
f    742    637    740
f    643    641    640
f    643    640    742
f    643    742    743
f    643    743    744
f    745    645    642
f    745    642    643
f    745    643    744
f    745    744    746
f    747    647    644
f    747    644    645
f    747    645    745
f    747    745    748
f    749    650    648
f    749    648    646
f    749    646    647
f    749    647    747
f    750    652    649
f    750    649    650
f    750    650    749
f    750    749    751
f    752    654    651
f    752    651    652
f    752    652    750
f    656    655    653
f    656    653    654
f    656    654    752
f    656    752    753
f    656    753    657
f    658    657    753
f    658    753    754
f    658    754    755
f    658    755    756
f    660    659    658
f    660    658    756
f    660    756    757
f    660    757    662
f    663    662    757
f    663    757    758
f    663    758    759
f    663    759    760
f    665    664    661
f    665    661    663
f    665    663    760
f    665    760    761
f    665    761    762
f    762    761    763
f    762    763    764
f    762    764    765
f    762    765    766
f    762    766    767
f    667    666    665
f    667    665    762
f    667    762    767
f    667    767    768
f    667    768    769
f    769    768    770
f    769    770    771
f    670    668    667
f    670    667    769
f    670    769    771
f    670    771    772
f    670    772    773
f    774    672    671
f    774    671    669
f    774    669    670
f    774    670    773
f    774    773    775
f    674    673    672
f    674    672    774
f    674    774    675
f    676    675    774
f    676    774    775
f    676    775    776
f    676    776    777
f    676    777    677
f    677    777    778
f    677    778    779
f    677    779    780
f    677    780    678
f    678    780    781
f    678    781    681
f    678    681    680
f    678    680    679
f    781    782    783
f    781    783    682
f    781    682    575
f    781    575    574
f    781    574    681
f    783    784    785
f    783    785    684
f    783    684    683
f    783    683    682
f    785    786    687
f    785    687    686
f    785    686    685
f    785    685    684
f    787    788    690
f    787    690    689
f    787    689    688
f    787    688    687
f    787    687    786
f    789    790    788
f    789    788    787
f    789    787    791
f    792    691    690
f    792    690    788
f    792    788    790
f    793    794    795
f    793    795    693
f    793    693    696
f    793    696    796
f    795    704    698
f    795    698    697
f    795    697    694
f    795    694    693
f    797    798    701
f    797    701    700
f    799    800    801
f    799    801    798
f    799    798    797
f    799    797    802
f    801    803    707
f    801    707    702
f    801    702    701
f    801    701    798
f    804    805    803
f    804    803    801
f    804    801    800
f    806    715    710
f    806    710    708
f    806    708    707
f    806    707    803
f    806    803    805
f    807    808    806
f    807    806    805
f    807    805    804
f    807    804    809
f    810    811    717
f    810    717    713
f    810    713    715
f    810    715    806
f    810    806    808
f    812    813    814
f    812    814    811
f    812    811    810
f    812    810    815
f    816    817    718
f    816    718    717
f    816    717    811
f    816    811    814
f    818    719    718
f    818    718    817
f    818    817    819
f    818    819    820
f    818    820    821
f    822    725    720
f    822    720    719
f    822    719    818
f    822    818    823
f    824    729    723
f    824    723    725
f    824    725    822
f    825    826    824
f    825    824    822
f    825    822    823
f    825    823    827
f    828    733    730
f    828    730    728
f    828    728    729
f    828    729    824
f    828    824    826
f    829    734    733
f    829    733    828
f    829    828    830
f    829    830    831
f    737    735    732
f    737    732    734
f    737    734    829
f    737    829    832
f    833    738    737
f    833    737    832
f    833    832    834
f    835    741    739
f    835    739    736
f    835    736    738
f    835    738    833
f    835    833    836
f    837    743    742
f    837    742    740
f    837    740    741
f    837    741    835
f    746    744    743
f    746    743    837
f    746    837    838
f    839    748    745
f    839    745    746
f    839    746    838
f    839    838    840
f    839    840    841
f    842    751    749
f    842    749    747
f    842    747    748
f    842    748    839
f    843    844    754
f    843    754    753
f    843    753    752
f    843    752    750
f    843    750    751
f    843    751    842
f    755    754    844
f    755    844    845
f    755    845    846
f    757    756    755
f    757    755    846
f    757    846    847
f    757    847    758
f    758    847    848
f    758    848    849
f    758    849    850
f    758    850    759
f    760    759    850
f    760    850    851
f    760    851    852
f    760    852    763
f    760    763    761
f    763    852    853
f    763    853    854
f    763    854    764
f    764    854    855
f    764    855    856
f    764    856    765
f    766    765    856
f    766    856    857
f    766    857    858
f    770    768    767
f    770    767    766
f    770    766    858
f    770    858    859
f    770    859    860
f    772    771    770
f    772    770    860
f    772    860    861
f    772    861    862
f    775    773    772
f    775    772    862
f    775    862    776
f    776    862    861
f    776    861    863
f    776    863    864
f    776    864    778
f    776    778    777
f    778    864    865
f    778    865    866
f    778    866    867
f    778    867    868
f    778    868    779
f    779    868    782
f    779    782    781
f    779    781    780
f    867    869    870
f    867    870    784
f    867    784    783
f    867    783    782
f    867    782    868
f    870    791    787
f    870    787    786
f    870    786    785
f    870    785    784
f    871    872    789
f    871    789    791
f    871    791    870
f    871    870    869
f    796    696    695
f    796    695    792
f    796    792    790
f    796    790    789
f    796    789    872
f    873    874    794
f    873    794    793
f    875    802    797
f    875    797    700
f    875    700    704
f    875    704    795
f    875    795    794
f    875    794    874
f    876    877    799
f    876    799    802
f    876    802    875
f    878    879    880
f    878    880    877
f    878    877    876
f    880    809    804
f    880    804    800
f    880    800    799
f    880    799    877
f    881    882    807
f    881    807    809
f    881    809    880
f    881    880    879
f    883    815    810
f    883    810    808
f    883    808    807
f    883    807    882
f    884    885    812
f    884    812    815
f    884    815    883
f    884    883    886
f    887    888    889
f    887    889    813
f    887    813    812
f    887    812    885
f    890    891    816
f    890    816    814
f    890    814    813
f    890    813    889
f    890    889    892
f    819    817    816
f    819    816    891
f    827    823    818
f    827    818    821
f    827    821    893
f    893    821    820
f    893    820    894
f    895    830    828
f    895    828    826
f    895    826    825
f    896    831    830
f    896    830    895
f    896    895    897
f    896    897    898
f    834    832    829
f    834    829    831
f    834    831    896
f    834    896    899
f    900    836    833
f    900    833    834
f    900    834    899
f    900    899    901
f    902    840    838
f    902    838    837
f    902    837    835
f    902    835    836
f    902    836    900
f    902    900    903
f    841    840    902
f    841    902    904
f    905    906    843
f    905    843    842
f    905    842    839
f    905    839    841
f    905    841    904
f    905    904    907
f    845    844    843
f    845    843    906
f    845    906    908
f    909    848    847
f    909    847    846
f    909    846    845
f    909    845    908
f    909    908    910
f    849    848    909
f    849    909    911
f    849    911    912
f    913    851    850
f    913    850    849
f    913    849    912
f    913    912    914
f    853    852    851
f    853    851    913
f    853    913    915
f    916    855    854
f    916    854    853
f    916    853    915
f    916    915    917
f    857    856    855
f    857    855    916
f    857    916    918
f    859    858    857
f    859    857    918
f    859    918    919
f    859    919    920
f    861    860    859
f    861    859    920
f    861    920    863
f    865    921    922
f    865    922    923
f    865    923    924
f    865    924    866
f    923    925    926
f    923    926    927
f    923    927    924
f    866    924    927
f    866    927    928
f    866    928    929
f    866    929    930
f    866    930    871
f    866    871    869
f    866    869    867
f    929    931    932
f    929    932    933
f    929    933    930
f    930    933    934
f    930    934    935
f    930    935    873
f    930    873    793
f    930    793    796
f    930    796    872
f    930    872    871
f    934    936    937
f    934    937    938
f    934    938    939
f    934    939    935
f    935    939    940
f    935    940    878
f    935    878    876
f    935    876    875
f    935    875    874
f    935    874    873
f    940    941    881
f    940    881    879
f    940    879    878
f    938    942    943
f    938    943    941
f    938    941    940
f    938    940    939
f    943    886    883
f    943    883    882
f    943    882    881
f    943    881    941
f    944    945    884
f    944    884    886
f    944    886    943
f    944    943    942
f    946    947    887
f    946    887    885
f    946    885    884
f    946    884    945
f    948    888    887
f    948    887    947
f    948    947    949
f    892    889    888
f    892    888    948
f    892    948    950
f    894    820    819
f    894    819    891
f    894    891    890
f    894    890    951
f    952    951    890
f    952    890    892
f    952    892    950
f    952    950    953
f    954    897    895
f    954    895    825
f    954    825    827
f    954    827    893
f    954    893    894
f    954    894    951
f    954    951    952
f    955    898    897
f    955    897    954
f    955    954    956
f    901    899    896
f    901    896    898
f    901    898    955
f    901    955    957
f    901    957    958
f    959    903    900
f    959    900    901
f    959    901    958
f    959    958    960
f    907    904    902
f    907    902    903
f    907    903    959
f    910    908    906
f    910    906    905
f    910    905    961
f    962    911    909
f    962    909    910
f    962    910    961
f    962    961    963
f    962    963    964
f    914    912    911
f    914    911    962
f    917    915    913
f    917    913    914
f    917    914    962
f    917    962    964
f    917    964    965
f    917    965    966
f    919    918    916
f    919    916    917
f    919    917    966
f    919    966    967
f    967    966    965
f    967    965    968
f    967    968    922
f    967    922    921
f    863    920    919
f    863    919    967
f    863    967    921
f    863    921    865
f    863    865    864
f    927    926    969
f    927    969    970
f    927    970    928
f    928    970    971
f    928    971    972
f    928    972    931
f    928    931    929
f    932    973    974
f    932    974    975
f    932    975    976
f    932    976    977
f    932    977    978
f    932    978    979
f    932    979    936
f    932    936    934
f    932    934    933
f    978    980    981
f    978    981    982
f    978    982    983
f    978    983    979
f    979    983    984
f    979    984    985
f    979    985    986
f    979    986    937
f    979    937    936
f    937    986    987
f    937    987    944
f    937    944    942
f    937    942    938
f    985    988    989
f    985    989    987
f    985    987    986
f    987    989    990
f    987    990    991
f    987    991    946
f    987    946    945
f    987    945    944
f    990    992    993
f    990    993    994
f    990    994    991
f    991    994    995
f    991    995    949
f    991    949    947
f    991    947    946
f    953    950    948
f    953    948    949
f    953    949    995
f    953    995    996
f    996    995    994
f    996    994    993
f    996    993    997
f    996    997    998
f    999    956    954
f    999    954    952
f    999    952    953
f    999    953    996
f    999    996    998
f    999    998   1000
f   1001    957    955
f   1001    955    956
f   1001    956    999
f   1001    999   1002
f    960    958    957
f    960    957   1001
f    960   1001   1003
f    960   1003   1004
f    963    961    905
f    963    905    907
f    963    907    959
f    963    959    960
f    963    960   1004
f    963   1004   1005
f   1005   1004   1003
f   1005   1003   1006
f   1005   1006   1007
f   1005   1007   1008
f    965    964    963
f    965    963   1005
f    965   1005   1008
f    965   1008   1009
f    965   1009    968
f   1009   1008   1007
f   1009   1007    969
f   1009    969    926
f   1009    926    925
f    922    968   1009
f    922   1009    925
f    922    925    923
f    972    973    932
f    972    932    931
f    976   1010   1011
f    976   1011    977
f    977   1011   1012
f    977   1012    980
f    977    980    978
f    984   1013   1014
f    984   1014    988
f    984    988    985
f   1015   1016   1014
f   1015   1014   1013
f   1015   1013   1017
f   1014   1016    992
f   1014    992    990
f   1014    990    989
f   1014    989    988
f    997    993    992
f    997    992   1016
f    997   1016   1015
f   1000    998    997
f   1000    997   1015
f   1000   1015   1017
f   1000   1017    982
f   1000    982    981
f   1000    981   1018
f   1019   1002    999
f   1019    999   1000
f   1019   1000   1018
f   1019   1018   1020
f   1019   1020   1010
f   1019   1010    976
f   1019    976    975
f   1019    975   1021
f   1006   1003   1001
f   1006   1001   1002
f   1006   1002   1019
f   1006   1019   1022
f    971   1022   1019
f    971   1019   1021
f    971   1021    974
f    971    974    973
f    971    973    972
f    969   1007   1006
f    969   1006   1022
f    969   1022    971
f    969    971    970
f   1020   1012   1011
f   1020   1011   1010
f    982   1017   1013
f    982   1013    984
f    982    984    983
f   1018    981    980
f   1018    980   1012
f   1018   1012   1020
f   1021    975    974
f    695    594    593
f    695    593    692
f    695    692    691
f    695    691    792
