v    11.901250    26.839325    43.717921
v     8.495053    30.083302    43.717921
v     5.476081    30.464489    43.951291
v     3.232851    28.126912    44.369908
v     3.232851    26.452963    44.526522
v    10.283617    26.452963    43.898166
v     0.651210    27.801005    44.170345
v    -6.985481    20.527908    44.170345
v    -7.118724    19.571144    44.247962
v    -3.993071    19.571144    44.526522
v    -3.993071    12.856117    43.898166
v    -8.480565    18.385668    44.015714
v    -6.425083     3.619386    42.817214
v    17.794568    32.056854    41.858122
v    16.286807    31.476793    42.341161
v    14.928071    26.839325    43.267654
v    22.660059    23.312390    41.566539
v    19.071116    31.564156    41.566539
v    14.160348    31.588907    42.639988
v     7.436956    33.481392    42.858955
v     5.476081    31.309312    43.707831
v     9.796007    33.310548    42.639988
v    -0.035445    30.910272    43.196246
v    -4.468348    29.161552    43.196246
v    -7.631430    28.994761    42.751757
v    -9.065973    27.628608    42.751757
v   -10.315440    27.146345    42.466384
v   -14.125679    18.385668    42.466384
v   -19.934911    16.036879    40.591578
v   -25.805806    11.229601    38.406476
v   -12.770824   -18.741155    38.406476
v    -6.511928     2.620795    42.674140
v   -12.400503   -25.113028    37.466270
v    -7.084572   -23.700218    38.477711
v    -6.511928   -22.561657    38.740748
v   -16.183144   -34.030923    34.466271
v    -7.084572   -37.620211    34.466271
v    -6.990052   -37.832193    34.394432
v    -1.394871   -37.427116    33.875085
v    19.060680   -29.357665    33.875085
v    24.288817   -29.082037    33.140393
v    32.007869   -21.730547    33.140393
v    33.223788    -0.807566    36.227669
v    27.344183    19.260071    40.236780
v    25.929390    20.880981    40.700415
v    33.212750    14.454691    38.052540
v    34.163390     1.352785    36.227669
v    34.972336    11.488584    37.215480
v    33.292092    14.354219    38.018734
v    28.555360    27.937267    38.470381
v    29.581893    27.359965    38.052540
v    24.473633    31.739744    39.421108
v    19.725948    36.959946    39.139443
v    17.924362    35.678482    40.347946
v    24.259064    32.642693    39.139443
v    16.961474    35.729279    40.483259
v    10.742164    37.316382    40.483259
v     7.436956    33.945285    42.623343
v     4.684211    33.761850    42.359789
v    -2.814321    31.848322    42.359789
v    -7.361494    31.608398    41.720912
v    -7.712842    31.266277    41.804566
v   -14.971623    29.701683    39.648009
v   -17.412518    27.377041    39.648009
v   -23.612855    25.919817    37.468254
v   -26.460983    26.055562    36.072434
v   -28.186246    25.085258    35.370082
v   -32.326359    10.369945    35.370082
v   -28.667991    10.369945    37.139328
v   -43.144415     4.409876    29.327481
v   -47.035117     0.949865    26.975156
v   -46.206767   -10.326393    25.841510
v   -41.971788   -25.378738    25.841510
v   -41.768862   -28.868675    25.326648
v   -34.162700   -35.954455    27.098309
v   -28.752508   -37.226001    29.000194
v   -19.212293   -36.915876    32.788786
v   -22.075082   -43.585454    29.000194
v   -19.382707   -41.670460    30.806265
v   -17.822683   -41.752735    31.025491
v    -7.088540   -38.129468    34.256273
v   -12.306327   -43.160456    31.025491
v    -7.088540   -43.508182    31.525088
v    -6.483382   -44.125327    31.133293
v     3.459753   -43.462819    30.181186
v    10.877822   -41.569816    30.181186
v    20.497465   -41.062371    28.829608
v    24.357034   -37.304481    29.748598
v    24.555993   -36.536586    30.032074
v    33.856284   -27.679146    30.032074
v    35.244946   -21.835848    31.854962
v    36.676642   -20.502036    31.521466
v    37.436172    -7.441440    33.448362
v    38.515226     8.337921    35.073498
v    38.028824    -5.334990    33.448362
v    38.980844     7.624962    34.751299
v    35.849758    21.100035    35.073498
v    29.815349    27.350651    37.899979
v    35.849672    21.102018    35.073239
v    24.675869    37.318883    36.653271
v    28.859620    31.355624    36.653271
v    24.248456    38.999990    36.028882
v    20.976709    38.735487    37.685496
v    24.903719    41.020889    34.307673
v    21.321503    43.300512    34.307673
v    20.859507    41.408631    35.850879
v    10.919735    37.990360    39.984006
v    21.281142    43.478860    34.174602
v    16.118463    44.456925    34.174602
v    11.935574    40.889629    37.573555
v    10.919735    39.657151    38.684518
v    -3.076754    37.005654    38.684518
v    -3.449318    36.559009    38.977740
v    -7.291983    33.193086    40.633319
v   -17.773698    30.924330    37.525863
v   -19.162618    30.040440    37.525863
v   -26.662012    28.311210    34.873159
v   -33.474924    30.314947    29.346971
v   -39.189290    27.906823    26.640711
v   -41.541443    24.554182    26.640711
v   -46.440999    22.463342    23.790772
v   -48.989006    19.824867    22.597189
v   -49.500160    19.438074    22.277577
v   -52.226601     6.384118    22.277664
v   -52.533276     2.478410    22.655574
v   -51.096060     0.949865    23.959805
v   -50.408629    -7.804862    23.112568
v   -48.576599   -16.576751    23.112568
v   -48.086402   -23.169746    22.210395
v   -42.615495   -28.835041    24.773236
v   -41.784644   -32.316355    23.689524
v   -34.734051   -42.365826    23.689524
v   -34.506977   -43.259202    23.357753
v   -34.363730   -43.395637    23.357753
v   -30.468974   -44.293756    24.735462
v   -22.097332   -43.617019    28.974408
v   -27.647581   -46.089133    24.735462
v   -25.008762   -46.660311    25.517759
v   -22.052228   -44.644415    28.269297
v   -17.511696   -44.950572    28.861000
v   -12.066920   -45.982021    28.861000
v    -6.483382   -46.379681    29.375603
v    -5.751709   -47.003725    28.781054
v     2.322917   -46.428666    28.036789
v     8.616913   -45.236290    28.036789
v    19.919991   -44.474001    26.563870
v    20.364998   -44.084276    26.755585
v    22.088277   -43.711281    26.244689
v    29.956009   -38.704526    26.244689
v    30.380231   -37.791401    26.698751
v    32.590689   -35.686244    26.698751
v    34.056192   -29.921858    28.839698
v    37.243594   -25.378738    28.839698
v    38.423896   -20.432611    30.379369
v    42.250607   -16.469898    28.586752
v    46.613137     0.332806    27.953307
v    41.592239     5.672884    32.509536
v    43.463250   -15.552460    27.828688
v    46.511976    -0.955470    27.828688
v    43.704640    11.850885    29.048058
v    48.596607     0.332806    25.766652
v    47.299793     8.130338    25.766652
v    36.411967    21.048807    34.512496
v    29.378967    36.919326    32.981363
v    35.008385    26.397078    32.981363
v    28.226262    41.021320    31.548977
v    25.107767    41.215191    34.025145
v    28.813050    42.991250    29.293501
v    25.389777    46.251440    29.293501
v    24.820669    45.403340    30.533483
v    22.231438    45.184114    32.160861
v    25.331736    47.353607    28.109060
v    22.483522    48.735715    28.109060
v    22.214362    48.598849    28.404092
v    22.013419    47.274696    29.971964
v    16.371841    45.525113    32.982312
v    18.254063    49.196158    28.404092
v    17.389923    48.641970    29.196480
v    16.371841    47.784039    30.367381
v     0.238630    45.350474    30.367381
v    -0.463635    44.734968    30.957274
v    -2.417006    43.330266    32.062460
v    -7.924652    42.019221    30.560821
v   -28.854877    31.862552    30.560821
v   -33.449138    30.691564    29.032966
v   -38.065131    31.938703    23.999390
v   -39.353753    31.392018    23.392336
v   -43.280332    27.652411    23.392336
v   -46.743448    26.092214    21.425942
v   -46.776479    26.057114    21.418956
v   -49.442464    24.272345    19.621682
v   -52.163645    19.186076    19.621682
v   -53.536352    18.247854    18.424649
v   -54.499756    17.032710    17.702721
v   -54.784353    13.864626    18.086323
v   -55.817269     7.653336    18.086323
v   -56.089361     4.482923    18.367729
v   -54.671981     2.478410    20.297730
v   -54.168847    -3.385327    19.777348
v   -52.443930   -13.757428    19.777348
v   -51.798239   -20.946956    18.906653
v   -50.193973   -22.970356    20.108774
v   -48.982797   -27.585573    18.787467
v   -42.478026   -39.743996    18.787467
v   -42.200932   -40.729996    18.443191
v   -40.663159   -42.362204    18.769184
v   -39.339006   -42.958737    19.521038
v   -35.386468   -46.723095    19.521038
v   -34.158388   -46.391238    20.860283
v   -33.424559   -46.578296    21.104261
v   -28.358039   -49.036870    21.104261
v   -28.266968   -49.058517    21.129098
v   -24.935284   -47.364819    24.780135
v   -18.274847   -47.907364    25.548375
v    -7.672567   -49.506628    25.548375
v    -5.751709   -49.656085    25.710682
v    -1.369775   -52.466352    21.692514
v     2.487466   -52.166146    21.366521
v    14.823201   -50.305397    21.366521
v    16.923011   -50.134294    21.124355
v    19.173829   -48.515626    22.397798
v    19.550533   -48.015684    22.855655
v    27.235864   -44.147059    23.009165
v    27.075713   -44.364043    22.855655
v    29.728935   -42.016548    23.483493
v    29.963685   -41.916939    23.372845
v    36.779442   -35.425794    23.372845
v    36.863441   -35.387934    23.325154
v    38.059353   -34.118545    23.071603
v    39.564441   -33.110985    22.056971
v    49.251267   -15.004826    22.056971
v    49.860305   -14.588538    21.525896
v    50.777656   -13.431521    20.838464
v    51.420328    -2.706519    22.096384
v    51.101407   -13.096472    20.543001
v    52.561046    -4.319840    20.543001
v    54.268629     2.266170    16.111478
v    53.053485     3.397573    17.903664
v    53.417856    -4.508451    19.136832
v    56.234850    -4.508451    14.368449
v    55.569583     0.304433    14.368449
v    49.006513     7.845309    23.139734
v    35.595259    38.680983    23.139734
v    34.767426    41.349038    22.315524
v    34.004620    42.326586    22.645225
v    29.207087    43.286972    28.534317
v    33.459573    43.417542    22.156408
v    29.315752    48.560817    22.156408
v    28.634788    47.912280    23.917806
v    26.035554    48.203949    26.388540
v    29.210365    49.274897    21.177307
v    26.430885    51.306145    21.177307
v    26.161035    51.281652    21.517962
v    25.612280    50.121617    23.916943
v    23.105151    50.012952    25.829954
v    22.955867    52.546126    21.517962
v    22.951469    52.544919    21.523050
v    22.861519    51.335984    23.691680
v    18.517704    50.281853    26.533254
v    18.517704    53.100832    21.523050
v    17.416485    53.668646    20.268407
v    17.360687    53.691673    20.215024
v    15.815324    53.562569    20.100236
v     3.484677    52.016430    20.100236
v     1.431351    51.828165    19.898431
v     1.380210    51.842136    19.838924
v    -5.338784    50.110836    18.236815
v   -24.076145    42.719158    18.236815
v   -36.454656    39.235516    14.594661
v   -36.460521    39.236033    14.587330
v   -45.041816    32.964891    14.587244
v   -46.321641    31.285768    15.730462
v   -46.389944    30.823168    16.364683
v   -46.182447    30.625589    16.901192
v   -52.095859    23.741183    16.364683
v   -53.282629    22.849531    15.388946
v   -53.728843    22.277664    15.196110
v   -54.223611    21.776772    14.736356
v   -56.426997    16.710856    14.736356
v   -56.606983    16.512932    14.503417
v   -57.329342    15.291579    13.681363
v   -57.475177    13.849879    13.830129
v   -58.427628     6.959350    13.830129
v   -58.655479     4.487149    14.022965
v   -58.653581     4.482923    14.027278
v   -58.254283     0.149974    13.689297
v   -56.540318   -12.248890    13.689297
v   -55.945596   -18.130220    13.082242
v   -54.551674   -20.487116    14.668570
v   -53.819224   -23.065480    14.022965
v   -49.266963   -33.532447    14.022965
v   -48.603593   -35.670203    13.362528
v   -45.109515   -40.147779    14.872876
v   -45.014046   -40.338804    14.787238
v   -40.262480   -46.236348    14.787238
v   -40.194522   -46.245403    14.875981
v   -40.183914   -46.235313    14.903492
v   -35.424846   -46.769407    19.427207
v   -35.476246   -49.693514    14.875981
v   -35.019942   -49.652204    15.451816
v   -34.862206   -49.318708    16.141490
v   -27.620156   -52.571395    15.451816
v   -27.443016   -52.717574    15.253201
v   -27.345649   -52.769837    15.190763
v   -22.827022   -53.184227    15.634907
v    -5.677369   -55.334488    15.634907
v    -1.369775   -55.694547    15.954949
v    -1.091991   -55.809162    15.689239
v     1.159000   -55.621069    15.522016
v    11.421747   -54.334259    15.522016
v    13.772347   -54.118655    15.290975
v    15.633613   -53.120236    16.484041
v    16.505774   -52.400464    17.461934
v    22.714563   -49.951117    17.461934
v    24.079250   -48.728212    18.654914
v    25.992605   -47.373960    19.269558
v    26.563525   -46.684718    19.864538
v    33.654479   -41.502720    19.864538
v    34.405643   -41.132140    19.474381
v    36.386008   -39.246037    19.474381
v    39.612823   -37.015313    17.382247
v    43.372783   -32.348609    17.382247
v    47.000276   -29.623117    14.399927
v    50.372148   -25.302242    12.942445
v    56.026318   -12.393086    12.876470
v    55.518183   -12.358848    13.744664
v    50.691242   -24.979267    12.645946
v    55.764834   -13.313801    12.645946
v    56.165081   -12.183950    12.690619
v    57.032240    -5.910911    12.690619
v    59.285732    -0.591531     4.192548
v    58.358376    -0.564537     6.949001
v    57.527094    -5.910911    11.314721
v    57.765034    -5.976196    10.628239
v    59.922712    -5.976196     4.192548
v    59.384306     2.629764     0.340482
v    58.545952     5.446155    -0.249756
v    53.425962    19.381585    -0.249756
v    52.258510    22.915334    -1.165296
v    44.709958    35.458480     4.022652
v    42.519681    38.133262     6.567899
v    35.412427    48.905783     6.567899
v    33.174113    50.336272    10.188493
v    32.024082    49.559235    14.838552
v    30.185412    50.203546    17.587502
v    31.960436    51.492168    10.188493
v    30.147552    52.157176    12.824811
v    29.675465    51.523473    15.515462
v    27.000338    52.090598    18.550993
v    28.262225    53.285475    12.824811
v    26.775075    53.518500    14.753777
v    26.602678    52.960258    16.696195
v    23.226752    53.111008    19.769672
v    22.761737    54.855934    14.753777
v    22.775536    54.424381    16.100697
v    22.734744    54.869560    14.720401
v    17.360687    55.446171    14.720401
v    16.246618    55.707052    13.529232
v    14.294799    56.078839    11.708845
v    11.836742    55.864270    11.554904
v     4.827199    55.112071    11.554904
v     2.422871    54.877063    11.360861
v    -7.429970    55.150708     0.139453
v   -14.793793    53.162581    -1.330276
v   -26.831391    49.150968    -1.330276
v   -28.027734    48.792462    -1.625481
v   -31.001688    47.169223    -0.454062
v   -34.953104    44.234336     3.127033
v   -36.938127    39.893970    12.384721
v   -37.831417    42.511833     3.127033
v   -41.291515    39.539517     5.775167
v   -41.762480    38.871231     6.910192
v   -43.515167    36.916480     8.384147
v   -49.748622    30.979783     8.384147
v   -50.741004    29.737128     9.123409
v   -51.045781    29.389747     9.071319
v   -52.229447    27.355136    10.020494
v   -55.234362    22.800632    10.020494
v   -56.200526    20.956788    10.720603
v   -56.394052    20.635193    10.587619
v   -56.405781    20.599661    10.596847
v   -58.488774    14.930313    10.596847
v   -58.545348    14.821131    10.481369
v   -59.226139    13.064132     9.263897
v   -59.287802    12.492005     9.312365
v   -60.184887     4.909733     9.312365
v   -60.225506     4.487149     9.340221
v   -61.025656     0.677428     5.609410
v   -61.033590     0.608607     5.561460
v   -60.720619    -2.642528     5.347667
v   -59.842508   -10.065426     5.347667
v   -59.574124   -12.555565     5.136634
v   -57.615750   -17.609839     8.638991
v   -57.548223   -17.836740     8.591471
v   -53.539456   -28.747420     8.591471
v   -53.464771   -28.973545     8.532827
v   -49.711193   -35.210794    11.112657
v   -48.757879   -37.030060    10.421862
v   -44.157753   -44.002519    10.421862
v   -43.332335   -45.421365     9.760045
v   -40.462647   -46.426942    14.050304
v   -43.212632   -45.717173     9.308311
v   -42.902766   -46.105347     9.077443
v   -39.512179   -49.334404     9.077443
v   -39.398340   -49.181670     9.726065
v   -35.677275   -49.970521    13.948625
v   -39.047595   -49.993807     7.957596
v   -34.638323   -52.632367     7.957596
v   -34.566483   -52.399429     8.767922
v   -34.123892   -53.077891     7.092852
v   -26.349818   -55.668674     7.092852
v   -25.094399   -56.258998     5.828895
v   -23.684953   -56.754370     4.898694
v   -18.995999   -57.212657     5.277208
v    -9.333580   -58.249540     5.277208
v    -4.090869   -58.707224     5.605530
v    -1.091991   -58.135959     8.402430
v     9.947534   -56.860360     8.687286
v    -0.979359   -58.126128     8.395358
v     9.586527   -56.992310     8.395358
v    11.929451   -56.163787     9.995312
v    13.289567   -55.524220    11.364655
v    18.742449   -53.707024    11.364655
v    20.091526   -52.921104    12.425513
v    20.978952   -52.436772    12.775050
v    21.885868   -51.763139    13.596932
v    30.472769   -46.624607    13.596932
v    30.782548   -46.358466    13.834010
v    33.098824   -44.514621    14.164660
v    33.142635   -44.482884    14.139823
v    41.781626   -36.255266    14.139823
v    44.978946   -33.654996    11.843727
v    46.449537   -31.979236    11.592592
v    48.980641   -29.306783     9.445004
v    52.266962   -24.325642     9.445004
v    54.333741   -21.801696     7.043263
v    55.437202   -19.968114     6.284941
v    58.611582   -11.421575     6.181709
v    56.800164   -17.845709     4.532598
v    59.166460   -11.405448     4.532598
v    59.323851   -11.120505     4.163657
v    59.929439    -6.001982     4.163657
v    60.103733    -6.001982     2.764042
v    60.166086    -6.039928     2.227189
v    60.903365    -6.039928    -4.545448
v    60.903365    -4.820128    -5.704276
v    60.203515     1.946386    -5.704276
v    60.103733     1.984591    -4.823232
v    59.859842     3.539095    -7.348385
v    59.272278     6.098314    -9.635167
v    56.827675    13.773382    -9.635167
v    55.384595    18.035441   -10.494823
v    54.384451    20.757656   -10.494823
v    53.251668    23.106014   -12.383686
v    45.382556    37.127168   -12.383686
v    42.908631    41.266505   -10.846343
v    41.303244    43.542075    -7.499826
v    39.559957    45.767797    -5.855889
v    35.576976    49.049461     5.016845
v    38.529284    46.963795    -5.855889
v    35.012266    50.313418     0.080463
v    34.849701    50.158528     2.866670
v    32.196134    51.736835     7.766140
v    34.633062    50.609830     0.080463
v    31.850478    52.390287     3.977720
v    31.779846    52.195123     6.452508
v    28.420219    53.479346    11.013307
v    30.444309    53.106092     3.977720
v    30.148069    53.235713     4.204708
v    27.775564    54.184285     6.980220
v    27.784360    54.047592     8.394841
v    22.811154    54.978397    13.733108
v    23.658564    55.373642     6.980220
v    22.099402    55.698342     8.307133
v    22.018421    55.707052     8.307133
v    20.455810    55.863408     8.212181
v    14.294799    56.441313     8.212181
v     4.778473    56.441313    -0.397832
v    -1.374173    55.864270    -0.397832
v    -7.312164    55.269807    -0.758581
v    -9.090206    54.921822    -2.506611
v   -14.886589    53.714785    -7.439457
v   -20.485132    52.097325    -7.439457
v   -21.801179    51.693197    -7.692231
v   -24.418352    50.821036    -7.692231
v   -27.042683    49.672816    -5.681940
v   -30.195071    48.068119    -5.681940
v   -32.862954    46.621848    -4.738284
v   -33.500106    46.214097    -3.845857
v   -36.230256    44.274611    -1.925516
v   -40.417370    41.001916    -1.925516
v   -44.257535    37.775446     0.298741
v   -44.408458    37.631681     0.298741
v   -47.757563    34.016176     2.497556
v   -50.295652    31.070768     2.497556
v   -52.643061    28.073701     4.711032
v   -52.827791    27.793847     4.711032
v   -53.852944    26.078588     5.348098
v   -56.895202    20.657961     5.348098
v   -57.397214    19.617025     6.185332
v   -57.758825    18.632836     6.185332
v   -58.304562    17.021067     5.860201
v   -59.700382    12.638874     5.860201
v   -60.184887    10.528630     3.974529
v   -60.231026    10.314750     3.753751
v   -61.424782    -1.457827     0.004485
v   -60.757444    -7.911198     0.004485
v   -60.720619    -8.244522     0.025700
v   -60.557968    -9.619298     0.025700
v   -59.964195   -12.205769     2.336974
v   -57.708719   -19.287065     2.336974
v   -56.531521   -22.763807     3.038204
v   -55.434787   -25.748800     3.038204
v   -54.276908   -28.149248     4.968981
v   -47.145679   -40.855564     4.968981
v   -46.706106   -41.591118     4.695767
v   -44.902363   -44.325062     4.695767
v   -43.629955   -45.949508     3.495975
v   -41.082552   -48.905783     3.495975
v   -41.072634   -48.896296     3.666560
v   -39.113053   -50.061765     7.284653
v   -39.874997   -50.055814     1.457741
v   -37.463165   -51.940883     1.457741
v   -37.446866   -51.895951     2.027194
v   -34.178741   -53.145246     6.463806
v   -35.893827   -52.945079    -0.740298
v   -32.429331   -54.708720    -0.740298
v   -31.720339   -55.018930    -1.283447
v   -30.641543   -55.450225    -2.545506
v   -23.493497   -57.515279    -2.545506
v   -22.787265   -57.662321    -1.944402
v   -20.922808   -57.862401    -1.944402
v   -17.055650   -58.249540    -1.709480
v    -8.345942   -59.066506    -1.709480
v    -4.090869   -59.066506     2.140343
v     2.648306   -58.434355     2.140343
v     5.727303   -58.126128     2.327401
v     6.725376   -58.019016     2.327401
v     9.050018   -57.534942     4.305783
v    16.322079   -55.341646     5.280226
v    14.962826   -55.826755     4.305783
v    15.592562   -55.633315     4.426694
v    17.480304   -54.834977     6.167393
v    25.474466   -50.765496     6.167393
v    25.769498   -50.605518     6.271746
v    28.151318   -49.180204     6.271746
v    29.405443   -48.289242     5.389581
v    37.881696   -41.664165     5.389581
v    39.085628   -40.652637     4.692318
v    41.702715   -38.160170     4.692318
v    42.804796   -36.970553     5.415798
v    50.456665   -28.090690     5.415798
v    52.595197   -25.360282     3.399211
v    53.256325   -24.358241     3.399211
v    56.128773   -19.552171     1.614183
v    57.465259   -17.170783     1.614183
v    58.618050   -14.780856    -0.308055
v    59.367575   -11.148361     3.786091
v    59.569294   -12.622661    -2.959121
v    60.280960   -10.388315    -2.959121
v    60.166086   -10.432298    -1.945524
v    60.612559    -8.851490    -4.545448
v    60.393074    -4.820128   -10.391333
v    60.135470    -4.663340   -12.609035
v    59.859842    -3.351089   -13.894034
v    59.415698    -1.630224   -15.826190
v    58.409776     6.871815   -15.826190
v    57.887239     8.168457   -16.927323
v    57.043193    10.346660   -18.436723
v    56.808357    11.135770   -18.271311
v    52.189776    23.706255   -18.271311
v    51.952439    24.424647   -18.085202
v    48.955372    29.404839   -20.144996
v    47.328770    32.509018   -18.966332
v    43.912914    37.686445   -18.966332
v    42.787202    39.621533   -18.063728
v    41.728587    42.238706   -14.067466
v    41.085915    43.043599   -13.588653
v    38.520659    46.955516    -6.004483
v    39.173767    44.864676   -13.588653
v    39.043111    45.010424   -13.478781
v    37.060590    47.823969    -8.700308
v    36.997633    47.878042    -8.652099
v    34.599773    50.517810    -1.085954
v    34.884111    49.142775    -8.652099
v    32.368703    51.321323    -4.424106
v    32.399405    51.358924    -4.073017
v    29.374310    52.319224    -4.424106
v    25.625647    54.082175    -0.649744
v    24.567895    54.453876     0.048295
v    23.457017    54.562454    -0.041396
v    11.333436    55.863408    -0.041396
v     4.778473    56.435707    -0.451992
v    -3.168946    54.921822    -7.863938
v    -5.487810    54.378932   -10.343383
v   -15.267604    53.329458   -10.343383
v   -16.977343    52.728527   -11.472026
v   -18.577383    52.296543   -11.152674
v   -15.269415    53.328768   -10.344849
v   -22.792612    50.891840   -11.152674
v   -25.052659    50.214585   -10.594949
v   -25.106387    50.206133   -10.525266
v   -27.179548    49.220823    -9.775568
v   -31.660143    46.539487    -9.775568
v   -33.768404    45.427057    -8.838985
v   -34.038168    45.328052    -8.446586
v   -38.145940    42.352890    -6.119443
v   -40.869104    39.759433    -6.119443
v   -45.463365    36.022931    -2.820099
v   -47.117392    34.138294    -2.537658
v   -49.052739    32.094886    -0.895532
v   -53.832074    24.850681    -0.895532
v   -54.318390    24.256908    -0.330478
v   -55.839346    21.729512     0.714856
v   -56.872176    18.603428    -0.095124
v   -59.394914    11.737219    -0.095124
v   -60.230853     8.928676    -0.683637
v   -60.474486     8.710226     1.064911
v   -60.179971     5.687976    -4.171332
v   -60.740714     0.947967    -4.171332
v   -60.740714     5.942217     0.573161
v   -60.142370     6.036910    -4.141751
v   -60.963303    -1.364687    -4.323376
v   -61.421073    -1.364687    -0.118755
v   -60.942001    -1.466020    -4.422640
v   -60.757444    -3.383860    -4.296555
v   -60.129261    -8.693668    -4.296555
v   -59.972991   -10.143906    -4.173575
v   -59.556099   -11.219856    -4.919219
v   -58.960343   -13.221178    -4.499740
v   -55.629952   -22.285684    -4.499740
v   -54.007058   -27.197831    -3.226987
v   -51.427487   -31.484210    -4.999941
v   -49.066969   -35.989038    -3.289512
v   -41.169052   -47.959972    -3.289512
v   -41.179142   -47.968855    -3.194301
v   -39.835412   -50.018041     0.778589
v   -36.874394   -51.779180    -4.688523
v   -40.384857   -48.461208    -4.557953
v   -39.878102   -48.873356    -4.921893
v   -36.851713   -51.755636    -4.921893
v   -35.871491   -52.883330    -1.523802
v   -31.675062   -54.487424    -7.220575
v   -35.023133   -52.426423    -7.580979
v   -31.643584   -54.448787    -7.580979
v   -30.644217   -55.408656    -2.975593
v   -24.590835   -56.541612    -9.473378
v   -30.006547   -54.705356    -9.704419
v   -24.819634   -56.433896    -9.704419
v   -24.594026   -56.539973    -9.477345
v   -24.379974   -56.618712    -9.302878
v   -13.644106   -57.862401    -8.529895
v   -14.366897   -57.693195    -9.302878
v    -8.345942   -58.871686    -3.588684
v    -3.337118   -58.434355    -3.275024
v     1.532599   -57.911818    -3.275024
v     7.398233   -57.338570    -2.801557
v     8.068761   -57.117015    -3.094434
v     7.894640   -57.164017    -3.129189
v    17.418986   -54.001021    -3.094434
v    17.884518   -53.729878    -3.460443
v    18.562980   -53.407420    -3.215172
v    31.925594   -45.411016    -3.215172
v    32.106874   -45.315288    -3.134622
v    34.650052   -43.290853    -3.497613
v    35.451063   -42.397563    -4.171160
v    44.700644   -33.588418    -4.171160
v    46.165112   -31.754405    -5.262116
v    49.639699   -27.795399    -4.668774
v    52.275586   -23.264440    -6.782382
v    58.611237   -13.661441    -6.782382
v    58.829169   -13.245670    -6.940290
v    59.435275   -12.630509    -4.280514
v    59.156887   -11.348787    -9.523743
v    60.000330    -9.053123    -9.523743
v    60.153322    -9.150575    -8.202694
v    60.393074    -8.935575    -6.481744
v    59.921332    -6.473120   -12.609035
v    58.733182    -1.630224   -17.861750
v    58.276447    -1.504829   -19.179780
v    56.865449     1.596504   -22.293791
v    55.988631     3.138676   -24.138843
v    54.899917    11.014515   -24.138843
v    54.636880    11.411226   -24.491312
v    53.383618    13.530267   -25.917489
v    52.545608    16.480160   -25.178916
v    48.449393    25.898516   -25.178916
v    47.125930    30.163679   -23.861231
v    46.010050    31.593650   -24.343580
v    44.745231    34.125617   -23.209159
v    41.640966    37.978459   -23.209159
v    41.387243    38.445026   -22.954660
v    41.127828    40.202974   -20.544467
v    40.817445    40.610206   -20.267200
v    36.950632    43.436084   -20.267200
v    36.766161    43.658760   -20.074968
v    35.945659    45.340039   -17.708930
v    36.151345    45.623429   -16.760187
v    34.746125    48.695957   -10.206776
v    29.983520    47.692019   -17.708930
v    30.554698    48.883188   -14.022707
v    27.413177    46.989668   -20.700046
v    22.358731    47.453216   -21.196884
v     0.110303    50.242872   -21.196884
v    -1.348128    50.690466   -20.424160
v    -1.917754    50.984205   -19.775106
v    -5.487810    52.457383   -16.361233
v    -7.749236    52.268342   -16.193235
v   -12.748401    51.641538   -16.193235
v   -16.270593    51.318477   -15.847061
v   -17.359479    51.616011   -14.579914
v   -19.620216    51.033535   -14.040817
v   -23.843034    49.367693   -14.040817
v   -25.675840    48.851882   -13.501549
v   -26.754377    48.088472   -13.847981
v   -28.865140    47.132053   -12.947274
v   -32.900469    44.183108   -12.947274
v   -34.566570    43.361140   -12.082013
v   -34.895495    43.047824   -12.082013
v   -38.401301    40.624178    -9.808944
v   -45.507003    31.804770    -9.808944
v   -48.122020    29.840101    -7.659028
v   -51.146080    25.964922    -6.351864
v   -52.541900    21.466130    -7.741733
v   -57.266041    10.604263    -7.741733
v   -58.410121     6.576610    -8.750156
v   -58.179684     5.811647    -9.684928
v   -59.052966    -0.505807    -9.684928
v   -59.181811    -0.732277    -9.413957
v   -59.515566    -1.466020    -8.677282
v   -59.325748    -3.525642    -8.516614
v   -58.267564   -11.180357    -8.516614
v   -58.221597   -11.635713    -8.469612
v   -55.958187   -15.619297   -10.872388
v   -56.043825   -15.317883   -10.947850
v   -48.619375   -32.649075   -10.704131
v   -48.788408   -32.104459   -10.872388
v   -41.915041   -41.914265   -12.358589
v   -42.850590   -40.041530   -13.197720
v   -35.584134   -50.378013   -11.341456
v   -35.307902   -50.114890   -12.358589
v   -34.871434   -52.222806    -8.445551
v   -30.488551   -53.151973   -13.419102
v   -34.051708   -50.283061   -13.998818
v   -30.362897   -52.978800   -13.998818
v   -29.914441   -54.407305   -10.741646
v   -25.447300   -54.606782   -14.808626
v   -29.154480   -52.869446   -15.523827
v   -25.336480   -54.375655   -15.523827
v   -18.465096   -55.675746   -14.243744
v   -25.277921   -54.359700   -15.591958
v   -19.648417   -55.065501   -15.591958
v   -14.366897   -57.366857   -10.324668
v    -6.810497   -56.735310    -9.763408
v     2.736962   -55.538191    -9.763408
v     8.639163   -54.996853    -9.183261
v    10.599261   -53.945395   -10.439714
v    17.851056   -53.621472    -3.837577
v    12.601618   -52.292834   -12.684669
v    19.748026   -49.473598   -12.684669
v    21.140051   -48.226286   -13.901537
v    21.572294   -47.920301   -14.040386
v    22.876352   -47.329460   -13.483956
v    37.299565   -36.789101   -13.483956
v    37.692740   -36.595144   -13.279736
v    40.802266   -33.633695   -13.279736
v    42.183339   -31.094484   -14.664430
v    53.821811   -16.649194   -14.664430
v    55.045493   -14.199588   -15.762027
v    56.540577   -12.283818   -15.115819
v    58.940593   -11.288245   -10.240496
v    56.864759   -11.239001   -15.438621
v    58.934211    -6.480623   -15.438621
v    59.172238    -6.584113   -14.737218
v    59.488055    -6.485711   -13.896880
v    58.011858    -3.418875   -19.179780
v    55.803125     3.138676   -24.452848
v    55.571653     3.189644   -24.832742
v    53.297635     6.405765   -27.929332
v    52.938439     6.792386   -28.396330
v    51.773143    13.799255   -28.396330
v    51.741665    13.831768   -28.425049
v    49.274466    16.943622   -30.273809
v    48.214471    20.982401   -29.117569
v    43.517582    29.761707   -29.117569
v    42.823510    32.231579   -28.255067
v    42.600144    32.468657   -28.302413
v    42.222924    33.275102   -27.903546
v    37.272830    37.989411   -27.903546
v    37.967506    38.828801   -26.205363
v    37.157956    37.958364   -28.028855
v    27.730718    42.533135   -28.028855
v    28.095692    43.283005   -26.690817
v    27.390409    42.360134   -28.401764
v    26.978174    42.393682   -28.449283
v    13.096903    44.487541   -28.449283
v    12.062350    44.954539   -27.932351
v     3.256395    48.225165   -24.081923
v    -7.012561    50.249599   -19.945433
v   -10.431522    49.733875   -19.945433
v   -15.151954    49.349323   -19.400903
v   -16.506378    50.037876   -17.916686
v   -20.018307    49.201937   -16.959146
v   -23.451929    47.535749   -16.959146
v   -27.080457    46.610895   -15.752454
v   -29.471073    44.567918   -16.207206
v   -35.617854    37.209443   -17.909269
v   -30.889143    41.713064   -17.909269
v   -37.385375    33.430682   -19.778297
v   -37.154852    24.573673   -26.609491
v   -43.891181    11.982404   -26.609491
v   -47.143350     9.759700   -23.773437
v   -51.871199     7.428159   -18.988669
v   -35.986106    28.732931   -25.157183
v   -52.805454     6.461305   -18.135912
v   -57.122794     5.740325   -11.490654
v   -53.459942     2.525757   -18.135912
v   -55.636075     0.183522   -15.307447
v   -56.123426    -0.505807   -14.643732
v   -55.950598    -2.520237   -14.464953
v   -53.758855   -15.699502   -14.464953
v   -48.326326   -22.434192   -18.620072
v   -51.419811   -18.120044   -16.599864
v   -48.488201   -21.817565   -18.796523
v   -38.433297   -40.925851   -18.619986
v   -34.460406   -43.585541   -21.298304
v   -33.675953   -49.925158   -14.970760
v   -29.093421   -50.439503   -19.326822
v   -33.679403   -43.622797   -22.097677
v   -28.221432   -48.820921   -22.097677
v   -28.193490   -49.352083   -21.526844
v   -28.747161   -52.008237   -17.304802
v   -25.532593   -51.868957   -19.757599
v   -25.050071   -50.877438   -21.526844
v   -25.219277   -53.570848   -17.007010
v   -19.648417   -52.219012   -20.651148
v   -24.962191   -50.832765   -21.623176
v   -19.511465   -51.654906   -21.623176
v   -19.434624   -51.605575   -21.693722
v   -14.917032   -51.253968   -21.311844
v    13.392367   -47.998263   -19.625390
v     0.351952   -48.950801   -21.311844
v    13.206344   -47.903742   -19.829265
v    13.775452   -47.907106   -19.520952
v    22.510774   -43.668160   -19.520952
v    24.311153   -41.228817   -21.247680
v    27.705622   -38.328082   -21.893371
v    29.186907   -37.699553   -21.195591
v    41.458047   -26.012786   -21.195591
v    42.892072   -25.366750   -20.381298
v    53.033908   -14.602336   -18.231295
v    54.223956   -10.367530   -19.709993
v    56.610001    -5.907634   -19.709993
v    57.258624    -3.436209   -20.417519
v    57.549258    -3.387655   -19.970098
v    55.107932     0.401023   -24.832742
v    52.354928     6.792386   -29.039606
v    52.070245     6.853704   -29.342228
v    50.243217     8.796899   -31.000136
v    50.201563     9.327457   -30.948822
v    48.597469    17.007700   -30.948822
v    48.324342    17.214335   -31.119580
v    43.001599    22.726120   -33.612997
v    42.900438    23.150342   -33.480875
v    36.759175    31.903603   -33.480961
v    36.660084    32.293501   -33.336075
v    37.196765    32.804654   -32.592759
v    36.872583    37.533107   -28.650571
v    36.258543    32.386124   -33.478115
v    29.192168    36.882846   -33.478115
v    27.933386    37.155283   -33.851282
v    27.906478    37.137000   -33.876378
v    19.527765    38.724276   -33.876378
v    19.247049    39.009045   -33.628951
v    18.599202    39.795137   -32.920391
v    -3.918989    47.714097   -23.420537
v    -5.303253    47.451923   -23.420537
v   -14.024949    46.863669   -22.284045
v   -15.319176    47.746179   -21.079423
v   -18.304773    47.099971   -20.194326
v   -31.077063    38.972220   -20.194326
v   -35.829922    28.742590   -25.281199
v   -33.205505    20.649250   -32.174315
v   -36.367811    16.141921   -32.174229
v   -37.119234    12.993155   -33.154450
v   -37.678079    12.570312   -32.804999
v   -41.076687     2.463749   -31.495076
v   -44.381895     2.463749   -28.132776
v   -44.669942     2.525757   -27.826532
v   -39.550729     3.604466   -32.804999
v   -35.753685   -23.022532   -31.495076
v   -32.820523   -25.313453   -33.288470
v   -31.753973   -29.783009   -31.897134
v   -33.007667   -43.213926   -23.032967
v   -33.078040   -25.046880   -33.167818
v   -25.821933   -39.226805   -31.321299
v   -27.046132   -43.002203   -28.105783
v   -27.620243   -43.548974   -27.310722
v   -26.216057   -37.676354   -31.897134
v   -27.347978   -47.519277   -24.000598
v   -24.990565   -47.319628   -25.482400
v   -24.313654   -44.741005   -28.105783
v   -24.094170   -45.711223   -27.381785
v   -24.761852   -49.512579   -23.186305
v   -19.434624   -47.860449   -26.028999
v   -19.147008   -46.648410   -27.381785
v   -17.893832   -45.579618   -28.400125
v   -11.895558   -45.152464   -27.847317
v    -0.145662   -42.926569   -27.847317
v    13.823747   -41.984466   -26.026930
v    14.197001   -41.657610   -26.187684
v    18.464751   -40.733791   -24.922434
v    24.046651   -37.181673   -24.922434
v    27.844212   -36.305976   -23.579135
v    38.456065   -26.199499   -23.579135
v    40.203232   -19.326994   -26.131713
v    53.315659    -0.637325   -26.131713
v    53.561534     0.393089   -26.452445
v    54.512175     0.483039   -25.504478
v    51.338485     3.350226   -29.342228
v    47.851566     8.796899   -32.776022
v    46.130012     9.208185   -33.990562
v    45.500880     9.767634   -34.370888
v    44.514707    10.311042   -34.921713
v    40.999328    22.805721   -34.921713
v    39.009132    23.925050   -35.731952
v    36.275101    26.472022   -36.368760
v    36.004562    26.535582   -36.463884
v    30.362034    31.909467   -36.463884
v    28.547771    32.300486   -37.002894
v    28.436002    32.409237   -36.976245
v    28.082670    32.979207   -36.732613
v    27.901304    37.115698   -33.893713
v    21.073817    34.767771   -36.732613
v    20.561025    34.801923   -36.781771
v    19.730001    33.433787   -37.584162
v   -13.452995    24.965813   -37.584162
v   -14.988440    24.884832   -37.368386
v   -19.898172    20.104548   -38.537563
v   -21.697603    19.716634   -38.002865
v   -33.202918    20.646749   -32.177161
v   -30.323312    11.501779   -38.002865
v   -32.512554    12.900531   -36.295627
v   -36.063551    12.759354   -33.974521
v   -30.087269    10.051541   -38.428640
v   -31.944654     3.449663   -38.428640
v   -32.592500     3.604466   -37.971646
v   -30.025002    11.121368   -38.270818
v   -27.273120    -0.704766   -41.253051
v   -25.710078    -3.370407   -42.000248
v   -25.572005    -5.249869   -41.811293
v   -22.945518   -21.397913   -40.544318
v   -26.221749   -25.575886   -37.601583
v   -23.205450   -13.661268   -41.811293
v   -22.800632   -20.621998   -40.784414
v   -25.433329   -28.893686   -36.566598
v   -23.335330   -37.907223   -33.128578
v   -24.170838   -39.093303   -32.157325
v   -23.213988   -31.007380   -36.566598
v   -23.013477   -31.781140   -36.280966
v   -23.982659   -43.385374   -29.211572
v   -18.502439   -41.500737   -31.490419
v   -20.198983   -38.707545   -33.128578
v   -17.893832   -42.121417   -31.096295
v    -4.987436   -41.261503   -29.860626
v     0.485799   -39.864734   -29.860626
v    14.307563   -39.135648   -27.918466
v    16.792872   -36.715882   -28.510342
v    17.199674   -36.628174   -28.389431
v    39.824718   -15.080460   -28.389431
v    44.192940     3.300810   -34.123547
v    44.519623     3.484504   -33.990562
v    49.786309     3.693985   -30.548058
v    37.935338    10.311042   -38.103509
v    34.344153    11.389752   -39.693545
v    30.557630    11.389752   -41.176210
v    25.874799    22.156753   -41.176210
v    27.147897    25.158218   -40.166494
v    28.332167    26.286172   -39.510713
v    19.324062    28.244631   -40.166494
v    19.730001    29.470555   -39.596609
v    14.047544    22.399695   -42.450774
v    -2.336715    21.213529   -40.929990
v   -18.168425    14.968087   -40.929990
v   -19.711114    14.886761   -40.713179
v   -23.874771    10.921460   -40.713179
v   -23.986454     8.999825   -40.996741
v   -27.063208     1.925602   -40.996741
v   -22.163825    -6.274160   -43.320175
v   -21.862324   -10.052059   -42.951924
v   -20.317306   -13.604435   -42.951924
v   -20.257886   -14.627088   -42.801087
v   -22.875404   -21.562635   -40.504819
v   -20.810091   -31.037392   -36.944164
v   -20.810091   -22.377445   -40.504819
v   -20.198983   -32.882617   -36.086405
v   -16.965097   -13.752081   -43.427546
v   -15.943910   -12.506580   -43.773978
v    13.520091    -0.883372   -43.773978
v    15.504768    -0.778761   -43.495159
v    19.471708     2.999309   -43.495159
v    25.557948     5.348357   -42.105118
v    39.956409     4.880238   -36.387216
v    27.679318    10.225922   -42.105118
v    21.911137    10.225922   -43.688254
v    25.225573    21.538401   -41.428208
v    18.144191     8.507645   -44.516950
v    11.953340    14.403722   -44.516950
v    14.047544    18.567810   -43.555011
v     7.214107     9.465185   -45.401357
v     4.044557     9.064938   -45.156431
v   -10.382191    -4.674811   -45.156431
v   -18.675526    -6.655348   -44.232094
v   -19.511293    -6.274160   -44.048227
v   -18.548578    -7.567439   -44.158012
v   -15.107971   -10.844274   -44.158012
v    -9.187401    -4.674811   -45.262853
v     0.351089     0.392313   -45.638780
v     6.024491     1.108635   -45.200241
v    12.135310     6.928561   -45.200241
v    17.915996     8.309030   -44.555931
v     7.214107     6.928561   -45.638780
f      1      2      3
f      1      3      4
f      1      4      5
f      1      5      6
f      4      7      8
f      4      8      9
f      4      9     10
f      4     10      5
f     11     10      9
f     11      9     12
f     11     12     13
f      6      5     10
f      6     10     11
f     14     15     16
f     14     16     17
f     14     17     18
f     19      2      1
f     19      1     16
f     19     16     15
f     20     21      3
f     20      3      2
f     20      2     19
f     20     19     22
f     23     24      7
f     23      7      4
f     23      4      3
f     23      3     21
f     25     26      8
f     25      8      7
f     25      7     24
f      9      8     26
f      9     26     27
f      9     27     28
f      9     28     12
f     13     12     28
f     13     28     29
f     13     29     30
f     13     30     31
f     13     31     32
f     32     31     33
f     32     33     34
f     32     34     35
f     33     36     37
f     33     37     34
f     35     34     37
f     35     37     38
f     35     38     39
f     35     39     40
f     17     16      1
f     17      1      6
f     17      6     11
f     17     11     13
f     17     13     32
f     17     32     35
f     17     35     40
f     17     40     41
f     17     41     42
f     17     42     43
f     17     43     44
f     17     44     45
f     46     44     43
f     46     43     47
f     46     47     48
f     46     48     49
f     50     45     44
f     50     44     46
f     50     46     51
f     52     18     17
f     52     17     45
f     52     45     50
f     53     54     14
f     53     14     18
f     53     18     52
f     53     52     55
f     56     22     19
f     56     19     15
f     56     15     14
f     56     14     54
f     57     58     20
f     57     20     22
f     57     22     56
f     59     60     23
f     59     23     21
f     59     21     20
f     59     20     58
f     61     62     25
f     61     25     24
f     61     24     23
f     61     23     60
f     63     64     27
f     63     27     26
f     63     26     25
f     63     25     62
f     28     27     64
f     28     64     65
f     28     65     29
f     29     65     66
f     29     66     67
f     29     67     68
f     29     68     69
f     29     69     30
f     68     70     71
f     68     71     72
f     68     72     73
f     68     73     69
f     30     69     73
f     30     73     74
f     30     74     75
f     30     75     76
f     30     76     77
f     30     77     36
f     30     36     33
f     30     33     31
f     76     78     79
f     76     79     77
f     37     36     77
f     37     77     79
f     37     79     80
f     37     80     81
f     37     81     38
f     80     82     83
f     80     83     81
f     38     81     83
f     38     83     84
f     38     84     85
f     38     85     86
f     38     86     39
f     40     39     86
f     40     86     87
f     40     87     88
f     40     88     89
f     40     89     41
f     42     41     89
f     42     89     90
f     42     90     91
f     47     43     42
f     47     42     91
f     47     91     92
f     47     92     93
f     94     48     47
f     94     47     93
f     94     93     95
f     94     95     96
f     97     49     48
f     97     48     94
f     98     51     46
f     98     46     49
f     98     49     97
f     98     97     99
f    100     55     52
f    100     52     50
f    100     50     51
f    100     51     98
f    100     98    101
f    102    103     53
f    102     53     55
f    102     55    100
f    104    105    106
f    104    106    103
f    104    103    102
f    106    107     57
f    106     57     56
f    106     56     54
f    106     54     53
f    106     53    103
f    108    109    110
f    108    110    111
f    108    111    107
f    108    107    106
f    108    106    105
f    111    112    113
f    111    113     59
f    111     59     58
f    111     58     57
f    111     57    107
f    113    114     61
f    113     61     60
f    113     60     59
f    115    116     63
f    115     63     62
f    115     62     61
f    115     61    114
f    117     66     65
f    117     65     64
f    117     64     63
f    117     63    116
f    118    119    120
f    118    120     67
f    118     67     66
f    118     66    117
f     67    120    121
f     67    121    122
f     67    122     70
f     67     70     68
f    122    123    124
f    122    124    125
f    122    125    126
f    122    126     71
f    122     71     70
f     71    126    127
f     71    127    128
f     71    128     72
f     73     72    128
f     73    128    129
f     73    129    130
f     73    130     74
f     74    130    131
f     74    131    132
f     74    132     75
f     75    132    133
f     75    133    134
f     75    134    135
f     75    135    136
f     75    136     78
f     75     78     76
f    135    137    138
f    135    138    139
f    135    139    136
f     79     78    136
f     79    136    139
f     79    139    140
f     79    140     82
f     79     82     80
f     83     82    140
f     83    140    141
f     83    141    142
f     83    142     84
f     84    142    143
f     84    143    144
f     84    144    145
f     84    145     85
f     86     85    145
f     86    145    146
f     86    146    147
f     86    147     87
f     88     87    147
f     88    147    148
f     88    148    149
f     88    149    150
f     90     89     88
f     90     88    150
f     90    150    151
f     90    151    152
f     92     91     90
f     92     90    152
f     92    152    153
f     92    153    154
f     95     93     92
f     95     92    154
f     95    154    155
f    156    157     96
f    156     96     95
f    156     95    155
f    156    155    158
f    156    158    159
f    160    157    156
f    160    156    161
f    160    161    162
f    163     99     97
f    163     97     94
f    163     94     96
f    163     96    157
f    163    157    160
f    164    101     98
f    164     98     99
f    164     99    163
f    164    163    165
f    166    167    104
f    166    104    102
f    166    102    100
f    166    100    101
f    166    101    164
f    168    169    170
f    168    170    167
f    168    167    166
f    170    171    108
f    170    108    105
f    170    105    104
f    170    104    167
f    172    173    174
f    172    174    175
f    172    175    171
f    172    171    170
f    172    170    169
f    175    176    109
f    175    109    108
f    175    108    171
f    174    177    178
f    174    178    179
f    174    179    176
f    174    176    175
f    179    180    181
f    179    181    110
f    179    110    109
f    179    109    176
f    110    181    182
f    110    182    112
f    110    112    111
f    182    183    184
f    182    184    115
f    182    115    114
f    182    114    113
f    182    113    112
f    184    185    118
f    184    118    117
f    184    117    116
f    184    116    115
f    186    187    188
f    186    188    119
f    186    119    118
f    186    118    185
f    188    189    190
f    188    190    121
f    188    121    120
f    188    120    119
f    121    190    191
f    121    191    192
f    121    192    123
f    121    123    122
f    192    193    194
f    192    194    195
f    192    195    124
f    192    124    123
f    124    195    196
f    124    196    197
f    124    197    198
f    124    198    125
f    125    198    199
f    125    199    200
f    125    200    127
f    125    127    126
f    128    127    200
f    128    200    201
f    128    201    202
f    128    202    129
f    129    202    203
f    129    203    204
f    129    204    131
f    129    131    130
f    131    204    205
f    131    205    206
f    131    206    207
f    131    207    133
f    131    133    132
f    133    207    208
f    133    208    209
f    133    209    134
f    134    209    210
f    134    210    137
f    134    137    135
f    210    211    212
f    210    212    213
f    210    213    138
f    210    138    137
f    139    138    213
f    139    213    214
f    139    214    141
f    139    141    140
f    141    214    215
f    141    215    216
f    141    216    143
f    141    143    142
f    144    143    216
f    144    216    217
f    144    217    218
f    144    218    219
f    146    145    144
f    146    144    219
f    146    219    220
f    146    220    221
f    146    221    222
f    223    148    147
f    223    147    146
f    223    146    222
f    223    222    224
f    149    148    223
f    149    223    225
f    151    150    149
f    151    149    225
f    151    225    226
f    151    226    227
f    153    152    151
f    153    151    227
f    153    227    228
f    153    228    229
f    155    154    153
f    155    153    229
f    155    229    230
f    155    230    231
f    155    231    158
f    159    158    231
f    159    231    232
f    159    232    233
f    234    161    156
f    234    156    159
f    234    159    233
f    234    233    235
f    234    235    236
f    237    238    234
f    237    234    236
f    237    236    239
f    237    239    240
f    237    240    241
f    242    162    161
f    242    161    234
f    242    234    238
f    243    165    163
f    243    163    160
f    243    160    162
f    243    162    242
f    244    245    246
f    244    246    168
f    244    168    166
f    244    166    164
f    244    164    165
f    244    165    243
f    247    248    249
f    247    249    246
f    247    246    245
f    246    249    250
f    246    250    172
f    246    172    169
f    246    169    168
f    251    252    253
f    251    253    254
f    251    254    250
f    251    250    249
f    251    249    248
f    250    254    255
f    250    255    173
f    250    173    172
f    253    256    257
f    253    257    258
f    253    258    255
f    253    255    254
f    255    258    259
f    255    259    177
f    255    177    174
f    255    174    173
f    257    260    259
f    257    259    258
f    259    260    261
f    259    261    262
f    259    262    263
f    259    263    264
f    259    264    178
f    259    178    177
f    178    264    265
f    178    265    180
f    178    180    179
f    265    266    267
f    265    267    268
f    265    268    183
f    265    183    182
f    265    182    181
f    265    181    180
f    268    269    186
f    268    186    185
f    268    185    184
f    268    184    183
f    270    271    272
f    270    272    273
f    270    273    274
f    270    274    187
f    270    187    186
f    270    186    269
f    274    189    188
f    274    188    187
f    273    275    191
f    273    191    190
f    273    190    189
f    273    189    274
f    276    277    193
f    276    193    192
f    276    192    191
f    276    191    275
f    278    279    194
f    278    194    193
f    278    193    277
f    194    279    280
f    194    280    281
f    194    281    282
f    194    282    196
f    194    196    195
f    196    282    283
f    196    283    284
f    196    284    285
f    196    285    197
f    197    285    286
f    197    286    287
f    197    287    199
f    197    199    198
f    200    199    287
f    200    287    288
f    200    288    289
f    200    289    201
f    201    289    290
f    201    290    291
f    201    291    203
f    201    203    202
f    203    291    292
f    203    292    293
f    203    293    205
f    203    205    204
f    205    293    294
f    205    294    295
f    205    295    296
f    205    296    297
f    205    297    206
f    206    297    298
f    206    298    208
f    206    208    207
f    296    299    300
f    296    300    301
f    296    301    298
f    296    298    297
f    208    298    301
f    208    301    211
f    208    211    210
f    208    210    209
f    301    300    302
f    301    302    212
f    301    212    211
f    213    212    302
f    213    302    303
f    213    303    304
f    213    304    305
f    213    305    215
f    213    215    214
f    216    215    305
f    216    305    306
f    216    306    307
f    216    307    217
f    217    307    308
f    217    308    309
f    217    309    310
f    217    310    218
f    219    218    310
f    219    310    311
f    219    311    312
f    219    312    313
f    219    313    220
f    221    220    313
f    221    313    314
f    221    314    315
f    224    222    221
f    224    221    315
f    224    315    316
f    224    316    317
f    226    225    223
f    226    223    224
f    226    224    317
f    226    317    318
f    228    227    226
f    228    226    318
f    228    318    319
f    228    319    320
f    230    229    228
f    230    228    320
f    230    320    321
f    230    321    322
f    232    231    230
f    232    230    322
f    232    322    323
f    232    323    324
f    325    326    235
f    325    235    233
f    325    233    232
f    325    232    324
f    325    324    327
f    325    327    328
f    236    235    326
f    236    326    239
f    239    326    325
f    239    325    329
f    239    329    330
f    239    330    240
f    331    332    333
f    331    333    334
f    331    334    335
f    241    240    330
f    241    330    333
f    241    333    332
f    336    337    338
f    336    338    237
f    336    237    241
f    336    241    332
f    336    332    331
f    338    339    340
f    338    340    341
f    338    341    244
f    338    244    243
f    338    243    242
f    338    242    238
f    338    238    237
f    341    342    343
f    341    343    344
f    341    344    247
f    341    247    245
f    341    245    244
f    344    345    251
f    344    251    248
f    344    248    247
f    343    346    347
f    343    347    348
f    343    348    345
f    343    345    344
f    348    349    252
f    348    252    251
f    348    251    345
f    347    350    351
f    347    351    352
f    347    352    349
f    347    349    348
f    352    353    256
f    352    256    253
f    352    253    252
f    352    252    349
f    351    354    355
f    351    355    353
f    351    353    352
f    355    261    260
f    355    260    257
f    355    257    256
f    355    256    353
f    356    357    262
f    356    262    261
f    356    261    355
f    356    355    354
f    358    359    360
f    358    360    361
f    358    361    263
f    358    263    262
f    358    262    357
f    263    361    362
f    263    362    266
f    263    266    265
f    263    265    264
f    362    363    364
f    362    364    365
f    362    365    267
f    362    267    266
f    267    365    366
f    267    366    367
f    267    367    368
f    267    368    369
f    267    369    270
f    267    270    269
f    267    269    268
f    368    370    371
f    368    371    372
f    368    372    369
f    369    372    373
f    369    373    271
f    369    271    270
f    373    374    375
f    373    375    272
f    373    272    271
f    272    375    376
f    272    376    377
f    272    377    276
f    272    276    275
f    272    275    273
f    377    378    379
f    377    379    278
f    377    278    277
f    377    277    276
f    379    380    381
f    379    381    280
f    379    280    279
f    379    279    278
f    381    382    281
f    381    281    280
f    281    382    383
f    281    383    384
f    281    384    385
f    281    385    283
f    281    283    282
f    283    385    386
f    283    386    387
f    283    387    284
f    284    387    388
f    284    388    389
f    284    389    390
f    284    390    391
f    284    391    286
f    284    286    285
f    287    286    391
f    287    391    392
f    287    392    393
f    287    393    288
f    288    393    394
f    288    394    395
f    288    395    290
f    288    290    289
f    290    395    396
f    290    396    397
f    290    397    292
f    290    292    291
f    292    397    398
f    292    398    399
f    292    399    294
f    292    294    293
f    294    399    400
f    294    400    401
f    294    401    295
f    400    402    403
f    400    403    404
f    400    404    405
f    400    405    401
f    295    401    405
f    295    405    406
f    295    406    299
f    295    299    296
f    405    404    407
f    405    407    408
f    405    408    409
f    405    409    406
f    302    300    299
f    302    299    406
f    302    406    409
f    302    409    303
f    303    409    408
f    303    408    410
f    303    410    411
f    303    411    304
f    305    304    411
f    305    411    412
f    305    412    413
f    305    413    414
f    305    414    306
f    306    414    415
f    306    415    416
f    306    416    417
f    306    417    308
f    306    308    307
f    418    309    308
f    418    308    417
f    418    417    419
f    418    419    420
f    310    309    418
f    310    418    421
f    310    421    422
f    310    422    311
f    312    311    422
f    312    422    423
f    312    423    424
f    314    313    312
f    314    312    424
f    314    424    425
f    314    425    426
f    316    315    314
f    316    314    426
f    316    426    427
f    316    427    428
f    318    317    316
f    318    316    428
f    318    428    429
f    318    429    319
f    320    319    429
f    320    429    430
f    320    430    431
f    320    431    321
f    322    321    431
f    322    431    432
f    322    432    433
f    322    433    323
f    324    323    433
f    324    433    434
f    324    434    435
f    324    435    327
f    328    327    435
f    328    435    436
f    328    436    437
f    438    329    325
f    438    325    328
f    438    328    437
f    438    437    439
f    438    439    440
f    333    330    329
f    333    329    438
f    333    438    334
f    335    334    438
f    335    438    440
f    335    440    441
f    335    441    442
f    443    444    445
f    443    445    446
f    443    446    447
f    443    447    448
f    331    335    442
f    331    442    443
f    331    443    448
f    331    448    336
f    448    447    449
f    448    449    450
f    448    450    451
f    448    451    337
f    448    337    336
f    337    451    452
f    337    452    453
f    337    453    339
f    337    339    338
f    453    454    455
f    453    455    456
f    453    456    457
f    453    457    340
f    453    340    339
f    340    457    458
f    340    458    459
f    340    459    342
f    340    342    341
f    458    460    461
f    458    461    462
f    458    462    459
f    459    462    463
f    459    463    346
f    459    346    343
f    459    343    342
f    461    464    465
f    461    465    466
f    461    466    463
f    461    463    462
f    463    466    467
f    463    467    350
f    463    350    347
f    463    347    346
f    465    468    469
f    465    469    470
f    465    470    471
f    465    471    467
f    465    467    466
f    467    471    472
f    467    472    356
f    467    356    354
f    467    354    351
f    467    351    350
f    470    473    474
f    470    474    472
f    470    472    471
f    472    474    475
f    472    475    358
f    472    358    357
f    472    357    356
f    475    476    477
f    475    477    359
f    475    359    358
f    477    478    479
f    477    479    360
f    477    360    359
f    360    479    480
f    360    480    363
f    360    363    362
f    360    362    361
f    480    481    482
f    480    482    483
f    480    483    364
f    480    364    363
f    364    483    484
f    364    484    485
f    364    485    486
f    364    486    366
f    364    366    365
f    366    486    487
f    366    487    488
f    366    488    489
f    366    489    367
f    367    489    490
f    367    490    370
f    367    370    368
f    490    491    492
f    490    492    371
f    490    371    370
f    371    492    493
f    371    493    494
f    371    494    374
f    371    374    373
f    371    373    372
f    494    495    496
f    494    496    376
f    494    376    375
f    494    375    374
f    376    496    497
f    376    497    498
f    376    498    378
f    376    378    377
f    498    499    500
f    498    500    380
f    498    380    379
f    498    379    378
f    500    501    383
f    500    383    382
f    500    382    381
f    500    381    380
f    502    503    384
f    502    384    383
f    502    383    501
f    384    503    504
f    384    504    386
f    384    386    385
f    386    504    505
f    386    505    388
f    386    388    387
f    389    506    507
f    389    507    508
f    389    508    390
f    391    390    508
f    391    508    509
f    391    509    510
f    391    510    392
f    392    510    511
f    392    511    512
f    392    512    394
f    392    394    393
f    394    512    513
f    394    513    514
f    394    514    396
f    394    396    395
f    396    514    515
f    396    515    398
f    396    398    397
f    398    515    516
f    398    516    517
f    398    517    402
f    398    402    400
f    398    400    399
f    517    518    519
f    517    519    520
f    517    520    403
f    517    403    402
f    403    520    521
f    403    521    407
f    403    407    404
f    521    520    519
f    521    519    522
f    521    522    523
f    521    523    524
f    408    407    521
f    408    521    524
f    408    524    525
f    408    525    410
f    525    524    523
f    525    523    526
f    525    526    527
f    411    410    525
f    411    525    527
f    411    527    528
f    411    528    412
f    412    528    529
f    412    529    530
f    412    530    531
f    412    531    413
f    413    531    532
f    413    532    533
f    413    533    415
f    413    415    414
f    415    533    534
f    415    534    535
f    415    535    416
f    417    416    535
f    417    535    536
f    417    536    537
f    417    537    419
f    420    419    537
f    420    537    538
f    420    538    539
f    540    421    418
f    540    418    420
f    540    420    539
f    540    539    541
f    540    541    542
f    423    422    421
f    423    421    540
f    423    540    543
f    425    424    423
f    425    423    543
f    425    543    544
f    425    544    545
f    427    426    425
f    427    425    545
f    427    545    546
f    429    428    427
f    429    427    546
f    429    546    547
f    429    547    548
f    429    548    430
f    431    430    548
f    431    548    549
f    431    549    550
f    431    550    551
f    431    551    432
f    433    432    551
f    433    551    552
f    433    552    434
f    435    434    552
f    435    552    553
f    435    553    554
f    435    554    436
f    437    436    554
f    437    554    555
f    437    555    556
f    437    556    439
f    440    439    556
f    440    556    557
f    440    557    558
f    440    558    441
f    558    557    559
f    558    559    560
f    558    560    561
f    442    441    558
f    442    558    561
f    442    561    444
f    442    444    443
f    561    560    562
f    561    562    445
f    561    445    444
f    446    563    564
f    446    564    565
f    446    565    449
f    446    449    447
f    449    565    566
f    449    566    567
f    449    567    450
f    450    567    568
f    450    568    569
f    450    569    570
f    450    570    452
f    450    452    451
f    452    570    571
f    452    571    572
f    452    572    454
f    452    454    453
f    572    573    574
f    572    574    455
f    572    455    454
f    455    574    575
f    455    575    576
f    455    576    577
f    455    577    456
f    456    577    578
f    456    578    579
f    456    579    460
f    456    460    458
f    456    458    457
f    578    580    581
f    578    581    582
f    578    582    579
f    579    582    583
f    579    583    584
f    579    584    464
f    579    464    461
f    579    461    460
f    583    585    586
f    583    586    587
f    583    587    584
f    584    587    468
f    584    468    465
f    584    465    464
f    586    588    589
f    586    589    469
f    586    469    468
f    586    468    587
f    469    589    590
f    469    590    473
f    469    473    470
f    590    591    592
f    590    592    476
f    590    476    475
f    590    475    474
f    590    474    473
f    592    593    478
f    592    478    477
f    592    477    476
f    594    481    480
f    594    480    479
f    594    479    478
f    594    478    593
f    595    596    482
f    595    482    481
f    595    481    594
f    597    598    484
f    597    484    483
f    597    483    482
f    597    482    596
f    597    596    599
f    484    598    600
f    484    600    601
f    484    601    602
f    484    602    485
f    485    602    603
f    485    603    487
f    485    487    486
f    487    603    604
f    487    604    605
f    487    605    606
f    487    606    488
f    488    606    607
f    488    607    491
f    488    491    490
f    488    490    489
f    607    608    609
f    607    609    493
f    607    493    492
f    607    492    491
f    493    609    610
f    493    610    611
f    493    611    495
f    493    495    494
f    611    612    613
f    611    613    497
f    611    497    496
f    611    496    495
f    497    613    614
f    497    614    499
f    497    499    498
f    614    615    616
f    614    616    502
f    614    502    501
f    614    501    500
f    614    500    499
f    616    617    618
f    616    618    505
f    616    505    504
f    616    504    503
f    616    503    502
f    619    620    621
f    619    621    618
f    619    618    617
f    619    617    622
f    621    620    623
f    621    623    624
f    624    623    625
f    624    625    626
f    624    626    507
f    624    507    506
f    508    507    626
f    508    626    627
f    508    627    628
f    508    628    509
f    509    628    629
f    509    629    630
f    509    630    511
f    509    511    510
f    511    630    631
f    511    631    632
f    511    632    513
f    511    513    512
f    513    632    633
f    513    633    634
f    513    634    516
f    513    516    515
f    513    515    514
f    516    634    635
f    516    635    636
f    516    636    518
f    516    518    517
f    522    519    518
f    522    518    636
f    522    636    637
f    638    637    636
f    638    636    635
f    638    635    639
f    638    639    640
f    638    640    641
f    526    523    522
f    526    522    637
f    526    637    638
f    526    638    642
f    643    642    638
f    643    638    641
f    643    641    644
f    643    644    645
f    529    528    527
f    529    527    526
f    529    526    642
f    529    642    643
f    529    643    646
f    647    646    643
f    647    643    645
f    647    645    648
f    647    648    649
f    647    649    650
f    651    530    529
f    651    529    646
f    651    646    647
f    652    532    531
f    652    531    530
f    652    530    651
f    652    651    653
f    654    534    533
f    654    533    532
f    654    532    652
f    536    535    534
f    536    534    654
f    536    654    655
f    538    537    536
f    538    536    655
f    538    655    656
f    538    656    657
f    658    541    539
f    658    539    538
f    658    538    657
f    658    657    659
f    542    541    658
f    542    658    660
f    544    543    540
f    544    540    542
f    544    542    660
f    544    660    661
f    544    661    662
f    546    545    544
f    546    544    662
f    546    662    663
f    546    663    664
f    546    664    547
f    548    547    664
f    548    664    665
f    548    665    549
f    550    549    665
f    550    665    666
f    550    666    667
f    552    551    550
f    552    550    667
f    552    667    668
f    552    668    669
f    552    669    553
f    554    553    669
f    554    669    670
f    554    670    671
f    554    671    555
f    556    555    671
f    556    671    672
f    556    672    673
f    556    673    559
f    556    559    557
f    672    674    675
f    672    675    676
f    672    676    673
f    559    673    676
f    559    676    677
f    559    677    562
f    559    562    560
f    677    676    675
f    677    675    678
f    677    678    564
f    677    564    563
f    445    562    677
f    445    677    563
f    445    563    446
f    566    679    680
f    566    680    681
f    566    681    568
f    566    568    567
f    568    681    682
f    568    682    683
f    568    683    569
f    569    683    684
f    569    684    685
f    569    685    686
f    569    686    571
f    569    571    570
f    571    686    687
f    571    687    688
f    571    688    573
f    571    573    572
f    688    689    690
f    688    690    575
f    688    575    574
f    688    574    573
f    575    690    691
f    575    691    692
f    575    692    693
f    575    693    576
f    576    693    694
f    576    694    580
f    576    580    578
f    576    578    577
f    694    695    696
f    694    696    697
f    694    697    698
f    694    698    581
f    694    581    580
f    581    698    699
f    581    699    585
f    581    585    583
f    581    583    582
f    697    700    701
f    697    701    699
f    697    699    698
f    699    701    588
f    699    588    586
f    699    586    585
f    702    703    704
f    702    704    705
f    702    705    706
f    702    706    591
f    702    591    590
f    702    590    589
f    702    589    588
f    702    588    701
f    702    701    700
f    706    707    595
f    706    595    594
f    706    594    593
f    706    593    592
f    706    592    591
f    708    599    596
f    708    596    595
f    708    595    707
f    709    710    711
f    709    711    597
f    709    597    599
f    709    599    708
f    711    712    600
f    711    600    598
f    711    598    597
f    713    714    601
f    713    601    600
f    713    600    712
f    601    714    715
f    601    715    716
f    601    716    604
f    601    604    603
f    601    603    602
f    604    716    717
f    604    717    718
f    604    718    605
f    605    718    719
f    605    719    720
f    605    720    608
f    605    608    607
f    605    607    606
f    720    721    722
f    720    722    610
f    720    610    609
f    720    609    608
f    610    722    723
f    610    723    612
f    610    612    611
f    724    725    615
f    724    615    614
f    724    614    613
f    724    613    612
f    724    612    723
f    726    622    617
f    726    617    616
f    726    616    615
f    726    615    725
f    727    728    729
f    727    729    619
f    727    619    622
f    727    622    726
f    729    730    625
f    729    625    623
f    729    623    620
f    729    620    619
f    626    625    730
f    626    730    731
f    626    731    627
f    629    628    627
f    629    627    731
f    629    731    732
f    629    732    733
f    734    631    630
f    734    630    629
f    734    629    733
f    734    733    735
f    736    633    632
f    736    632    631
f    736    631    734
f    736    734    737
f    738    639    635
f    738    635    634
f    738    634    633
f    738    633    736
f    738    736    739
f    740    640    639
f    740    639    738
f    740    738    741
f    641    640    740
f    641    740    742
f    641    742    644
f    743    742    740
f    743    740    741
f    743    741    744
f    743    744    745
f    645    644    742
f    645    742    743
f    645    743    746
f    645    746    648
f    747    746    743
f    747    743    745
f    747    745    748
f    747    748    749
f    649    648    746
f    649    746    747
f    750    650    649
f    750    649    747
f    750    747    749
f    750    749    751
f    750    751    752
f    753    653    651
f    753    651    647
f    753    647    650
f    753    650    750
f    656    655    654
f    656    654    652
f    656    652    653
f    656    653    753
f    656    753    754
f    659    657    656
f    659    656    754
f    659    754    755
f    659    755    756
f    661    660    658
f    661    658    659
f    661    659    756
f    661    756    757
f    661    757    758
f    758    757    759
f    758    759    760
f    663    662    661
f    663    661    758
f    663    758    760
f    663    760    761
f    663    761    762
f    663    762    763
f    665    664    663
f    665    663    763
f    665    763    764
f    665    764    765
f    665    765    666
f    667    666    765
f    667    765    766
f    667    766    668
f    669    668    766
f    669    766    767
f    669    767    768
f    669    768    670
f    671    670    768
f    671    768    769
f    671    769    770
f    671    770    771
f    671    771    674
f    671    674    672
f    770    772    773
f    770    773    774
f    770    774    771
f    675    674    771
f    675    771    774
f    675    774    775
f    675    775    678
f    775    774    773
f    775    773    776
f    775    776    680
f    775    680    679
f    564    678    775
f    564    775    679
f    564    679    566
f    564    566    565
f    682    777    778
f    682    778    779
f    682    779    684
f    682    684    683
f    684    779    780
f    684    780    781
f    684    781    685
f    685    781    782
f    685    782    783
f    685    783    784
f    685    784    687
f    685    687    686
f    687    784    785
f    687    785    786
f    687    786    689
f    687    689    688
f    786    787    788
f    786    788    691
f    786    691    690
f    786    690    689
f    691    788    789
f    691    789    790
f    691    790    692
f    692    790    695
f    692    695    694
f    692    694    693
f    789    791    792
f    789    792    793
f    789    793    696
f    789    696    695
f    789    695    790
f    696    793    702
f    696    702    700
f    696    700    697
f    792    794    795
f    792    795    796
f    792    796    797
f    792    797    703
f    792    703    702
f    792    702    793
f    797    798    704
f    797    704    703
f    705    799    709
f    705    709    708
f    705    708    707
f    705    707    706
f    800    801    802
f    800    802    710
f    800    710    709
f    800    709    799
f    802    803    713
f    802    713    712
f    802    712    711
f    802    711    710
f    804    805    715
f    804    715    714
f    804    714    713
f    804    713    803
f    806    717    716
f    806    716    715
f    806    715    805
f    807    719    718
f    807    718    717
f    807    717    806
f    807    806    808
f    809    721    720
f    809    720    719
f    809    719    807
f    810    811    812
f    810    812    813
f    810    813    724
f    810    724    723
f    810    723    722
f    810    722    721
f    810    721    809
f    810    809    814
f    813    815    816
f    813    816    727
f    813    727    726
f    813    726    725
f    813    725    724
f    817    818    816
f    817    816    815
f    816    818    819
f    816    819    728
f    816    728    727
f    732    731    730
f    732    730    729
f    732    729    728
f    732    728    819
f    732    819    820
f    735    733    732
f    735    732    820
f    735    820    821
f    822    737    734
f    822    734    735
f    822    735    821
f    822    821    823
f    822    823    824
f    825    739    736
f    825    736    737
f    825    737    822
f    826    827    744
f    826    744    741
f    826    741    738
f    826    738    739
f    826    739    825
f    828    827    826
f    828    826    829
f    828    829    830
f    828    830    831
f    745    744    827
f    745    827    828
f    745    828    832
f    745    832    748
f    833    832    828
f    833    828    831
f    833    831    834
f    749    748    832
f    749    832    833
f    749    833    835
f    749    835    751
f    836    835    833
f    836    833    834
f    836    834    837
f    836    837    838
f    752    751    835
f    752    835    836
f    755    754    753
f    755    753    750
f    755    750    752
f    755    752    836
f    755    836    838
f    755    838    839
f    755    839    840
f    841    759    757
f    841    757    756
f    841    756    755
f    841    755    840
f    841    840    842
f    841    842    843
f    760    759    841
f    760    841    844
f    760    844    761
f    762    761    844
f    762    844    845
f    764    763    762
f    764    762    845
f    764    845    846
f    764    846    847
f    764    847    848
f    766    765    764
f    766    764    848
f    766    848    849
f    766    849    850
f    766    850    767
f    768    767    850
f    768    850    851
f    768    851    769
f    769    851    852
f    769    852    853
f    769    853    772
f    769    772    770
f    773    772    853
f    773    853    854
f    773    854    855
f    773    855    776
f    855    854    856
f    855    856    778
f    855    778    777
f    680    776    855
f    680    855    777
f    680    777    682
f    680    682    681
f    780    857    858
f    780    858    859
f    780    859    860
f    780    860    782
f    780    782    781
f    782    860    861
f    782    861    783
f    783    861    862
f    783    862    863
f    783    863    864
f    783    864    785
f    783    785    784
f    785    864    865
f    785    865    866
f    785    866    867
f    785    867    787
f    785    787    786
f    867    868    791
f    867    791    789
f    867    789    788
f    867    788    787
f    866    869    870
f    866    870    868
f    866    868    867
f    870    871    794
f    870    794    792
f    870    792    791
f    870    791    868
f    872    873    874
f    872    874    875
f    872    875    795
f    872    795    794
f    872    794    871
f    795    875    796
f    704    798    876
f    704    876    800
f    704    800    799
f    704    799    705
f    877    878    879
f    877    879    801
f    877    801    800
f    877    800    876
f    879    880    804
f    879    804    803
f    879    803    802
f    879    802    801
f    881    808    806
f    881    806    805
f    881    805    804
f    881    804    880
f    882    814    809
f    882    809    807
f    882    807    808
f    882    808    881
f    883    884    810
f    883    810    814
f    883    814    882
f    885    886    811
f    885    811    810
f    885    810    884
f    887    888    889
f    887    889    812
f    887    812    811
f    887    811    886
f    887    886    890
f    812    889    817
f    812    817    815
f    812    815    813
f    821    820    819
f    821    819    818
f    821    818    817
f    821    817    889
f    821    889    888
f    821    888    823
f    824    823    888
f    824    888    887
f    824    887    891
f    892    893    894
f    892    894    829
f    892    829    826
f    892    826    825
f    892    825    822
f    892    822    824
f    892    824    891
f    892    891    895
f    896    897    898
f    896    898    894
f    896    894    893
f    896    893    899
f    830    829    894
f    830    894    898
f    830    898    900
f    901    900    898
f    901    898    897
f    901    897    902
f    901    902    903
f    834    831    830
f    834    830    900
f    834    900    901
f    834    901    904
f    834    904    837
f    905    904    901
f    905    901    903
f    905    903    906
f    838    837    904
f    838    904    905
f    838    905    839
f    840    839    905
f    840    905    906
f    840    906    907
f    840    907    908
f    840    908    842
f    843    842    908
f    843    908    909
f    843    909    910
f    845    844    841
f    845    841    843
f    845    843    910
f    845    910    911
f    845    911    912
f    845    912    846
f    846    912    913
f    846    913    914
f    846    914    847
f    848    847    914
f    848    914    915
f    848    915    849
f    850    849    915
f    850    915    916
f    850    916    917
f    850    917    852
f    850    852    851
f    852    917    918
f    852    918    919
f    852    919    856
f    852    856    854
f    852    854    853
f    919    918    920
f    919    920    858
f    919    858    857
f    778    856    919
f    778    919    857
f    778    857    780
f    778    780    779
f    859    921    922
f    859    922    923
f    859    923    862
f    859    862    861
f    859    861    860
f    862    923    924
f    862    924    925
f    862    925    863
f    863    925    926
f    863    926    927
f    863    927    865
f    863    865    864
f    865    927    928
f    865    928    929
f    865    929    869
f    865    869    866
f    929    930    931
f    929    931    932
f    929    932    933
f    929    933    872
f    929    872    871
f    929    871    870
f    929    870    869
f    932    934    933
f    933    934    935
f    933    935    873
f    933    873    872
f    796    875    874
f    796    874    877
f    796    877    876
f    796    876    798
f    796    798    797
f    936    937    938
f    936    938    878
f    936    878    877
f    936    877    874
f    936    874    873
f    936    873    935
f    938    939    940
f    938    940    941
f    938    941    883
f    938    883    882
f    938    882    881
f    938    881    880
f    938    880    879
f    938    879    878
f    940    942    943
f    940    943    941
f    941    943    944
f    941    944    885
f    941    885    884
f    941    884    883
f    945    946    947
f    945    947    944
f    945    944    943
f    945    943    942
f    945    942    948
f    944    947    890
f    944    890    886
f    944    886    885
f    895    891    887
f    895    887    890
f    895    890    947
f    895    947    946
f    895    946    949
f    895    949    950
f    895    950    951
f    952    953    892
f    952    892    895
f    952    895    951
f    952    951    954
f    952    954    955
f    899    893    892
f    899    892    953
f    899    953    956
f    957    958    896
f    957    896    899
f    957    899    956
f    957    956    959
f    957    959    960
f    902    897    896
f    902    896    958
f    902    958    961
f    962    961    958
f    962    958    957
f    962    957    963
f    906    903    902
f    906    902    961
f    906    961    962
f    906    962    964
f    906    964    907
f    908    907    964
f    908    964    965
f    908    965    909
f    910    909    965
f    910    965    966
f    910    966    967
f    910    967    911
f    913    912    911
f    913    911    967
f    913    967    968
f    913    968    969
f    915    914    913
f    915    913    969
f    915    969    970
f    915    970    916
f    916    970    971
f    916    971    972
f    916    972    973
f    916    973    920
f    916    920    918
f    916    918    917
f    973    972    922
f    973    922    921
f    858    920    973
f    858    973    921
f    858    921    859
f    924    974    975
f    924    975    926
f    924    926    925
f    926    975    976
f    926    976    977
f    926    977    978
f    926    978    979
f    926    979    928
f    926    928    927
f    928    979    930
f    928    930    929
f    978    980    981
f    978    981    931
f    978    931    930
f    978    930    979
f    931    981    936
f    931    936    935
f    931    935    934
f    931    934    932
f    982    983    937
f    982    937    936
f    982    936    981
f    982    981    980
f    984    985    939
f    984    939    938
f    984    938    937
f    984    937    983
f    986    948    942
f    986    942    940
f    986    940    939
f    986    939    985
f    987    988    945
f    987    945    948
f    987    948    986
f    949    946    945
f    949    945    988
f    951    950    989
f    951    989    990
f    951    990    954
f    955    954    990
f    955    990    991
f    955    991    992
f    959    956    953
f    959    953    952
f    959    952    993
f    994    960    959
f    994    959    993
f    994    993    995
f    996    963    957
f    996    957    960
f    996    960    994
f    965    964    962
f    965    962    963
f    965    963    996
f    965    996    966
f    967    966    996
f    967    996    994
f    967    994    995
f    967    995    997
f    967    997    998
f    967    998    999
f    967    999   1000
f    967   1000    968
f    969    968   1000
f    969   1000   1001
f    969   1001   1002
f    969   1002   1003
f    969   1003    971
f    969    971    970
f   1003   1002   1004
f   1003   1004    976
f   1003    976    975
f   1003    975    974
f    922    972    971
f    922    971   1003
f    922   1003    974
f    922    974    924
f    922    924    923
f    976   1004   1005
f    976   1005   1006
f    976   1006    977
f   1005   1007   1008
f   1005   1008   1009
f   1005   1009   1006
f    977   1006   1009
f    977   1009    982
f    977    982    980
f    977    980    978
f   1009   1008   1010
f   1009   1010   1011
f   1009   1011    984
f   1009    984    983
f   1009    983    982
f   1011   1012   1013
f   1011   1013   1014
f   1011   1014    987
f   1011    987    986
f   1011    986    985
f   1011    985    984
f   1014    989    950
f   1014    950    949
f   1014    949    988
f   1014    988    987
f    991    990    989
f    991    989   1014
f    991   1014   1013
f    991   1013   1015
f    997    992    991
f    997    991   1015
f    997   1015   1016
f    997   1016    998
f    995    993    952
f    995    952    955
f    995    955    992
f    995    992    997
f    998   1016   1017
f    998   1017   1018
f    998   1018   1019
f    998   1019    999
f   1000    999   1019
f   1000   1019   1020
f   1000   1020   1021
f   1000   1021   1001
f   1001   1021   1007
f   1001   1007   1005
f   1001   1005   1004
f   1001   1004   1002
f   1020   1022   1010
f   1020   1010   1008
f   1020   1008   1007
f   1020   1007   1021
f   1010   1022   1018
f   1010   1018   1017
f   1010   1017   1012
f   1010   1012   1011
f   1015   1013   1012
f   1015   1012   1017
f   1015   1017   1016
f   1019   1018   1022
f   1019   1022   1020
f    388    505    618
f    388    618    621
f    388    621    624
f    388    624    506
f    388    506    389
