v     3.075710    28.502826    49.143728
v    -0.407504    25.019521    49.143728
v    -0.887779    21.397012    49.453192
v   -12.784400    -9.175399    48.981738
v   -12.784400    -6.033900    49.291110
v   -15.873709    -8.857390    48.708752
v   -15.254689   -13.526636    48.309885
v   -14.151995   -14.629330    48.309885
v   -10.708659    -2.312617    49.453192
v   -11.440328    -7.831326    48.981738
v     6.868478    33.685885    48.644433
v     7.068050    34.584138    48.397083
v     4.886550    34.418288    48.173254
v     1.817365    33.146988    48.173254
v     5.345233    32.162547    48.915122
v    -2.607104    32.902118    47.486057
v    -5.373625    34.019697    46.506395
v   -22.813305    -8.083455    46.506395
v   -22.872111    -8.857390    46.585782
v   -28.679426   -13.850249    44.196902
v   -21.834562   -30.375137    44.196902
v   -20.287886   -31.001966    44.587315
v   -20.070306   -30.784294    44.680669
v   -16.565776   -29.806470    45.417667
v   -14.151995   -24.766749    46.643118
v   -19.507519   -32.927570    44.101251
v   -16.742651   -34.072806    44.101251
v   -16.565776   -33.656114    44.249827
v   -11.338613   -25.551802    46.051480
v   -13.897478   -32.550939    44.249827
v   -11.200052   -25.894803    45.930010
v   -10.537021   -11.068567    48.300972
v     7.073838    31.447785    48.300972
v     7.232245    33.531428    48.514694
v    13.827830    33.706466    45.014390
v    12.973313    36.895652    45.014390
v    11.981614    37.481226    45.460577
v    10.196592    37.391915    46.427467
v     8.915552    36.890507    47.184036
v     7.787038    33.706466    48.243270
v     8.602045    36.879756    47.321586
v     8.364343    36.685974    47.459227
v     9.233928    38.354579    46.427467
v     9.156838    38.297060    46.484619
v     8.364343    38.509403    46.484619
v     8.152183    38.876110    46.258218
v     6.408142    38.754089    46.073624
v    -1.424930    36.655193    46.073624
v    -7.139811    36.338654    45.186120
v    -7.120331    35.766312    45.437330
v   -17.184060    43.840027    37.739235
v   -23.322524    42.450747    35.723586
v   -29.251401    36.521778    35.723586
v   -34.475715    35.232560    33.693603
v   -34.903617    34.814031    33.583434
v   -35.324444    27.216089    34.763403
v   -40.379233     8.351111    34.763403
v   -42.028543   -15.222254    37.258133
v   -33.029652   -15.222254    42.068052
v   -43.861711   -16.934045    36.033050
v   -44.201680   -17.625652    35.752345
v   -43.922170   -21.620749    35.329497
v   -42.023213   -28.707634    35.329497
v   -41.315710   -29.125521    35.647874
v   -37.896723   -28.954433    37.499878
v   -30.887296   -30.684233    40.223490
v   -28.019978   -33.551459    40.223490
v   -19.593890   -35.458502    42.990288
v   -18.028470   -37.058929    42.578282
v   -16.742651   -36.603187    43.006000
v   -14.960203   -42.254852    40.240489
v   -13.512118   -43.839843    39.294915
v   -14.372332   -43.534973    39.581041
v   -13.554568   -46.042291    38.123768
v   -10.756622   -50.878949    35.137828
v    -9.864066   -52.687033    33.991489
v    -6.090501   -58.283568    30.014586
v    -5.415065   -58.908927    29.462458
v    -2.289738   -61.243045    27.145338
v    29.794249   -29.159058    27.145338
v    28.551616   -27.495231    28.378875
v    27.870208   -27.228493    28.781325
v    39.128882    11.979409    28.378875
v    39.167473    12.531169    28.437313
v    36.901349    16.174535    30.170328
v    25.124268    27.171617    38.040337
v    33.791734    31.807785    30.170328
v    29.846715    34.941841    32.896329
v    28.068492    35.325087    34.293143
v    25.754130    36.362085    35.781013
v    17.329695    48.970160    35.781013
v    13.305839    44.946396    40.769462
v    12.957417    44.322966    41.337946
v    12.464554    43.170012    42.276812
v    18.418332    52.495456    32.620495
v    18.332237    52.552975    32.620495
v    14.423970    49.754754    36.640767
v     9.176134    42.957577    43.075831
v     9.797634    50.674968    36.640767
v     9.270222    50.202686    37.114519
v     9.176134    50.082870    37.228179
v   -12.838428    45.703976    37.228179
v   -17.118914    45.400852    36.611640
v   -17.739496    45.845109    35.973325
v   -22.419492    44.781465    34.439789
v   -25.616396    42.645449    34.439789
v   -28.908032    41.848451    33.152868
v   -30.269563    41.094271    32.839545
v   -34.210631    38.499571    32.144998
v   -34.710570    37.999633    32.144998
v   -36.389006    37.256938    31.266499
v   -36.809374    36.985882    31.088704
v   -38.356876    34.669865    31.088704
v   -38.498469    34.606374    30.997648
v   -39.654272    33.349683    30.399210
v   -41.253137    10.771140    33.651244
v   -42.113351     6.446274    33.651244
v   -44.893931   -18.398760    35.057981
v   -45.340485   -19.543721    34.504659
v   -45.007223   -24.000073    34.050662
v   -44.927009   -24.403534    34.050662
v   -44.629857   -28.598844    33.446436
v   -41.658619   -33.165456    33.386895
v   -44.922966   -29.008185    33.025242
v   -44.941618   -29.093545    32.969101
v   -42.124653   -33.309346    32.969101
v   -36.937919   -34.308396    35.232560
v   -13.387524   -50.044279    35.232560
v   -12.248260   -52.586880    33.597952
v   -11.497847   -53.277018    33.240617
v    -7.788968   -57.945712    30.014586
v    -0.158132   -64.842675    23.966444
v     1.947839   -66.728492    22.075113
v     2.060029   -66.706165    22.075113
v     2.051576   -66.669779    22.106353
v    -1.077610   -63.049843    25.588004
v    -1.758375   -62.803963    25.900868
v     5.930623   -69.477372    18.093615
v     6.097484   -69.583957    17.931624
v    11.593590   -70.781935    14.312056
v    17.141793   -69.520925    12.494140
v    19.226999   -68.127695    12.494140
v    30.227388   -65.464267     8.193347
v    33.611275   -62.080380     8.193347
v    30.878567   -29.886500    26.210699
v    38.241103   -60.031652     5.769919
v    53.641428   -36.983493     5.769919
v    54.748441   -32.112655     7.365936
v    54.647920   -31.651491     7.669611
v    52.731046   -28.974188    10.423636
v    52.925471   -26.228433    10.819103
v    54.257507   -19.531776    10.819103
v    54.808349   -12.165565    11.569608
v    49.518889     1.398100    18.124672
v    40.453659    11.521645    27.216916
v    49.247281     4.721711    17.814197
v    45.645171    27.464450    17.814197
v    45.372093    30.657311    17.407153
v    46.736012    33.212501    14.312424
v    45.160485    39.515895    12.412823
v    34.118840    61.186353    12.412823
v    32.063037    59.872510    15.576741
v    26.179459    60.256583    20.740045
v    34.233510    61.590549    11.925749
v    31.200527    64.623532    11.925749
v    30.752043    64.823287    12.159225
v    27.684787    63.953150    15.856067
v    26.100071    61.473489    19.672082
v    23.204270    61.216031    21.683873
v    22.146231    59.738544    23.688404
v    26.235783    64.691434    15.856067
v    23.495173    63.228556    19.175452
v    11.027495    56.117965    30.245949
v    16.095699    64.400531    19.175452
v    15.134598    64.479000    19.265222
v    12.364676    62.613764    22.072724
v    11.027495    61.430579    23.772385
v    -1.122817    59.506170    23.772385
v    -1.520397    59.322955    23.918940
v    -7.454328    55.648807    27.250729
v   -10.240972    54.076772    28.394955
v   -16.775913    49.142258    32.481659
v   -17.514106    48.113530    33.473174
v   -23.810885    44.905232    33.473174
v   -23.986107    44.858280    33.408764
v   -35.633264    37.865851    31.404324
v   -36.007047    37.638898    31.266499
v   -38.633354    36.123004    29.944019
v   -38.682236    36.120615    29.888705
v   -38.865635    35.991702    29.752074
v   -40.213291    33.346742    29.752074
v   -40.226706    33.292807    29.768246
v   -40.237824    33.278105    29.759058
v   -42.445510     7.466365    33.049591
v   -43.137026     3.100794    33.049591
v   -45.781710   -20.198943    33.840525
v   -45.533716   -23.233397    33.557064
v   -45.279750   -24.837040    33.557064
v   -45.342506   -30.086622    31.992287
v   -46.766425   -32.754185    28.761386
v   -46.340545   -33.590142    28.761386
v   -45.612644   -33.124936    29.881446
v   -42.165265   -33.350050    32.906896
v   -47.930590   -39.195405    22.005649
v   -48.384678   -41.466950    19.446508
v   -47.510866   -43.428756    18.425131
v   -41.087839   -49.851691    18.425131
v   -38.682328   -54.936802    15.233832
v   -38.610475   -56.370001    13.612639
v   -38.041532   -57.179312    13.009607
v   -16.907766   -67.947419    13.009607
v   -10.077879   -69.654524    15.067798
v    -7.029734   -68.027450    18.759679
v    -6.886028   -67.033546    19.998453
v     0.312037   -69.190328    18.759679
v     2.301958   -69.352870    18.945559
v     2.301958   -68.295750    20.233675
v     2.909768   -69.762211    18.329572
v     3.631789   -69.920710    17.997045
v     4.332860   -69.863375    17.931624
v    11.896438   -70.943558    13.945257
v    14.294231   -71.178045    12.254692
v    19.870091   -69.784355    10.574417
v    19.905099   -69.766622    10.574417
v    29.341447   -67.241203     7.105997
v    30.159302   -66.507421     7.277912
v    35.514735   -64.121664     4.489614
v    39.700030   -59.936461     4.489614
v    42.111973   -58.795451     2.975924
v    46.207314   -54.231320     2.016292
v    48.395613   -51.604461     1.618988
v    49.309762   -50.134600     1.681377
v    52.335211   -45.187131     1.938559
v    53.309085   -43.323917     2.187380
v    53.981672   -40.810718     3.111085
v    54.734382   -39.333506     3.111085
v    55.486449   -36.324504     4.017883
v    55.147766   -32.860678     6.459964
v    55.387674   -23.002401     8.772214
v    55.420385   -22.795755     8.772214
v    56.128899   -14.126543     9.582075
v    56.351900   -14.126543     9.164740
v    54.981917     1.483644     7.883057
v    52.747217    18.457382     7.883057
v    51.405166    32.393726     6.369000
v    52.637600    36.689190     0.844134
v    50.990220    42.778496    -0.760704
v    45.871296    55.136557    -0.760704
v    45.379535    56.800659    -1.301898
v    44.057239    58.579984    -0.670107
v    40.467074    61.412203     2.592218
v    35.367353    62.484116     9.511049
v    40.367012    61.542585     2.592218
v    38.002298    63.259062     4.286827
v    37.561624    63.467178     4.741283
v    35.212621    63.797316     8.131510
v    34.329437    64.254804     8.638431
v    33.643342    64.781204     8.638431
v    32.504170    65.323225     9.175766
v    30.683314    65.150301    11.715611
v    30.245305    65.279673    11.858122
v    26.427912    65.106013    15.077446
v    28.119488    66.160285    11.858122
v    26.709075    66.541785    12.229791
v    26.201603    66.396241    12.882440
v    24.551558    66.555108    13.061705
v    20.339433    67.109625    13.061705
v    17.574657    67.352290    13.288749
v    15.933341    66.641111    15.023510
v    15.134598    66.208707    16.029359
v    10.308874    65.573332    16.029359
v     7.448907    64.373425    17.569787
v     6.876840    64.012139    18.104825
v   -14.861887    52.162746    28.394955
v   -15.402622    51.778489    28.688982
v   -18.138546    49.204280    31.332471
v   -33.312562    39.646554    31.404324
v   -38.665605    36.261748    29.740405
v   -39.861745    36.093601    28.014097
v   -40.189493    35.855714    27.779151
v   -40.319692    35.686005    27.779151
v   -42.393872    34.721963    24.706841
v   -43.207592    32.757309    24.706841
v   -43.573381    32.335288    24.183840
v   -45.496779    12.361644    26.353854
v   -48.031202    -6.889428    26.353854
v   -49.156225   -19.708101    27.406288
v   -48.890497   -20.198943    28.024480
v   -47.483577   -30.885458    28.024480
v   -47.280698   -32.992439    27.795598
v   -47.735337   -34.903158    25.625493
v   -49.453284   -40.890932    17.923906
v   -49.084188   -41.782111    17.923906
v   -49.614631   -47.366425    10.134295
v   -49.112029   -48.422810     9.636103
v   -46.525047   -51.794293     9.636103
v   -44.515187   -55.674167     7.408937
v   -44.395279   -56.527490     6.177330
v   -42.489339   -59.153154     4.295739
v   -37.186923   -63.221849     4.295739
v   -36.725208   -63.441542     4.513503
v   -34.290662   -65.250913     3.649063
v   -25.354344   -67.891554     6.555156
v   -23.666168   -68.255046     7.309979
v   -19.903629   -69.272931     8.301586
v   -12.303022   -70.521904    11.785810
v   -10.905841   -70.569592    12.760051
v    -9.964770   -70.299546    13.970525
v    -5.665907   -70.713482    14.437569
v    -3.474300   -71.002088    14.437569
v     0.819785   -71.378902    14.790126
v     5.538648   -71.596391    14.392454
v     7.792919   -71.398565    14.207309
v     9.483852   -71.175931    14.207309
v    14.683357   -71.289683    11.754294
v    17.136005   -71.206069    10.044066
v    22.027793   -69.882579     8.754756
v    22.333949   -69.816698     8.617941
v    29.228338   -67.779364     6.375891
v    29.283193   -67.784510     6.299444
v    33.136145   -65.951433     4.482171
v    35.521810   -64.120837     4.482171
v    38.245238   -62.710058     2.918864
v    42.105633   -58.849754     2.918864
v    43.042018   -58.170000     2.247839
v    43.177362   -58.046784     2.181775
v    44.522262   -56.427429     2.016292
v    53.993066   -42.053443     2.131606
v    54.742652   -39.516814     2.956537
v    54.817353   -39.336539     2.956537
v    55.561518   -36.586097     3.681406
v    55.925928   -24.779521     7.337911
v    56.251380   -22.307394     7.337911
v    56.865346   -15.311565     7.912276
v    58.954226   -15.311565     1.026247
v    60.162862    -9.269120    -5.202262
v    58.609663     7.673746    -6.375156
v    57.438056    18.071655    -6.375156
v    55.733157    34.685302    -7.857237
v    55.317200    35.812529    -7.035063
v    54.275240    39.488055    -7.845844
v    50.659991    49.819716    -7.845844
v    50.654018    49.838919    -7.851081
v    48.335613    53.883816    -6.089949
v    46.411387    56.351257    -3.618466
v    45.999933    57.006019    -3.618466
v    44.418617    58.759249    -2.135465
v    43.946795    59.075788    -1.291974
v    41.581437    61.095664     0.585482
v    41.472371    61.204821     0.585482
v    39.560275    62.658878     1.782724
v    36.228762    64.205738     5.395861
v    35.787353    64.483042     5.395861
v    34.303709    65.223440     5.988785
v    32.412011    65.534741     8.700820
v    30.827663    66.033301     9.132948
v    28.789043    66.746593     9.132948
v    26.735446    67.328768     9.586026
v    26.454282    67.320590     9.939870
v    23.683810    67.604878    10.187036
v    20.776982    67.932351    10.187036
v    18.776769    68.115750    10.325505
v    18.435973    68.047572    10.676776
v    17.574657    67.835873    11.694753
v    14.773128    67.520161    11.694753
v    13.443481    67.009840    12.883267
v    12.550924    66.680437    13.534354
v     2.941743    62.796336    17.569787
v    -2.838191    59.261117    22.592968
v   -13.860448    52.943756    27.391862
v   -35.477614    39.164624    28.688982
v   -39.565145    36.899879    26.681878
v   -41.869584    36.012192    22.977868
v   -42.757363    35.124413    22.977868
v   -42.559170    34.983831    23.863534
v   -42.587654    34.855930    24.023963
v   -44.211236    34.148794    20.378759
v   -44.323793    34.078227    20.150428
v   -44.388112    32.707417    21.529784
v   -49.107894    31.711032     7.014390
v   -49.653682    31.110848     5.899475
v   -49.703483    30.968337     5.899475
v   -50.494233    29.367082     4.117577
v   -50.667617    28.897190     3.774852
v   -51.757539    18.276647     4.722355
v   -54.131902    -2.796567     4.722355
v   -55.699619   -19.897840     5.906182
v   -49.814662   -19.897840    25.306381
v   -55.814382   -20.471377     5.315003
v   -55.207307   -27.092873     4.856596
v   -53.631872   -41.075343     4.856596
v   -52.953496   -41.096016     7.085416
v   -51.175733   -41.677639    12.312670
v   -53.644092   -41.494424     4.329093
v   -53.465838   -42.123274     4.190349
v   -51.748902   -47.029947     4.190349
v   -50.936009   -46.790958     7.167559
v   -51.726115   -47.168324     3.992064
v   -50.970741   -48.682105     3.387011
v   -48.002994   -53.405195     3.387011
v   -47.458217   -54.388349     2.904347
v   -46.236441   -55.850032     3.134883
v   -45.413900   -56.931685     2.457609
v   -42.080089   -60.265496     2.457609
v   -41.902938   -60.472969     2.292954
v   -39.881959   -62.162156     1.974210
v   -38.494885   -62.930670     2.655342
v   -36.571947   -64.138939     2.655342
v   -34.275869   -65.284726     3.572983
v   -33.863220   -65.521235     3.393351
v   -27.430912   -67.545245     5.147684
v   -26.300010   -67.847266     5.603610
v   -23.552416   -68.626163     6.209765
v    -4.791267   -71.197065    13.305564
v    -2.677762   -71.435227    13.305564
v     2.503551   -71.910173    13.664185
v     4.064193   -72.102577    13.271383
v     4.823518   -72.254460    12.488719
v     9.628660   -71.813971    12.156009
v    10.179318   -71.751857    12.156009
v    17.530553   -71.217555     9.547343
v    21.451499   -70.522456     7.299412
v    24.259920   -69.726377     6.679933
v    24.869475   -69.563559     6.434145
v    29.086194   -68.236761     5.284039
v    29.671768   -68.140467     4.444591
v    31.992011   -66.982550     3.517210
v    33.905578   -65.780162     3.517210
v    35.939604   -64.653119     2.518344
v    38.236784   -62.733120     2.880733
v    39.247687   -61.964331     2.247839
v    48.085138   -52.164767     1.343797
v    52.014078   -45.830683     1.681377
v    54.196956   -41.697762     1.976783
v    54.795853   -39.794302     2.495925
v    55.742437   -37.089159     2.495925
v    55.918118   -36.469405     2.632647
v    56.970368   -33.617983     0.552771
v    57.361609   -29.805551     0.892832
v    58.777534   -17.238639     0.892832
v    60.267977    -9.269120    -6.269490
v    60.267977    -8.184618    -7.353991
v    60.252448    -7.853378    -7.528110
v    59.917074    -2.503000    -9.473285
v    59.372296     5.173870   -11.618766
v    58.845160    10.525443   -11.618766
v    58.609663    12.766759   -11.468169
v    57.938821    18.720353   -11.468169
v    57.904089    19.019617   -11.459440
v    57.664089    21.050152   -11.360022
v    56.062375    34.375195   -10.469670
v    55.773402    35.394367   -10.693039
v    54.141274    40.774700   -10.693039
v    53.836772    41.718895   -10.492549
v    52.552056    45.390561   -10.492549
v    51.804124    47.430100   -10.227281
v    50.739286    49.747955    -8.264741
v    49.853069    51.405993    -8.264741
v    48.320452    54.098548    -7.212123
v    48.144127    54.360968    -6.805906
v    46.482413    56.588684    -5.073993
v    46.030806    57.138883    -5.073993
v    44.905692    58.414226    -4.257516
v    44.182201    59.137717    -2.907838
v    42.727960    60.420687    -1.976783
v    42.275250    60.792172    -1.976783
v    40.778191    61.908925    -0.812986
v    39.419234    62.821972     1.290780
v    38.207657    63.511650     1.764440
v    37.352130    63.968862     1.764440
v    34.664077    65.203685     4.040303
v    34.050111    65.461510     4.834269
v    32.055411    66.104695     5.257760
v    27.977528    67.341723     5.257760
v    26.398050    67.687021     6.743425
v    25.549781    67.782580     6.743425
v    24.124943    67.932351     6.839076
v    18.776769    68.459119     6.839076
v    18.773370    68.459119     6.835768
v    15.297507    68.116761     6.835768
v    15.269666    68.047572     7.510561
v    14.808778    68.016332     6.304681
v     6.457116    65.482919     6.304681
v     5.463212    65.162429     6.093625
v     4.024499    64.558479     4.233350
v     2.461744    63.840593     2.910227
v   -30.176944    46.394848     2.910227
v   -34.471397    43.950471     1.231331
v   -36.207812    42.859354     1.231331
v   -42.004377    36.159114    21.446997
v   -36.610997    42.558619     0.917825
v   -49.483789    31.994125     0.917825
v   -49.586148    31.891858     1.108667
v   -49.342381    31.648091     5.725999
v   -49.115520    31.718015     6.934818
v   -50.104646    31.259975     1.108667
v   -50.110343    31.251522     1.121806
v   -49.925474    31.187847     3.588787
v   -49.816867    31.237556     4.294453
v   -50.299899    30.896943     1.121806
v   -50.192303    30.903559     2.294791
v   -50.353100    30.770144     0.957794
v   -51.022655    28.562918     0.957794
v   -51.203482    27.736150     0.180184
v   -54.131902     1.745512     0.180184
v   -54.608594    -2.789768    -0.124410
v   -56.350063   -20.471377    -0.124410
v   -56.350063   -20.826875    -0.479816
v   -55.553708   -28.912535    -0.479816
v   -55.207307   -32.207938    -0.258468
v   -54.338732   -39.916967    -0.258468
v   -54.084490   -41.079753     0.835221
v   -53.461795   -43.132431     0.835221
v   -52.964338   -44.675156     1.162786
v   -52.309484   -46.546732     1.162786
v   -52.296896   -46.574021     1.139632
v   -50.369547   -50.179899     1.139632
v   -50.145075   -50.574171     0.985543
v   -48.094235   -53.838150     0.985543
v   -48.084311   -53.851382     0.975160
v   -44.960271   -57.658117     0.975160
v   -44.572614   -58.097412     0.693996
v   -42.686521   -59.983597     0.693996
v   -42.548144   -60.105710     0.605421
v   -39.722725   -62.424392     0.605421
v   -39.532067   -62.566627     0.753629
v   -38.765850   -63.048097     0.753629
v   -37.512834   -63.761297     1.243460
v   -35.779910   -64.687575     1.243460
v   -33.765639   -65.612934     2.948910
v   -33.315594   -65.770423     2.948910
v   -28.405521   -67.353668     3.991421
v   -26.027391   -68.075046     3.991421
v   -25.819367   -68.130451     4.077332
v    -8.884955   -70.906988    11.785810
v    -3.860028   -71.435227    12.123298
v     4.823518   -72.290479    12.123298
v     7.038647   -72.290479     9.908170
v    11.876499   -71.813971     9.908170
v    17.249481   -71.249254     9.547343
v    24.997009   -69.747234     3.964499
v    26.951097   -69.154494     3.964499
v    29.449778   -68.348767     3.434055
v    29.972779   -68.129257     2.757793
v    31.530113   -67.413760     1.439172
v    33.376972   -66.426655     1.439172
v    34.810998   -65.610362     0.878590
v    35.385730   -65.249259     0.878590
v    35.493509   -65.168861     0.962296
v    39.690933   -61.724055     0.962296
v    39.832985   -61.598818     1.053261
v    42.793749   -58.638055     1.053261
v    42.842906   -58.582281     1.088912
v    47.853775   -52.476528     1.088912
v    48.088538   -52.161827     1.333598
v    51.921092   -46.062414     1.333598
v    51.975487   -45.966763     1.296201
v    54.337262   -41.548267     1.296201
v    55.016373   -40.069861     0.044564
v    55.336403   -39.155344     0.044564
v    56.243845   -36.341227    -0.552863
v    57.109756   -33.486773    -0.552863
v    58.070674   -29.092075    -4.686520
v    58.379586   -27.349320    -5.685570
v    58.777534   -23.817133    -5.685570
v    59.691316   -15.123112    -6.269490
v    59.181086     6.605508   -12.127984
v    58.845160    10.296929   -11.847188
v    55.351197    36.671824   -11.077664
v    54.551718    39.209096   -11.409179
v    54.216711    40.390718   -11.148506
v    53.308809    42.985510   -11.148506
v    51.537295    47.895490   -10.429885
v    51.505870    47.953928   -10.432457
v    50.140389    50.690128    -9.338859
v    49.152641    52.262072    -9.338859
v    47.979288    54.379804    -8.298921
v    47.971294    54.400570    -8.265568
v    46.682903    56.094810    -7.204680
v    45.396809    57.380812    -7.204680
v    44.580240    58.337136    -6.445630
v    44.256351    58.819708    -5.582844
v    43.005908    59.947579    -4.525173
v    41.324807    61.003964    -4.525173
v    39.513414    62.416582    -2.710748
v    39.475099    62.438542    -2.694025
v    38.061930    63.302890    -1.465910
v    31.809531    65.490637    -1.465910
v    30.887663    65.945828    -0.440122
v    28.442091    66.848309     1.343797
v    28.283959    66.864572     1.329647
v    20.136094    67.782580     1.329647
v    18.773370    67.907542     1.235282
v    18.555146    67.863897     1.010443
v    14.747492    67.863897     4.818189
v    15.253679    67.052290    -2.891391
v    13.832424    66.892137    -2.891391
v    11.663789    66.059764    -4.829950
v     7.633685    63.939367   -10.323116
v     1.091576    60.708834   -17.603416
v    -2.045328    59.611193   -17.603416
v   -12.723757    53.080019   -26.883654
v   -15.056497    51.743022   -27.899335
v   -19.363629    48.383943   -32.213635
v   -32.151246    40.349003   -32.213635
v   -33.111796    39.816814   -31.741996
v   -33.206804    39.779142   -31.596361
v   -41.918925    36.423187   -17.593493
v   -41.919569    36.422636   -17.593034
v   -49.301952    31.812287    -2.527624
v   -42.196598    36.145607   -17.593034
v   -42.721896    35.697123   -17.176158
v   -44.727897    34.350938   -13.589851
v   -47.352091    32.705947    -8.267589
v   -49.269425    31.757249    -3.003122
v   -49.311875    31.796299    -2.560243
v   -49.980971    31.217433    -0.541470
v   -49.943575    31.015841    -1.625787
v   -50.033804    31.085856    -0.738836
v   -50.328658    30.771614     0.691516
v   -50.362747    29.818139    -1.625787
v   -50.617448    29.302305    -1.051699
v   -51.191077    27.747819     0.082144
v   -53.155731     8.603148    -1.625695
v   -54.608594    -4.291053    -1.625695
v   -56.035637   -19.857963    -2.703306
v   -56.229420   -20.826875    -1.704623
v   -55.553708   -28.197956    -1.194302
v   -55.236526   -31.013176    -1.194302
v   -54.327155   -39.874609    -0.403828
v   -54.328625   -39.926431    -0.338591
v   -53.556803   -42.649308     0.262052
v   -53.163725   -43.772400     0.262052
v   -52.274844   -46.597544     1.032587
v   -50.657326   -49.419655    -0.196079
v   -50.407678   -49.919960     0.003859
v   -47.962014   -53.812239     0.003859
v   -47.807742   -54.090738     0.140674
v   -44.909367   -57.558239    -0.406401
v   -44.141772   -58.213736    -1.015681
v   -41.753811   -60.601790    -1.015681
v   -40.604807   -61.475510    -1.735129
v   -40.461928   -61.594959    -1.712617
v   -40.363521   -61.683718    -1.629371
v   -37.382819   -63.556673    -1.629371
v   -37.291119   -63.640011    -1.459111
v   -36.157184   -64.333548    -0.473660
v   -31.782241   -65.864420    -0.473660
v   -31.084845   -66.208799     0.302389
v   -22.521759   -68.468859     3.783213
v    -0.882358   -70.906988     3.783213
v     7.038647   -71.633144     3.234852
v     7.314665   -71.577922     2.950289
v    10.900696   -71.249254     3.198558
v    23.137286   -69.870450     3.198558
v    25.067484   -69.672441     3.370748
v    28.425092   -68.433391     0.921684
v    29.911584   -67.699334    -0.732496
v    32.007264   -66.966011    -0.732496
v    33.102792   -66.295997    -1.684593
v    33.225640   -66.184266    -1.912923
v    34.066742   -65.528310    -2.755404
v    36.427689   -64.044850    -2.755404
v    37.186831   -63.360134    -3.397578
v    37.528179   -63.074835    -3.451421
v    37.670139   -62.908526    -3.583366
v    44.048694   -56.529971    -3.583366
v    44.180639   -56.417321    -3.478711
v    46.153654   -54.056741    -3.106307
v    46.602965   -53.558641    -2.684929
v    53.040509   -43.313350    -2.684929
v    53.594567   -42.203121    -3.128726
v    54.504674   -40.615190    -2.437395
v    55.922345   -36.109589    -3.666245
v    56.759588   -33.717033    -3.666245
v    58.377840   -27.288401    -5.762293
v    59.691316   -14.488472    -6.904221
v    59.706017   -14.313986    -6.929673
v    53.915333    40.698804   -11.791507
v    53.311290    42.931115   -11.203176
v    52.240020    45.517544   -11.203176
v    49.849118    50.183115   -11.223942
v    49.410007    51.106085   -10.788690
v    46.762566    54.556220   -10.788690
v    46.658003    54.758180   -10.672733
v    46.642015    54.871840   -10.508721
v    45.988999    55.771472    -9.863974
v    42.815709    58.206386    -9.863974
v    42.544285    58.790306    -8.999074
v    42.111605    59.197442    -8.581004
v    33.866252    62.612753    -8.581004
v    33.757921    62.706658    -8.446854
v    32.485977    63.423074    -7.545660
v    31.033942    63.562921    -7.703332
v    17.774963    65.308524    -7.703332
v    15.253679    65.529780    -7.910346
v    10.577174    63.503472   -12.853129
v     4.821038    60.386690   -20.102006
v     0.813537    59.859095   -20.102006
v    -5.570532    55.827153   -26.072874
v   -10.241064    53.196436   -29.381876
v   -13.044798    50.766759   -32.856268
v   -15.757568    49.087036   -34.379421
v   -16.598210    48.612825   -34.724628
v   -19.850704    47.265629   -34.724628
v   -22.978144    44.322966   -37.746402
v   -26.074711    42.021559   -38.845880
v   -27.338478    41.420274   -38.249832
v   -28.551432    40.489585   -38.249832
v   -29.121753    40.194180   -37.922451
v   -32.118076    39.773169   -33.598136
v   -39.400949    37.174335   -22.212662
v   -42.738343    35.623065   -17.268960
v   -42.892432    35.459329   -17.110645
v   -43.727469    34.786649   -15.835945
v   -45.862475    32.322976   -12.782838
v   -47.442505    30.778322   -10.207343
v   -47.446180    30.772349   -10.201830
v   -51.678428    -1.374302   -10.201830
v   -52.723511   -13.282042   -11.179470
v   -55.572820   -19.857963    -4.229216
v   -54.832973   -28.287635    -3.537057
v   -53.523817   -38.231180    -3.537057
v   -54.023847   -39.973843    -1.295650
v   -53.198917   -43.022906    -0.492128
v   -50.525473   -49.477082    -0.492128
v   -49.885045   -50.157755    -1.149831
v   -48.301064   -52.288994    -1.906583
v   -47.729549   -52.739866    -2.425909
v   -43.288266   -58.527794    -2.425909
v   -41.106767   -60.111407    -3.989308
v   -39.952342   -60.273582    -5.655340
v   -37.590016   -62.086260    -5.655340
v   -37.678776   -62.214530    -5.203273
v   -37.266494   -63.161114    -3.078007
v   -32.595043   -63.380164    -7.778677
v   -35.024352   -61.842493    -9.234296
v   -32.390970   -62.933335    -9.234296
v   -31.229102   -62.599981   -10.728690
v   -24.497714   -63.248128   -11.459991
v    -4.787959   -65.843011   -11.459991
v    -4.667224   -65.853577   -11.469914
v     1.435497   -67.171555    -9.392060
v     4.818924   -68.090482    -7.619351
v     7.314665   -69.171860    -4.981466
v    14.286604   -68.560007    -4.409032
v    20.330060   -67.764387    -4.409032
v    30.201293   -66.813760    -3.336567
v    31.145856   -66.281755    -4.005755
v    31.550879   -65.930759    -4.507715
v    34.406711   -64.747851    -4.507715
v    35.008824   -64.181297    -5.089521
v    35.654857   -63.701113    -5.318954
v    36.645545   -62.445341    -6.460056
v    37.401012   -61.667639    -6.916074
v    38.412282   -60.891682    -6.916074
v    40.393107   -58.162833    -8.871632
v    40.848390   -57.707550    -8.871632
v    42.040947   -55.405408   -10.193101
v    47.179718   -48.708476   -10.193101
v    47.379289   -48.550988   -10.011723
v    50.795794   -43.953962    -8.379503
v    51.643696   -43.052768    -7.508723
v    56.101426   -32.291000    -7.508723
v    56.489817   -30.855504    -7.887008
v    56.878761   -29.945122    -7.653348
v    58.374533   -27.289504    -5.771848
v    59.467396   -15.940784    -7.004834
v    59.693061   -14.226604    -7.004834
v    58.882373     7.049122   -12.577662
v    55.540660    34.457155   -11.360022
v    52.160908    43.022171   -13.244461
v    52.131781    43.138679   -13.209454
v    48.385689    50.490741   -13.209454
v    47.138370    51.367586   -14.138764
v    45.893624    51.429975   -15.546879
v    42.801926    54.521672   -15.546879
v    43.300211    55.153831   -14.200509
v    42.708573    57.968591   -10.381738
v    40.389616    53.837323   -18.454350
v    34.409651    56.884274   -18.454350
v    34.744199    57.606203   -17.098424
v    30.351798    54.718303   -23.369109
v    29.559303    54.786021   -23.470089
v     9.227129    58.006355   -23.470089
v     4.821038    58.366447   -23.881727
v    -0.767319    54.603265   -29.545704
v    -3.371758    52.298825   -32.856268
v   -22.319064    44.293012   -38.302206
v   -22.929354    43.442538   -39.121899
v   -26.117529    41.818129   -39.121899
v   -26.230178    41.657792   -39.241347
v   -27.271311    40.723612   -39.460214
v   -27.525093    40.610504   -39.328085
v   -28.513852    39.621837   -39.328085
v   -28.582948    39.618345   -39.249892
v   -29.138017    40.055895   -38.067719
v   -31.597923    39.538866   -34.730417
v   -30.031952    36.774642   -39.249892
v   -31.503099    37.456509   -36.486587
v   -28.668768    34.220831   -42.342968
v   -29.360834    26.129106   -43.374545
v   -33.362179     0.865451   -43.374545
v   -36.844106    -3.069645   -38.372405
v   -43.282937   -12.631414   -28.681264
v   -46.096686   -13.282042   -23.577409
v   -52.434262   -38.153997    -5.594513
v   -41.097762   -26.428279   -28.681264
v   -47.079197   -37.633937   -15.109054
v   -49.363330   -38.692527   -10.818919
v   -39.486033   -52.536344   -15.109054
v   -39.795037   -53.625440   -13.796498
v   -40.578620   -54.242989   -12.127709
v   -39.876814   -60.198145    -5.871175
v   -33.871122   -59.549264   -13.796498
v   -34.849498   -60.790519   -11.153008
v   -34.754306   -61.243229   -10.538858
v   -33.611735   -59.475665   -14.109177
v   -31.290756   -60.658298   -14.109177
v   -31.492992   -61.094837   -13.289300
v   -30.904937   -60.452387   -14.576405
v   -24.755172   -60.978328   -15.360355
v   -19.103048   -61.873550   -15.360355
v   -13.751658   -62.310915   -15.860294
v    17.532482   -67.051555    -6.431756
v    19.099740   -66.803286    -6.431756
v    31.585151   -65.735415    -4.840057
v    33.832806   -64.127729    -6.081312
v    33.465732   -64.315355    -6.016075
v    34.946894   -63.310884    -6.460056
v    38.621593   -59.931224    -8.209794
v    39.639846   -58.731041    -8.887344
v    40.255006   -58.179096    -9.016716
v    41.729554   -55.062039   -10.972916
v    41.827318   -54.910339   -11.037051
v    42.135587   -54.602070   -11.037051
v    43.734912   -51.011905   -12.906238
v    45.481526   -49.065352   -12.496989
v    45.788417   -47.918645   -12.918458
v    50.434508   -38.800122   -12.918458
v    50.557265   -38.712098   -12.800204
v    57.378423   -24.103074    -8.398064
v    58.976370   -14.013802    -8.398064
v    51.177479     7.049122   -21.966047
v    47.832183    10.785014   -25.321266
v    46.582199    11.766147   -26.507299
v    40.543429    42.124928   -26.507299
v    43.799047    43.852890   -22.460380
v    44.387101    50.467127   -17.865376
v    38.354579    42.596658   -28.226716
v    35.225118    47.280146   -28.226716
v    38.778346    50.833375   -22.787486
v    38.749770    51.271384   -22.403137
v    29.901753    45.636166   -32.999147
v    28.609043    46.499963   -32.999147
v    30.764815    50.561491   -27.950422
v    19.504946    39.981653   -42.364193
v    19.284242    39.875711   -42.532708
v    -0.898437    43.890287   -42.532708
v    -1.509647    44.669000   -41.793872
v    -3.371758    46.336410   -40.121500
v    -6.574911    46.096870   -39.795221
v   -20.830918    43.261160   -39.795221
v   -22.962432    43.110196   -39.488238
v   -24.671007    41.538803   -40.301775
v   -24.733028    41.524745   -40.281469
v   -27.332413    39.787871   -40.281469
v   -27.459304    39.501102   -40.431515
v   -28.244633    39.449831   -39.742388
v   -27.019734    38.077918   -41.707501
v   -27.190637    37.372068   -41.983428
v   -27.957865    36.223892   -41.983428
v   -28.407175    34.246834   -42.631299
v   -26.726074    31.898933   -45.046549
v   -26.207667    30.819394   -45.870837
v   -23.986290    23.075541   -50.100420
v   -24.348863    17.955238   -50.837877
v   -25.240133    13.474721   -50.837877
v   -25.497223    10.036623   -51.188137
v   -25.985125     8.635307   -50.863972
v   -26.562797     7.363363   -50.405565
v   -28.143929     4.026153   -49.122963
v   -28.162581     3.988297   -49.107618
v   -30.880312     0.953292   -46.381801
v   -31.268888     0.865451   -45.925232
v   -40.110198   -26.285492   -29.912136
v   -32.677371   -16.559344   -40.444562
v   -34.282576   -22.155051   -37.388240
v   -37.430506   -26.551771   -32.865548
v   -30.187235    -2.530656   -46.381801
v   -30.038292    -4.634055   -46.078861
v   -36.596388   -30.221783   -31.662976
v   -38.525574   -51.922562   -16.587093
v   -34.794919   -32.917922   -31.662976
v   -34.015655   -36.136419   -30.404631
v   -32.866743   -47.451969   -24.520961
v   -34.331918   -52.196375   -20.267488
v   -33.436696   -54.219651   -19.208438
v   -33.141566   -58.739954   -15.241458
v   -32.435350   -54.888655   -19.208438
v   -31.204018   -57.636616   -17.441793
v   -31.030818   -58.440413   -16.810461
v   -31.093115   -58.557840   -16.664458
v   -22.296552   -60.177747   -16.810461
v   -15.572331   -60.680626   -17.495453
v    16.720507   -66.028524    -7.834910
v    20.837441   -65.209657    -7.834910
v    41.093444   -55.487001   -10.972916
v    43.546918   -51.024217   -13.071169
v    43.483702   -50.819684   -13.254568
v    44.599076   -46.213103   -15.055578
v    45.514972   -44.842384   -15.055578
v    46.806303   -39.160582   -16.917322
v    45.105539   -36.785208   -19.360781
v    44.707499   -35.397583   -20.118728
v    45.122445   -29.537526   -20.962771
v    50.441124    -2.798956   -20.962771
v    30.208001    11.766147   -39.945267
v    28.470483    12.202042   -41.299998
v    22.650671    17.636403   -45.189153
v    31.050297    40.898099   -34.498411
v    16.847215    20.993643   -48.771968
v    14.274568    23.036582   -50.251660
v    12.187984    30.823804   -50.251660
v    13.981551    33.225456   -48.471049
v    16.143387    35.387200   -46.468447
v    23.496827    40.320519   -40.130137
v    25.399643    41.134056   -38.580705
v    18.705100    39.205696   -43.177179
v     9.755735    30.069440   -51.604094
v     3.965326    31.620986   -51.604094
v     2.882754    33.492378   -50.448842
v    -0.898437    37.541777   -47.742780
v    -4.327531    37.301869   -47.379932
v   -18.728714    33.443036   -47.379932
v   -20.974624    33.318626   -47.031142
v   -22.539584    34.487477   -45.870837
v   -24.823258    37.891394   -42.936811
v   -23.089507    21.874715   -50.990679
v   -23.319951    17.713952   -51.636804
v   -23.721114    16.216802   -51.636804
v   -23.961022    12.787432   -51.999744
v   -28.340468     2.583857   -48.732366
v   -28.161662     3.976076   -49.106332
v   -28.187941     3.340242   -48.981003
v   -29.331707    -2.990534   -46.916839
v   -33.990754   -23.444453   -36.964841
v   -33.409591   -24.025617   -36.964841
v   -32.736636   -47.672305   -24.421818
v   -23.312141   -50.197541   -24.421818
v   -21.116032   -53.993893   -22.078053
v   -15.572331   -59.930856   -18.110797
v     2.681713   -58.653675   -16.179038
v    39.972832   -48.661615   -16.179038
v    41.296047   -50.633987   -14.478917
v    39.806247   -45.332950   -17.982068
v    44.155187   -40.984010   -17.982068
v    36.069527   -23.831467   -28.693944
v    25.440164     0.892649   -41.299998
v    13.734568    23.206842   -50.515917
v     9.061095    27.224818   -52.438396
v    10.038461    29.982335   -51.521123
v     8.560881    27.437252   -52.616834
v     7.816625    28.018416   -52.834782
v     7.794940    28.070881   -52.834782
v     9.598982    29.874923   -51.730526
v     9.717328    29.971400   -51.662072
v     7.120148    28.067206   -52.957355
v     5.895707    28.135016   -53.147462
v     5.339628    28.365276   -53.147462
v     7.747253    28.051586   -52.851597
v     3.965326    28.469748   -53.288503
v     3.464653    27.887482   -53.528043
v     3.455281    27.882244   -53.529514
v     2.824684    27.604664   -53.587492
v     2.718834    27.564327   -53.593924
v    -1.283613    27.260009   -53.183296
v   -15.524184    21.361361   -53.183296
v   -19.801454    21.124669   -52.518978
v   -19.994686    21.202770   -52.450617
v   -20.580994    21.789079   -52.091720
v   -22.453030    15.267829   -52.450617
v   -22.509262    14.527982   -52.526513
v   -23.943289    12.802685   -52.007003
v   -32.886681   -22.689814   -37.753753
v   -23.312141   -19.296371   -40.938896
v   -22.298941    -5.903609   -46.916839
v   -22.298941   -16.083755   -42.510931
v    36.516725   -36.929557   -22.944882
v   -20.882372    -2.567042   -48.107006
v    14.735547    12.186422   -48.107006
v    22.841789     4.080181   -43.145387
v    11.987494    18.989204   -50.515917
v     5.652767    28.067206   -53.198549
v     3.472095    27.886471   -53.527400
v   -10.295275    21.039953   -53.937844
v   -13.059224    20.673613   -53.701703
v    -5.176719    23.160165   -53.937844
v   -15.866909    17.922895   -53.692331
v   -18.709143    17.210155   -53.342255
v   -15.716864    18.015882   -53.701703
v   -20.691071    15.398763   -52.968565
v   -24.766014     9.854326   -51.386973
v   -19.375850    14.083542   -52.968565
v   -20.882372    10.938092   -52.203726
v    -1.076232    23.703840   -53.587492
v    10.504310    20.472388   -51.152211
f      1      2      3
f      4      5      6
f      4      6      7
f      4      7      8
f      9      5      4
f      9      4     10
f     11     12     13
f     11     13     14
f     11     14     15
f     15     14     16
f     15     16      2
f     15      2      1
f      3      2     16
f      3     16     17
f      3     17     18
f      3     18     19
f      3     19      6
f      3      6      5
f      3      5      9
f     19     20     21
f     19     21     22
f     19     22     23
f     19     23      7
f     19      7      6
f      8      7     23
f      8     23     24
f      8     24     25
f     24     23     22
f     24     22     26
f     24     26     27
f     24     27     28
f     29     25     24
f     29     24     28
f     29     28     30
f     29     30     31
f     32     10      4
f     32      4      8
f     32      8     25
f     32     25     29
f     33     34     11
f     33     11     15
f     33     15      1
f     33      1      3
f     33      3      9
f     33      9     10
f     33     10     32
f     35     36     37
f     35     37     38
f     35     38     39
f     35     39     40
f     40     39     41
f     40     41     42
f     40     42     12
f     40     12     11
f     40     11     34
f     38     43     44
f     38     44     41
f     38     41     39
f     41     44     45
f     41     45     42
f     42     45     46
f     42     46     47
f     42     47     48
f     42     48     13
f     42     13     12
f     13     48     49
f     13     49     50
f     13     50     17
f     13     17     16
f     13     16     14
f     49     51     52
f     49     52     53
f     49     53     50
f     17     50     53
f     17     53     54
f     17     54     55
f     17     55     56
f     17     56     18
f     18     56     57
f     18     57     58
f     18     58     59
f     18     59     20
f     18     20     19
f     58     60     61
f     58     61     62
f     58     62     63
f     58     63     64
f     58     64     65
f     58     65     59
f     59     65     66
f     59     66     21
f     59     21     20
f     22     21     66
f     22     66     67
f     22     67     68
f     22     68     26
f     26     68     69
f     26     69     70
f     26     70     27
f     70     69     71
f     72     73     74
f     72     74     75
f     28     27     70
f     28     70     71
f     28     71     73
f     28     73     72
f     28     72     30
f     31     30     72
f     31     72     75
f     31     75     76
f     31     76     77
f     31     77     78
f     31     78     79
f     31     79     80
f     31     80     81
f     31     81     82
f     33     32     29
f     33     29     31
f     33     31     82
f     82     81     83
f     82     83     84
f     82     84     85
f     82     85     86
f     82     86     35
f     82     35     40
f     82     40     34
f     82     34     33
f     85     87     88
f     85     88     89
f     85     89     86
f     86     89     90
f     86     90     36
f     86     36     35
f     90     91     92
f     90     92     93
f     90     93     94
f     90     94     37
f     90     37     36
f     37     94     43
f     37     43     38
f     95     96     97
f     95     97     92
f     95     92     91
f     93     98     46
f     93     46     45
f     93     45     44
f     93     44     43
f     93     43     94
f     92     97     99
f     92     99    100
f     92    100    101
f     92    101     98
f     92     98     93
f     46     98    101
f     46    101    102
f     46    102     47
f     47    102    103
f     47    103     51
f     47     51     49
f     47     49     48
f    103    104    105
f    103    105    106
f    103    106     52
f    103     52     51
f     53     52    106
f     53    106    107
f     53    107    108
f     53    108    109
f     53    109    110
f     53    110     54
f     54    110    111
f     54    111    112
f     54    112    113
f     54    113     55
f     55    113    114
f     55    114    115
f     55    115    116
f     55    116     57
f     55     57     56
f     57    116    117
f     57    117     60
f     57     60     58
f     61    118    119
f     61    119    120
f     61    120    121
f     61    121     62
f     62    121    122
f     62    122     63
f    123     64     63
f    123     63    122
f    123    122    124
f    123    124    125
f    123    125    126
f     66     65     64
f     66     64    123
f     66    123    127
f     66    127     67
f     71     69     68
f     71     68     67
f     71     67    127
f     71    127    128
f     71    128     74
f     71     74     73
f     75     74    128
f     75    128    129
f     75    129    130
f     75    130     76
f     76    130    131
f     76    131     77
f    132    133    134
f    132    134    135
f    132    135    136
f    132    136    137
f     78    137    136
f     78    136     79
f    135    134    138
f    135    138    139
f    135    139    140
f    135    140    141
f    135    141    142
f     79    136    135
f     79    135    142
f     79    142    143
f     79    143    144
f     79    144    145
f     79    145     80
f    145    144    146
f    145    146    147
f    145    147    148
f    145    148    149
f    145    149    150
f     81     80    145
f     81    145    150
f     81    150    151
f     81    151     83
f     83    151    152
f     83    152    153
f     83    153    154
f     83    154    155
f     83    155     84
f    154    156    157
f    154    157    155
f     84    155    157
f     84    157    158
f     84    158     87
f     84     87     85
f    158    159    160
f    158    160    161
f    158    161    162
f    158    162     88
f    158     88     87
f     88    162    163
f     88    163     95
f     88     95     91
f     88     91     90
f     88     90     89
f    161    164    165
f    161    165    166
f    161    166    167
f    161    167    168
f    161    168    163
f    161    163    162
f    163    168    169
f    163    169    170
f    163    170     96
f    163     96     95
f    167    171    172
f    167    172    169
f    167    169    168
f    170    173     99
f    170     99     97
f    170     97     96
f    169    172    174
f    169    174    175
f    169    175    176
f    169    176    177
f    169    177    173
f    169    173    170
f     99    173    177
f     99    177    178
f     99    178    179
f     99    179    180
f     99    180    100
f    100    180    181
f    100    181    182
f    100    182    183
f    100    183    104
f    100    104    103
f    100    103    102
f    100    102    101
f    183    184    105
f    183    105    104
f    106    105    184
f    106    184    185
f    106    185    107
f    109    186    187
f    109    187    111
f    109    111    110
f    112    188    114
f    112    114    113
f    114    188    189
f    114    189    190
f    114    190    191
f    114    191    192
f    114    192    115
f    115    192    193
f    115    193    194
f    115    194    117
f    115    117    116
f    117    194    195
f    117    195    118
f    117    118     61
f    117     61     60
f    119    196    197
f    119    197    198
f    119    198    120
f    122    121    120
f    122    120    198
f    122    198    124
f    199    200    201
f    199    201    202
f    126    125    199
f    126    199    202
f    126    202    203
f    203    202    201
f    203    201    204
f    203    204    205
f    203    205    206
f    203    206    207
f    128    127    123
f    128    123    126
f    128    126    203
f    128    203    207
f    128    207    208
f    128    208    129
f    129    208    209
f    129    209    210
f    129    210    211
f    129    211    212
f    129    212    213
f    129    213    214
f    129    214    131
f    129    131    130
f     77    131    214
f     77    214    132
f     77    132    137
f     77    137     78
f    214    213    215
f    214    215    216
f    214    216    217
f    214    217    133
f    214    133    132
f    216    218    219
f    216    219    220
f    216    220    139
f    216    139    138
f    216    138    217
f    217    138    134
f    217    134    133
f    140    221    222
f    140    222    223
f    140    223    224
f    140    224    141
f    142    141    224
f    142    224    225
f    142    225    226
f    142    226    143
f    143    226    227
f    143    227    228
f    143    228    146
f    143    146    144
f    146    228    229
f    146    229    230
f    146    230    231
f    146    231    232
f    146    232    233
f    146    233    234
f    146    234    235
f    146    235    147
f    147    235    236
f    147    236    237
f    147    237    238
f    147    238    148
f    150    149    239
f    150    239    152
f    150    152    151
f    152    239    240
f    152    240    241
f    152    241    153
f    153    241    242
f    153    242    243
f    153    243    244
f    153    244    156
f    153    156    154
f    157    156    244
f    157    244    245
f    157    245    159
f    157    159    158
f    245    246    247
f    245    247    248
f    245    248    160
f    245    160    159
f    160    248    249
f    160    249    250
f    160    250    251
f    160    251    252
f    160    252    164
f    160    164    161
f    251    253    254
f    251    254    255
f    251    255    256
f    251    256    252
f    252    256    257
f    252    257    165
f    252    165    164
f    165    257    258
f    165    258    259
f    165    259    260
f    165    260    166
f    166    260    261
f    166    261    262
f    166    262    171
f    166    171    167
f    261    263    264
f    261    264    265
f    261    265    262
f    262    265    266
f    262    266    174
f    262    174    172
f    262    172    171
f    174    266    267
f    174    267    268
f    174    268    269
f    174    269    270
f    174    270    175
f    175    270    271
f    175    271    272
f    175    272    273
f    175    273    176
f    176    273    178
f    176    178    177
f    181    274    275
f    181    275    276
f    181    276    182
f    182    276    185
f    182    185    184
f    182    184    183
f    108    277    186
f    108    186    109
f    111    187    278
f    111    278    189
f    111    189    188
f    111    188    112
f    278    279    280
f    278    280    281
f    278    281    190
f    278    190    189
f    190    281    191
f    191    281    282
f    191    282    283
f    191    283    193
f    191    193    192
f    193    283    284
f    193    284    285
f    193    285    195
f    193    195    194
f    195    285    286
f    195    286    287
f    195    287    288
f    195    288    196
f    195    196    119
f    195    119    118
f    197    196    288
f    197    288    289
f    124    198    197
f    124    197    289
f    124    289    290
f    124    290    200
f    124    200    199
f    124    199    125
f    204    291    292
f    204    292    293
f    204    293    205
f    201    200    290
f    201    290    291
f    201    291    204
f    205    293    294
f    205    294    295
f    205    295    296
f    205    296    206
f    207    206    296
f    207    296    297
f    207    297    209
f    207    209    208
f    209    297    298
f    209    298    299
f    209    299    300
f    209    300    301
f    209    301    210
f    210    301    302
f    210    302    303
f    210    303    304
f    210    304    211
f    211    304    305
f    211    305    306
f    211    306    307
f    211    307    308
f    211    308    212
f    212    308    309
f    212    309    215
f    212    215    213
f    215    309    310
f    215    310    311
f    215    311    218
f    215    218    216
f    219    312    313
f    219    313    314
f    219    314    220
f    139    220    314
f    139    314    221
f    139    221    140
f    222    315    316
f    222    316    317
f    222    317    223
f    224    223    317
f    224    317    318
f    224    318    319
f    224    319    225
f    225    319    320
f    225    320    321
f    225    321    322
f    225    322    227
f    225    227    226
f    227    322    323
f    227    323    324
f    227    324    229
f    227    229    228
f    229    324    325
f    229    325    326
f    229    326    327
f    229    327    230
f    234    328    329
f    234    329    236
f    234    236    235
f    236    329    330
f    236    330    331
f    236    331    237
f    148    238    332
f    148    332    240
f    148    240    239
f    148    239    149
f    240    332    333
f    240    333    334
f    240    334    242
f    240    242    241
f    242    334    335
f    242    335    336
f    242    336    337
f    242    337    338
f    242    338    243
f    243    338    339
f    243    339    340
f    243    340    246
f    243    246    245
f    243    245    244
f    340    341    342
f    340    342    247
f    340    247    246
f    247    342    343
f    247    343    344
f    247    344    345
f    247    345    249
f    247    249    248
f    249    345    346
f    249    346    347
f    249    347    348
f    249    348    250
f    250    348    349
f    250    349    253
f    250    253    251
f    349    350    351
f    349    351    254
f    349    254    253
f    255    352    258
f    255    258    257
f    255    257    256
f    258    352    353
f    258    353    354
f    258    354    355
f    258    355    259
f    259    355    356
f    259    356    263
f    259    263    261
f    259    261    260
f    356    357    358
f    356    358    359
f    356    359    264
f    356    264    263
f    264    359    360
f    264    360    267
f    264    267    266
f    264    266    265
f    267    360    361
f    267    361    362
f    267    362    363
f    267    363    364
f    267    364    268
f    268    364    365
f    268    365    366
f    268    366    269
f    269    366    367
f    269    367    271
f    269    271    270
f    178    273    272
f    178    272    368
f    178    368    369
f    178    369    179
f    179    369    370
f    179    370    274
f    179    274    181
f    179    181    180
f    107    185    276
f    107    276    275
f    107    275    371
f    107    371    277
f    107    277    108
f    371    372    279
f    371    279    278
f    371    278    187
f    371    187    186
f    371    186    277
f    373    374    375
f    373    375    280
f    373    280    279
f    373    279    372
f    280    375    376
f    280    376    282
f    280    282    281
f    377    376    375
f    377    375    374
f    282    376    377
f    282    377    378
f    282    378    379
f    282    379    284
f    282    284    283
f    380    381    382
f    380    382    379
f    380    379    378
f    284    379    382
f    284    382    383
f    284    383    384
f    284    384    385
f    284    385    286
f    284    286    285
f    286    385    386
f    286    386    387
f    286    387    388
f    286    388    287
f    388    387    389
f    388    389    390
f    388    390    391
f    388    391    392
f    289    288    287
f    289    287    388
f    289    388    392
f    289    392    393
f    289    393    292
f    289    292    291
f    289    291    290
f    392    391    394
f    392    394    395
f    392    395    396
f    392    396    397
f    392    397    393
f    292    393    397
f    292    397    294
f    292    294    293
f    294    397    396
f    294    396    398
f    294    398    399
f    294    399    400
f    294    400    295
f    296    295    400
f    296    400    401
f    296    401    402
f    296    402    298
f    296    298    297
f    298    402    403
f    298    403    404
f    298    404    299
f    299    404    405
f    299    405    406
f    299    406    407
f    299    407    300
f    300    407    408
f    300    408    409
f    300    409    302
f    300    302    301
f    302    409    410
f    302    410    411
f    302    411    412
f    302    412    303
f    303    412    413
f    303    413    305
f    303    305    304
f    307    414    310
f    307    310    309
f    307    309    308
f    310    414    415
f    310    415    416
f    310    416    311
f    417    418    419
f    417    419    420
f    417    420    313
f    417    313    312
f    314    313    420
f    314    420    315
f    314    315    222
f    314    222    221
f    317    316    421
f    317    421    422
f    317    422    423
f    317    423    318
f    318    423    424
f    318    424    425
f    318    425    320
f    318    320    319
f    320    425    426
f    320    426    427
f    320    427    428
f    320    428    321
f    321    428    429
f    321    429    430
f    321    430    323
f    321    323    322
f    323    430    431
f    323    431    325
f    323    325    324
f    230    327    432
f    230    432    231
f    232    433    233
f    434    435    330
f    434    330    329
f    434    329    328
f    330    435    436
f    330    436    437
f    330    437    331
f    237    331    437
f    237    437    438
f    237    438    439
f    237    439    333
f    237    333    332
f    237    332    238
f    333    439    440
f    333    440    335
f    333    335    334
f    336    441    442
f    336    442    443
f    336    443    444
f    336    444    445
f    336    445    446
f    336    446    447
f    336    447    337
f    337    447    448
f    337    448    449
f    337    449    450
f    337    450    451
f    337    451    339
f    337    339    338
f    339    451    452
f    339    452    453
f    339    453    454
f    339    454    341
f    339    341    340
f    454    455    456
f    454    456    457
f    454    457    343
f    454    343    342
f    454    342    341
f    343    457    458
f    343    458    459
f    343    459    460
f    343    460    344
f    344    460    461
f    344    461    346
f    344    346    345
f    346    461    462
f    346    462    463
f    346    463    464
f    346    464    347
f    347    464    465
f    347    465    350
f    347    350    349
f    347    349    348
f    465    466    467
f    465    467    468
f    465    468    351
f    465    351    350
f    254    351    468
f    254    468    469
f    254    469    353
f    254    353    352
f    254    352    255
f    469    470    471
f    469    471    472
f    469    472    354
f    469    354    353
f    354    472    473
f    354    473    357
f    354    357    356
f    354    356    355
f    473    474    475
f    473    475    358
f    473    358    357
f    358    475    476
f    358    476    477
f    358    477    361
f    358    361    360
f    358    360    359
f    361    477    478
f    361    478    362
f    362    478    479
f    362    479    480
f    362    480    481
f    362    481    363
f    363    481    365
f    363    365    364
f    365    481    480
f    365    480    482
f    365    482    483
f    365    483    367
f    365    367    366
f    271    367    483
f    271    483    484
f    271    484    368
f    271    368    272
f    368    484    485
f    368    485    486
f    368    486    487
f    368    487    370
f    368    370    369
f    275    274    370
f    275    370    487
f    275    487    488
f    275    488    489
f    275    489    490
f    275    490    373
f    275    373    372
f    275    372    371
f    489    491    492
f    489    492    493
f    489    493    494
f    489    494    495
f    489    495    490
f    490    495    380
f    490    380    378
f    490    378    377
f    490    377    374
f    490    374    373
f    493    496    497
f    493    497    498
f    493    498    499
f    493    499    494
f    494    499    381
f    494    381    380
f    494    380    495
f    497    500    501
f    497    501    498
f    382    381    499
f    382    499    498
f    382    498    501
f    382    501    383
f    383    501    500
f    383    500    502
f    383    502    503
f    383    503    384
f    384    503    504
f    384    504    505
f    384    505    386
f    384    386    385
f    386    505    506
f    386    506    507
f    386    507    389
f    386    389    387
f    389    507    508
f    389    508    509
f    389    509    510
f    389    510    390
f    390    510    511
f    390    511    512
f    390    512    394
f    390    394    391
f    394    512    513
f    394    513    514
f    394    514    395
f    396    395    514
f    396    514    515
f    396    515    398
f    398    515    516
f    398    516    517
f    398    517    399
f    400    399    517
f    400    517    518
f    400    518    519
f    400    519    401
f    401    519    520
f    401    520    521
f    401    521    403
f    401    403    402
f    403    521    522
f    403    522    523
f    403    523    405
f    403    405    404
f    405    523    524
f    405    524    525
f    405    525    526
f    405    526    406
f    406    526    527
f    406    527    528
f    406    528    408
f    406    408    407
f    408    528    529
f    408    529    530
f    408    530    410
f    408    410    409
f    410    530    531
f    410    531    532
f    410    532    411
f    411    532    533
f    411    533    534
f    411    534    413
f    411    413    412
f    306    535    536
f    306    536    415
f    306    415    414
f    306    414    307
f    536    537    418
f    536    418    417
f    536    417    416
f    536    416    415
f    538    539    419
f    538    419    418
f    538    418    537
f    420    419    539
f    420    539    540
f    420    540    421
f    420    421    316
f    420    316    315
f    422    541    542
f    422    542    424
f    422    424    423
f    424    542    543
f    424    543    426
f    424    426    425
f    426    543    544
f    426    544    545
f    426    545    546
f    426    546    427
f    427    546    547
f    427    547    548
f    427    548    549
f    427    549    429
f    427    429    428
f    429    549    550
f    429    550    551
f    429    551    431
f    429    431    430
f    325    431    551
f    325    551    552
f    325    552    553
f    325    553    326
f    326    553    554
f    326    554    555
f    326    555    432
f    326    432    327
f    231    432    555
f    231    555    556
f    231    556    433
f    231    433    232
f    233    433    556
f    233    556    557
f    233    557    558
f    233    558    434
f    233    434    328
f    233    328    234
f    558    559    560
f    558    560    436
f    558    436    435
f    558    435    434
f    437    436    560
f    437    560    561
f    437    561    562
f    437    562    438
f    438    562    563
f    438    563    564
f    438    564    565
f    438    565    440
f    438    440    439
f    335    440    565
f    335    565    566
f    335    566    441
f    335    441    336
f    445    567    568
f    445    568    446
f    446    568    448
f    446    448    447
f    452    569    570
f    452    570    571
f    452    571    453
f    453    571    572
f    453    572    455
f    453    455    454
f    456    573    574
f    456    574    575
f    456    575    458
f    456    458    457
f    458    575    576
f    458    576    577
f    458    577    578
f    458    578    459
f    459    578    579
f    459    579    462
f    459    462    461
f    459    461    460
f    462    579    580
f    462    580    581
f    462    581    582
f    462    582    463
f    463    582    583
f    463    583    466
f    463    466    465
f    463    465    464
f    583    584    585
f    583    585    467
f    583    467    466
f    468    467    585
f    468    585    586
f    468    586    587
f    468    587    470
f    468    470    469
f    587    588    589
f    587    589    471
f    587    471    470
f    471    589    590
f    471    590    474
f    471    474    473
f    471    473    472
f    590    591    592
f    590    592    476
f    590    476    475
f    590    475    474
f    476    592    593
f    476    593    479
f    476    479    478
f    476    478    477
f    479    593    594
f    479    594    595
f    479    595    482
f    479    482    480
f    595    594    596
f    595    596    597
f    483    482    595
f    483    595    597
f    483    597    598
f    483    598    485
f    483    485    484
f    485    598    599
f    485    599    600
f    485    600    601
f    485    601    486
f    487    486    601
f    487    601    602
f    487    602    603
f    487    603    488
f    488    603    604
f    488    604    605
f    488    605    606
f    488    606    607
f    488    607    608
f    488    608    491
f    488    491    489
f    608    609    610
f    608    610    492
f    608    492    491
f    611    612    613
f    611    613    614
f    611    614    615
f    611    615    616
f    611    616    610
f    611    610    609
f    492    610    616
f    492    616    617
f    492    617    496
f    492    496    493
f    616    615    618
f    616    618    619
f    616    619    617
f    617    619    620
f    617    620    502
f    617    502    500
f    617    500    497
f    617    497    496
f    618    621    622
f    618    622    620
f    618    620    619
f    502    620    622
f    502    622    623
f    502    623    504
f    502    504    503
f    504    623    624
f    504    624    625
f    504    625    506
f    504    506    505
f    506    625    626
f    506    626    627
f    506    627    508
f    506    508    507
f    508    627    628
f    508    628    509
f    509    628    629
f    509    629    630
f    509    630    631
f    509    631    511
f    509    511    510
f    511    631    632
f    511    632    513
f    511    513    512
f    514    513    632
f    514    632    633
f    514    633    634
f    514    634    516
f    514    516    515
f    517    516    634
f    517    634    635
f    517    635    636
f    517    636    518
f    518    636    637
f    518    637    638
f    518    638    520
f    518    520    519
f    520    638    639
f    520    639    522
f    520    522    521
f    522    639    640
f    522    640    641
f    522    641    524
f    522    524    523
f    524    641    642
f    524    642    643
f    524    643    644
f    524    644    525
f    525    644    645
f    525    645    646
f    525    646    527
f    525    527    526
f    527    646    647
f    527    647    529
f    527    529    528
f    529    647    648
f    529    648    649
f    529    649    531
f    529    531    530
f    531    649    533
f    531    533    532
f    305    413    534
f    305    534    650
f    305    650    651
f    305    651    535
f    305    535    306
f    651    652    538
f    651    538    537
f    651    537    536
f    651    536    535
f    653    654    540
f    653    540    539
f    653    539    538
f    653    538    652
f    421    540    654
f    421    654    655
f    421    655    656
f    421    656    541
f    421    541    422
f    656    657    544
f    656    544    543
f    656    543    542
f    656    542    541
f    544    657    658
f    544    658    659
f    544    659    545
f    545    659    660
f    545    660    547
f    545    547    546
f    547    660    661
f    547    661    662
f    547    662    663
f    547    663    548
f    548    663    664
f    548    664    665
f    548    665    550
f    548    550    549
f    551    550    665
f    551    665    666
f    551    666    667
f    551    667    668
f    551    668    552
f    552    668    669
f    552    669    670
f    552    670    554
f    552    554    553
f    555    554    670
f    555    670    671
f    555    671    557
f    555    557    556
f    557    671    672
f    557    672    673
f    557    673    559
f    557    559    558
f    673    674    675
f    673    675    561
f    673    561    560
f    673    560    559
f    561    675    563
f    561    563    562
f    565    564    676
f    565    676    677
f    565    677    566
f    566    677    678
f    566    678    442
f    566    442    441
f    570    679    680
f    570    680    572
f    570    572    571
f    572    680    681
f    572    681    573
f    572    573    456
f    572    456    455
f    574    682    683
f    574    683    576
f    574    576    575
f    576    683    684
f    576    684    685
f    576    685    686
f    576    686    577
f    577    686    687
f    577    687    580
f    577    580    579
f    577    579    578
f    580    687    688
f    580    688    689
f    580    689    581
f    581    689    690
f    581    690    584
f    581    584    583
f    581    583    582
f    585    584    690
f    585    690    691
f    585    691    692
f    585    692    586
f    586    692    693
f    586    693    588
f    586    588    587
f    693    694    695
f    693    695    591
f    693    591    590
f    693    590    589
f    693    589    588
f    695    696    596
f    695    596    594
f    695    594    593
f    695    593    592
f    695    592    591
f    597    596    696
f    597    696    697
f    597    697    599
f    597    599    598
f    599    697    698
f    599    698    699
f    599    699    600
f    601    600    699
f    601    699    700
f    601    700    701
f    601    701    602
f    602    701    702
f    602    702    703
f    602    703    704
f    602    704    705
f    602    705    604
f    602    604    603
f    604    705    706
f    604    706    707
f    604    707    708
f    604    708    605
f    605    708    709
f    605    709    710
f    605    710    711
f    605    711    606
f    607    712    611
f    607    611    609
f    607    609    608
f    713    612    611
f    713    611    712
f    714    715    613
f    714    613    612
f    714    612    713
f    716    717    614
f    716    614    613
f    716    613    715
f    614    717    718
f    614    718    621
f    614    621    618
f    614    618    615
f    622    621    718
f    622    718    719
f    622    719    624
f    622    624    623
f    624    719    720
f    624    720    721
f    624    721    626
f    624    626    625
f    626    721    722
f    626    722    629
f    626    629    628
f    626    628    627
f    629    722    723
f    629    723    724
f    629    724    630
f    632    631    630
f    632    630    724
f    632    724    725
f    632    725    633
f    634    633    725
f    634    725    726
f    634    726    635
f    635    726    727
f    635    727    728
f    635    728    637
f    635    637    636
f    637    728    729
f    637    729    730
f    637    730    640
f    637    640    639
f    637    639    638
f    640    730    731
f    640    731    642
f    640    642    641
f    642    731    732
f    642    732    733
f    642    733    734
f    642    734    643
f    643    734    735
f    643    735    645
f    643    645    644
f    736    735    734
f    736    734    733
f    736    733    737
f    736    737    738
f    648    647    646
f    648    646    645
f    648    645    735
f    648    735    736
f    534    533    649
f    534    649    648
f    534    648    736
f    534    736    738
f    534    738    739
f    534    739    740
f    534    740    741
f    534    741    650
f    650    741    742
f    650    742    743
f    650    743    744
f    650    744    745
f    650    745    653
f    650    653    652
f    650    652    651
f    745    746    655
f    745    655    654
f    745    654    653
f    655    746    747
f    655    747    748
f    655    748    658
f    655    658    657
f    655    657    656
f    748    749    661
f    748    661    660
f    748    660    659
f    748    659    658
f    661    749    750
f    661    750    751
f    661    751    662
f    662    751    752
f    662    752    753
f    662    753    664
f    662    664    663
f    665    664    753
f    665    753    754
f    665    754    755
f    665    755    756
f    665    756    666
f    666    756    757
f    666    757    758
f    666    758    667
f    667    758    759
f    667    759    760
f    667    760    761
f    667    761    669
f    667    669    668
f    670    669    761
f    670    761    762
f    670    762    763
f    670    763    672
f    670    672    671
f    672    763    764
f    672    764    674
f    672    674    673
f    563    675    674
f    563    674    764
f    563    764    765
f    563    765    766
f    563    766    767
f    563    767    676
f    563    676    564
f    676    767    768
f    676    768    769
f    676    769    678
f    676    678    677
f    442    678    769
f    442    769    443
f    448    568    567
f    448    567    770
f    448    770    449
f    450    771    569
f    450    569    452
f    450    452    451
f    772    773    681
f    772    681    680
f    772    680    679
f    681    773    774
f    681    774    682
f    681    682    574
f    681    574    573
f    775    684    683
f    775    683    682
f    775    682    774
f    776    777    778
f    776    778    685
f    776    685    684
f    776    684    775
f    685    778    779
f    685    779    688
f    685    688    687
f    685    687    686
f    780    781    782
f    780    782    779
f    780    779    778
f    780    778    777
f    688    779    782
f    688    782    691
f    688    691    690
f    688    690    689
f    691    782    781
f    691    781    783
f    691    783    784
f    691    784    785
f    691    785    694
f    691    694    693
f    691    693    692
f    785    786    698
f    785    698    697
f    785    697    696
f    785    696    695
f    785    695    694
f    699    698    786
f    699    786    787
f    699    787    700
f    700    787    788
f    700    788    702
f    700    702    701
f    704    789    706
f    704    706    705
f    706    789    790
f    706    790    791
f    706    791    707
f    707    791    792
f    707    792    793
f    707    793    794
f    707    794    709
f    707    709    708
f    709    794    795
f    709    795    796
f    709    796    797
f    709    797    710
f    710    797    798
f    710    798    711
f    798    797    796
f    798    796    799
f    798    799    800
f    606    711    798
f    606    798    800
f    606    800    714
f    606    714    713
f    606    713    712
f    606    712    607
f    800    799    801
f    800    801    802
f    800    802    803
f    800    803    804
f    800    804    716
f    800    716    715
f    800    715    714
f    804    805    806
f    804    806    720
f    804    720    719
f    804    719    718
f    804    718    717
f    804    717    716
f    723    722    721
f    723    721    720
f    723    720    806
f    723    806    807
f    807    806    805
f    807    805    808
f    807    808    809
f    807    809    810
f    725    724    723
f    725    723    807
f    725    807    810
f    725    810    727
f    725    727    726
f    727    810    809
f    727    809    811
f    727    811    812
f    727    812    813
f    727    813    729
f    727    729    728
f    729    813    814
f    729    814    732
f    729    732    731
f    729    731    730
f    814    813    812
f    814    812    815
f    814    815    816
f    733    732    814
f    733    814    816
f    733    816    817
f    733    817    737
f    817    816    815
f    817    815    818
f    817    818    819
f    817    819    820
f    738    737    817
f    738    817    820
f    738    820    739
f    739    820    819
f    739    819    821
f    739    821    822
f    739    822    823
f    739    823    740
f    740    823    824
f    740    824    742
f    740    742    741
f    744    825    747
f    744    747    746
f    744    746    745
f    826    827    750
f    826    750    749
f    826    749    748
f    826    748    747
f    826    747    825
f    828    752    751
f    828    751    750
f    828    750    827
f    828    827    829
f    753    752    828
f    753    828    830
f    753    830    754
f    755    831    832
f    755    832    833
f    755    833    757
f    755    757    756
f    757    833    834
f    757    834    835
f    757    835    836
f    757    836    759
f    757    759    758
f    759    836    837
f    759    837    838
f    759    838    760
f    761    760    838
f    761    838    839
f    761    839    840
f    761    840    841
f    761    841    762
f    762    841    765
f    762    765    764
f    762    764    763
f    768    767    766
f    768    766    842
f    768    842    843
f    443    769    768
f    443    768    843
f    443    843    444
f    449    770    844
f    449    844    845
f    449    845    771
f    449    771    450
f    845    846    847
f    845    847    848
f    845    848    772
f    845    772    679
f    845    679    570
f    845    570    569
f    845    569    771
f    848    849    776
f    848    776    775
f    848    775    774
f    848    774    773
f    848    773    772
f    847    850    851
f    847    851    852
f    847    852    849
f    847    849    848
f    852    853    780
f    852    780    777
f    852    777    776
f    852    776    849
f    851    854    855
f    851    855    856
f    851    856    853
f    851    853    852
f    856    783    781
f    856    781    780
f    856    780    853
f    855    857    858
f    855    858    859
f    855    859    860
f    855    860    784
f    855    784    783
f    855    783    856
f    784    860    861
f    784    861    788
f    784    788    787
f    784    787    786
f    784    786    785
f    702    788    861
f    702    861    862
f    702    862    703
f    703    862    863
f    703    863    864
f    703    864    790
f    703    790    789
f    703    789    704
f    864    865    866
f    864    866    792
f    864    792    791
f    864    791    790
f    792    866    867
f    792    867    793
f    793    867    868
f    793    868    869
f    793    869    795
f    793    795    794
f    868    870    871
f    868    871    872
f    868    872    869
f    795    869    872
f    795    872    873
f    795    873    801
f    795    801    799
f    795    799    796
f    801    873    874
f    801    874    875
f    801    875    876
f    801    876    877
f    801    877    878
f    801    878    802
f    802    878    879
f    802    879    880
f    802    880    881
f    802    881    882
f    802    882    883
f    802    883    884
f    802    884    885
f    802    885    803
f    803    885    886
f    803    886    808
f    803    808    805
f    803    805    804
f    887    888    889
f    887    889    886
f    887    886    885
f    887    885    884
f    887    884    890
f    887    890    891
f    809    808    886
f    809    886    889
f    809    889    892
f    809    892    893
f    809    893    811
f    893    892    894
f    893    894    895
f    893    895    896
f    893    896    897
f    815    812    811
f    815    811    893
f    815    893    897
f    815    897    898
f    815    898    899
f    815    899    818
f    899    898    900
f    899    900    901
f    899    901    902
f    899    902    903
f    819    818    899
f    819    899    903
f    819    903    821
f    821    903    902
f    821    902    904
f    821    904    822
f    822    904    905
f    822    905    824
f    822    824    823
f    743    906    826
f    743    826    825
f    743    825    744
f    907    829    827
f    907    827    826
f    907    826    906
f    754    830    831
f    754    831    755
f    908    834    833
f    908    833    832
f    835    909    837
f    835    837    836
f    838    837    909
f    838    909    910
f    838    910    911
f    838    911    912
f    838    912    839
f    840    839    912
f    840    912    913
f    842    766    765
f    842    765    841
f    842    841    840
f    842    840    913
f    842    913    914
f    842    914    915
f    842    915    916
f    842    916    917
f    444    843    842
f    444    842    917
f    444    917    844
f    444    844    770
f    444    770    567
f    444    567    445
f    918    919    920
f    918    920    921
f    918    921    850
f    918    850    847
f    918    847    846
f    920    922    923
f    920    923    924
f    920    924    925
f    920    925    926
f    920    926    927
f    920    927    928
f    920    928    921
f    921    928    854
f    921    854    851
f    921    851    850
f    926    929    858
f    926    858    857
f    926    857    927
f    927    857    855
f    927    855    854
f    927    854    928
f    925    930    931
f    925    931    932
f    925    932    929
f    925    929    926
f    932    933    859
f    932    859    858
f    932    858    929
f    861    860    859
f    861    859    933
f    861    933    934
f    861    934    863
f    861    863    862
f    863    934    935
f    863    935    936
f    863    936    937
f    863    937    938
f    863    938    865
f    863    865    864
f    938    870    868
f    938    868    867
f    938    867    866
f    938    866    865
f    937    875    874
f    937    874    871
f    937    871    870
f    937    870    938
f    872    871    874
f    872    874    873
f    876    939    940
f    876    940    941
f    876    941    877
f    877    941    942
f    877    942    879
f    877    879    878
f    943    890    884
f    943    884    883
f    943    883    944
f    943    944    945
f    891    890    943
f    891    943    946
f    889    888    947
f    889    947    894
f    889    894    892
f    895    894    947
f    895    947    948
f    897    896    949
f    897    949    900
f    897    900    898
f    901    900    949
f    901    949    950
f    901    950    951
f    905    904    902
f    905    902    901
f    905    901    951
f    905    951    952
f    742    824    905
f    742    905    952
f    742    952    953
f    742    953    907
f    742    907    906
f    742    906    743
f    953    954    955
f    953    955    908
f    953    908    832
f    953    832    831
f    953    831    830
f    953    830    828
f    953    828    829
f    953    829    907
f    955    910    909
f    955    909    835
f    955    835    834
f    955    834    908
f    911    910    955
f    911    955    954
f    911    954    956
f    911    956    957
f    913    912    911
f    913    911    957
f    913    957    914
f    915    958    959
f    915    959    919
f    915    919    918
f    915    918    916
f    917    916    918
f    917    918    846
f    917    846    845
f    917    845    844
f    923    960    961
f    923    961    962
f    923    962    924
f    961    963    964
f    961    964    965
f    961    965    966
f    961    966    967
f    961    967    962
f    924    962    967
f    924    967    930
f    924    930    925
f    968    969    970
f    968    970    966
f    968    966    965
f    968    965    971
f    967    966    970
f    967    970    972
f    967    972    931
f    967    931    930
f    931    972    973
f    931    973    974
f    931    974    975
f    931    975    976
f    931    976    977
f    931    977    935
f    931    935    934
f    931    934    933
f    931    933    932
f    935    977    978
f    935    978    979
f    935    979    980
f    935    980    981
f    935    981    936
f    936    981    939
f    936    939    876
f    936    876    875
f    936    875    937
f    980    982    940
f    980    940    939
f    980    939    981
f    942    941    940
f    942    940    982
f    942    982    983
f    942    983    984
f    882    944    883
f    945    944    882
f    945    882    881
f    948    947    888
f    948    888    887
f    948    887    985
f    986    985    887
f    986    887    891
f    986    891    946
f    986    946    987
f    986    987    988
f    950    949    896
f    950    896    895
f    950    895    948
f    950    948    985
f    950    985    986
f    952    951    950
f    952    950    986
f    952    986    988
f    952    988    989
f    952    989    956
f    952    956    954
f    952    954    953
f    989    988    987
f    989    987    990
f    989    990    991
f    989    991    992
f    989    992    959
f    989    959    958
f    914    957    956
f    914    956    989
f    914    989    958
f    914    958    915
f    991    993    960
f    991    960    923
f    991    923    922
f    991    922    992
f    959    992    922
f    959    922    920
f    959    920    919
f    971    965    964
f    994    969    968
f    995    973    972
f    995    972    970
f    995    970    969
f    995    969    994
f    996    997    978
f    996    978    977
f    996    977    976
f    996    976    998
f    999   1000    979
f    999    979    978
f    999    978    997
f    999    997   1001
f    983    982    980
f    983    980    979
f    983    979   1000
f    983   1000   1002
f    880    879    942
f    880    942    984
f    880    984   1003
f   1003    984    983
f   1003    983   1002
f   1003   1002   1004
f   1003   1004   1005
f    987    946    943
f    987    943    945
f    987    945    881
f    987    881    880
f    987    880   1003
f    987   1003   1005
f    987   1005    990
f    990   1005   1004
f    990   1004    999
f    990    999   1001
f    990   1001    996
f    990    996    998
f    990    998   1006
f    990   1006   1007
f    990   1007    993
f    990    993    991
f   1006    975    974
f   1006    974    995
f   1006    995    994
f   1006    994    968
f   1006    968    971
f   1006    971    964
f   1006    964    963
f   1006    963   1007
f   1007    963    961
f   1007    961    960
f   1007    960    993
f    974    973    995
f   1001    997    996
f   1004   1002   1000
f   1004   1000    999
f    998    976    975
f    998    975   1006
f    311    416    417
f    311    417    312
f    311    312    219
f    311    219    218
